2.55352361
1.32914154
1.33355457
-0.31432543
0.74509989
0.48297918
0.85337284
1.12538027
0.93225070
2.39100085
0.32279141
-0.49359162
2.38277982
1.01739701
2.69807339
1.96371842
1.79770098
3.18665218
-0.97074256
1.82171109
1.45616677
2.37711318
0.68069661
1.19769004
1.49378549
-1.02608215
-0.47451046
-0.42238761
0.06384110
-0.32341580
-1.82031607
1.51347034
-0.00701832
0.89424232
1.22720474
2.12447999
0.75406452
2.67087116
0.13300107
1.12658606
1.06109867
0.76259054
1.05063355
1.75058763
1.96027489
2.40824973
2.84741047
0.41987829
0.54696008
1.48070858
2.04160125
0.35251135
0.49092813
-1.20527469
1.54612880
0.63840546
1.94415197
-0.69764648
0.70109299
0.78663762
0.77400239
0.37090464
5.05760679
0.65876614
1.22519493
-0.54922381
0.80382042
1.72749496
1.94045899
-0.23564584
3.43376010
1.58951523
-0.48491286
0.88752754
-0.95365347
0.61646234
2.15009510
0.33736645
-0.12033785
-0.94736609
0.78567928
1.27310573
2.43145803
1.32451868
1.48448506
1.10500393
2.42702120
0.70951564
0.73477031
-0.29752044
2.01906107
1.75671262
0.34228401
-0.85544728
1.07419208
0.78805279
0.43043075
0.04459105
-1.45311607
1.34045364
