0.99371169
0.43623747
-0.35952875
0.13910228
1.26307100
3.40137281
0.00314216
2.39021394
1.55538518
0.69119618
1.50485375
1.95920669
1.71878042
-0.35755534
2.12192836
2.17095685
0.03384401
0.76478452
0.05591507
0.35248028
0.17059369
1.64627888
0.02375252
1.36882665
0.76364286
1.27237565
1.31875522
1.27422807
1.29052467
0.95947392
0.87110029
1.31954453
2.36626449
0.48184868
1.24653992
0.76655262
0.97949782
0.90670779
0.39887203
2.30378388
0.45434633
0.79386631
1.80935962
0.78621331
1.78419590
0.72962345
1.81543169
1.79300200
1.66488105
0.76954432
1.95963192
-1.16785217
0.95325522
1.23339304
-0.27689341
2.69281011
0.67726998
1.99269632
0.50669920
0.91282045
3.23866018
1.95474609
1.68721229
-0.25573228
-1.27819679
0.62697903
0.06704484
-0.10863438
1.97866184
-0.28114017
0.65421848
0.79023014
1.03826044
0.44074179
2.10680243
1.27968380
3.53463901
1.36314686
1.51854845
1.34634950
-0.54965483
1.20398143
2.54068683
0.63994776
1.19033982
0.94019785
0.28205330
-0.36398043
0.19248232
-0.64120417
2.34362936
-1.15864870
1.50110227
0.46210811
1.50935562
1.18600096
0.33306271
0.93087707
1.84042369
2.40237616
