1.07050630
2.04829975
2.41208741
-0.39962428
0.11170921
0.97305769
0.69899423
0.31944698
0.44431851
1.26677112
2.61416241
1.55279037
1.69373242
2.54616194
0.79211443
0.93918597
0.89958431
0.16136996
1.33939309
1.47872169
2.32462376
-0.31435922
0.96433558
1.10246756
0.88956045
1.54155034
0.68857034
-0.45020502
-0.73379392
-0.12539240
0.73420557
1.48766335
0.77343279
1.67446197
0.86299433
1.30622719
0.43992914
0.53291029
0.33206588
2.26447155
-1.28916317
-0.49898485
0.74928478
1.65012707
1.19606143
-0.80078524
1.61749019
0.05238238
1.19698694
2.10698086
1.69750142
1.18736228
1.57993845
-0.33297318
0.40810789
1.79511626
-0.96047424
2.05628284
1.09277103
1.04197687
2.22281616
3.60842139
2.38132796
-1.55914341
1.41908374
1.72059393
0.60287618
2.15852090
1.29733238
1.64288905
2.52555878
-1.22876769
1.91195107
2.29514349
1.76203801
-0.68363117
0.50133992
1.49877173
0.77828205
-0.79801420
0.67395092
0.31621290
1.21813893
1.80673325
0.53974945
-0.18266717
0.49917224
1.82957578
2.24425996
0.64291777
2.84236267
0.85541922
0.55466938
1.96689675
1.08973313
0.81298941
1.56199693
0.94631827
1.68325321
0.78811166
