2.29168602
0.60733236
-0.06992919
1.23008002
1.46272672
0.35514683
-1.02537577
0.95705856
1.46384178
-0.39903106
1.95959986
0.14025297
0.06717100
1.38405637
0.20026571
1.26232941
2.93333666
1.77550496
0.58292075
1.63362932
1.61502205
2.32340186
1.60760085
1.92134724
1.63838747
-1.17693530
1.31076660
1.11548310
1.58364503
1.23057973
0.03103440
-0.31871948
0.01590801
-0.14315517
1.04631422
0.92774995
2.77775219
0.54682639
0.06040216
1.41690631
0.02437663
1.04599457
2.02154758
-0.34466984
0.69791954
1.23322281
0.40424058
2.55982050
2.05740682
1.06560041
-0.13867850
0.42113633
1.21077054
1.19724150
2.45415855
1.45307254
1.90282449
1.06298635
-0.55815664
0.17157164
1.66646526
0.87160935
1.03496823
-0.31479153
1.24641721
-0.03774851
0.01709350
-0.77570319
2.67460521
1.63787818
-0.42675920
0.66804918
0.70281622
0.32446538
-1.21009315
1.50762680
0.20818966
1.55562716
-0.12503846
1.96598955
2.12741930
1.31350324
0.80624170
1.14809313
0.59042562
1.45682254
-0.46792527
1.96829862
1.53226456
2.75437324
-0.53718275
0.29367083
-0.05726444
1.35584523
-0.12338885
2.07738572
1.54086999
1.99195927
2.80784923
2.03714453
