2.09162869
1.33204917
0.29486158
0.55253792
0.25935232
1.11867991
0.47453826
0.08916748
1.28839437
4.06744864
0.71387063
2.40110930
0.53611321
0.73948405
0.81642755
-0.31345256
0.62420445
-1.04279512
-0.31017453
1.30117872
0.50298182
0.04809697
-0.60029869
1.36344297
0.41073664
0.81502716
1.84652937
0.21143056
-1.54255310
2.09455731
0.21912178
-0.65141471
-0.82080621
0.95058177
2.03829699
0.26787526
1.98561379
-0.55340590
1.12320875
2.87768985
0.27589831
-0.09938466
0.24592235
1.99042255
2.19507488
0.25558666
0.98011711
0.95024733
2.36144652
-0.71069401
0.89381870
1.27339292
0.97502293
0.51696715
1.19032179
0.05282748
0.88822799
2.40945920
-0.11482108
0.72230084
0.56680991
1.35804198
0.44001872
2.30970331
-0.06129384
0.35285194
1.07684933
1.33514923
1.19781244
1.48484499
0.50316081
0.43571243
0.95755978
-0.21942252
2.40003566
0.97552641
2.34149477
1.56485509
2.33702514
1.74842778
1.37339205
3.10766809
0.46775979
2.29643747
0.24181698
2.44930374
1.35150327
1.73089470
1.72577995
1.09646510
-0.42544307
0.27576772
1.04206029
0.04610732
0.30195342
0.28577705
1.69139344
0.62403117
0.32616430
2.34570348
