1.66173610
2.72208401
1.07434731
1.24204022
1.64648020
0.66997128
1.65558487
-0.08653580
0.82954126
-1.09917234
0.92179836
1.25506958
-0.55038649
0.95559029
1.09249818
1.79754168
0.61166888
0.69533113
2.00369787
1.04030172
0.52066022
-1.18143609
-0.24790278
-0.06260601
2.21975355
2.19625825
2.08812511
0.87265799
2.03626413
-0.88608745
2.20980640
1.29683801
0.47232118
2.54770910
0.99288280
0.93014185
0.09605896
0.82917967
1.99867979
0.87877319
2.12898925
0.79913282
0.87018801
0.43738377
0.45909609
2.29145964
-0.26779213
0.13716626
1.30248411
2.03847870
1.27966054
0.89131755
0.02304811
1.52926419
0.59575224
2.44766937
0.62433204
0.76278904
0.98499210
0.52071979
1.68260147
2.72801763
-0.12610533
-0.70515749
0.91326228
-0.34570678
-0.54213054
-0.69460426
2.54436871
2.70089261
1.80984158
-0.97227724
0.20398056
1.54480001
0.11589130
0.00159275
2.39363858
1.10430142
1.85988178
0.71296509
1.87952899
0.80327094
-0.50511111
0.51630645
0.41886772
1.58629507
-1.60267743
2.51392223
3.05631743
-0.52227319
2.80147212
0.25101363
0.89520747
0.77701379
0.19821542
1.73313693
2.09993893
-1.24343229
1.19855905
1.20822784
