1.70563631
1.57416197
2.35402799
0.61791853
1.69783616
-0.41934278
1.38504885
1.23470740
-0.12926176
1.36378246
-0.21510641
1.54966200
1.58922881
0.16167183
1.33227349
-0.92372502
0.35222069
1.17795985
1.26139793
0.10911535
-0.98458427
0.83395762
2.08902320
1.61466994
0.93282244
2.13068721
0.88959145
2.34368684
1.68332604
1.80051341
-0.74317433
0.88330587
0.80904833
1.06501248
1.32252405
1.23212674
0.55920120
-1.00285632
1.26737911
-0.11656287
-1.97482397
0.54901143
-0.56054366
1.84552268
1.38186553
0.20012996
2.24605199
1.78800260
-0.02150234
0.20395638
2.57469591
0.07201016
0.72830537
0.43757581
0.18028087
-0.04854508
-0.08698267
1.45519481
0.72046812
-0.12924985
2.04956377
-0.03734532
-0.20640657
0.51147295
0.78269034
0.67664605
1.90181067
1.26077236
-0.66162773
1.97325290
-0.27038643
0.83146267
0.07169678
1.04629048
0.89861151
0.52212595
1.19301787
0.08396862
1.77302743
0.77394298
1.75888568
0.30641837
1.94477020
0.19030156
1.41156864
0.63962023
0.79587926
0.11124140
1.94606639
1.30623245
2.47911652
-1.09838880
-0.38714157
0.80632480
2.55943797
1.09802376
0.01291060
0.78626399
0.33959831
1.08262002
