0.25997526
1.14163929
0.92542469
0.98675725
0.90918113
1.92749889
0.26166217
1.65027275
1.19392192
2.31317360
1.35632876
1.65817681
3.11358034
-1.42888186
0.82219730
-0.09794055
-1.76776284
0.96631973
1.76718351
2.51010957
0.89077724
2.00886867
1.48004500
3.29611886
1.50956974
0.05081942
1.62839298
0.87680492
0.67059554
0.84617434
1.32164754
0.54033222
1.96059551
0.28278598
2.18727664
2.12739603
-0.19353452
0.85672896
1.54656705
2.15126886
-1.06771745
0.87542599
0.08231549
2.06146645
0.19956493
1.30636622
0.08362040
1.54338355
-0.44414651
1.50120639
-0.34594268
1.77532992
1.88120510
2.27425450
0.69112278
0.96012191
0.47081452
-0.73703412
3.36208591
0.27898592
1.56829349
0.56554928
2.19874844
1.45743308
2.26785376
1.26400451
0.96957752
1.01737071
0.07928994
0.48515622
2.42632454
0.62594860
1.90351793
1.90589424
-0.07162365
0.97056522
-0.18016772
0.96736369
1.77372429
1.21207510
0.40494049
2.89110736
0.47288690
0.87967216
0.31802537
1.76607080
-1.03832886
1.33124701
-0.04868913
1.67518719
-0.70488636
-0.11820799
1.90494075
-0.18496218
0.71614926
1.80614735
0.15363974
1.14004344
1.30405349
1.46115126
