0.20768991
2.36396780
2.40202337
1.80816131
1.21814237
2.62357054
-0.34529241
0.90411150
-0.45432892
-1.32446488
1.19603397
0.94821230
0.18754728
2.55752538
0.16609260
1.43026335
-0.10929604
1.39434829
0.28430687
1.02110359
2.79364852
-0.43463160
2.15452106
1.61717250
2.51079637
1.15194201
3.66124244
0.61534069
1.08534519
0.58328130
0.23270001
2.57281743
0.48073821
-0.97318044
2.09293821
-0.35346418
2.26393667
0.60924575
2.37651790
2.32561272
0.79818911
1.95650348
2.08229770
1.18622444
-0.23476455
1.92459732
0.38993529
0.27344343
1.20265105
0.92506037
2.28646855
0.58375563
0.99129412
-0.40311468
2.14065044
-2.30448408
-0.18440896
1.90800286
-0.73916525
-0.48395320
0.38806900
1.03870511
-1.19789040
-0.44007688
0.29947047
-0.79687387
0.72779488
0.26935893
4.04961496
2.23583962
1.41289090
3.11835638
0.92574723
-1.75637565
1.23398064
1.36783917
0.08666925
0.61821663
1.15830509
0.20210385
-1.02204089
-0.22515905
2.13832367
2.59185026
0.37603576
0.80068948
0.03606235
1.19048710
1.71061096
0.47989129
-0.11118022
0.74866107
0.91378164
2.67964743
2.00663162
0.11874823
1.00768630
0.47583904
1.36840920
0.40248753
