-0.55675044
1.27428152
2.01336191
0.78178289
2.20353982
1.12692027
1.51223823
1.11299178
0.98967325
1.27799845
1.42941170
0.09715608
2.60597887
2.30396230
1.35125342
2.42480764
0.93928381
0.25059719
1.17233598
-1.03817742
1.14213068
-0.72092531
-1.19934895
-0.30849323
0.76096185
0.53591465
0.67814736
0.87588967
0.93118757
0.84273016
-0.24989710
-0.26124896
-0.58405350
0.54468888
2.80403964
-0.54173589
1.04178063
1.85276324
-0.49519742
0.78977030
0.58273525
0.53126887
2.52725292
2.31793027
1.83392098
0.68724304
0.86284016
1.52233342
-0.00734308
1.32912954
1.70875079
2.10684683
0.88603098
0.75584937
1.28749588
-0.17324475
2.38278605
-0.36068068
-1.32101879
2.85823247
1.48304758
1.53309449
1.30222270
0.33708300
1.26155496
0.83764885
2.48117797
2.33244112
2.26877513
1.25466592
1.50356808
2.12208831
-0.23458901
1.36923188
0.94761393
1.68302029
1.20635023
1.37568667
0.79776536
3.00475654
0.15133151
1.10138418
1.96973159
-0.30433822
0.29457820
0.63164808
-0.20582388
3.31457126
0.94420484
0.72682364
1.65137691
0.85965302
1.19193561
0.36721091
-0.39014530
1.26869504
1.65896887
0.34944368
1.84470999
2.15084174
