1.27984771
1.86796818
1.53286808
2.77237350
2.08604865
-0.00545800
0.78324741
-1.15594762
0.00866173
0.89984251
1.74711319
0.88556568
0.11940968
1.21250491
-0.09053336
2.45704156
0.79642111
1.20494475
0.35327920
0.82751195
-0.46175049
1.18268547
1.11042391
1.05894501
1.00154722
-0.12341329
-0.64808841
0.65724236
1.11045498
1.21996417
1.19858681
0.55651840
1.47287296
1.95073626
0.59443803
-0.05858707
-0.65591436
0.23243779
1.64355495
3.13084799
0.99423235
1.81747799
-0.67652709
1.45171829
1.03176323
1.29119140
0.58482172
0.82878089
0.91235092
3.67013032
3.31050587
1.75537668
3.32861489
1.38510341
2.67624936
2.35585133
2.17006214
3.02017065
1.44018918
2.35408388
-0.71951381
1.81539984
2.49989413
1.28131370
1.85888336
-0.03235350
0.95520694
1.22160914
-0.20896633
1.67307704
1.27521873
0.84111717
3.13462680
-0.13186017
1.41970454
1.15863925
2.73392451
0.57743223
0.43282679
2.56046076
0.34080911
2.20950111
2.12774468
1.83288489
2.43615703
2.75128113
3.05410889
2.16968257
-0.03622643
-0.07482063
2.55482157
0.96007167
1.68999285
-0.42185656
0.36898259
2.04326117
2.04018241
1.13805457
3.07794831
0.98067681
