0.87158909
-0.43002218
0.06407224
1.87843468
1.10897844
2.34222447
1.18803531
0.46138162
1.48674565
-0.66424614
0.05146003
-0.01697545
-0.51376263
0.37324157
0.60669538
0.85733106
1.35284833
1.03303110
0.43505305
1.22035458
0.70839893
1.22796609
-0.23024004
0.44174255
0.89455670
1.37864150
1.60615116
0.87271726
-0.66998386
-0.25333474
0.48357588
1.40710297
2.59699139
1.99574921
0.58066786
0.69283729
1.78600947
1.18545171
-0.22449290
1.26858743
0.39355588
0.55659680
1.28015741
0.61740328
0.83581607
-0.11470893
0.83137767
0.92208855
-0.43588036
1.58092045
0.74733741
1.18478689
-0.39620941
0.38872527
-0.66601663
1.98582345
-1.19602341
1.11157734
1.41816192
0.02081853
-0.43421097
1.09875774
0.99182900
0.67979128
0.73763039
1.04722616
1.48512699
-0.39618363
2.05279328
-0.58052810
-0.63007398
2.77844692
2.85076152
1.27107836
1.61988151
0.52003810
0.26784093
0.66960179
2.81293415
1.37662447
-0.01793140
-0.38229006
0.11952789
0.10485292
1.36014119
0.94174706
2.64854923
2.29419223
0.26599247
0.84553990
1.80952419
1.66431142
1.19528515
-0.09870493
0.12676899
0.60452011
-0.08995824
1.62065112
-0.89113698
1.01818869
