1.55097266
-0.49628664
1.16956911
2.25308796
0.89030891
0.87170573
1.52102313
-0.23261853
-0.13465382
0.29708650
0.15611882
0.40410758
2.97416553
1.36172414
-0.79825639
0.82512649
0.95312621
1.15558969
1.58131704
1.58214721
1.29772302
0.31104211
1.90394762
0.54399536
2.23477324
-0.02496747
2.70522823
0.43098557
2.62855485
-0.49556028
0.14799688
-0.40316662
1.10268236
1.23444587
0.19057849
1.95565259
0.52151437
0.82538927
2.11938831
0.67141953
1.96166668
-0.25600544
0.64158535
2.16755827
1.65293560
2.51634401
-0.01674018
0.76374313
2.54546753
2.19377521
-0.79741139
-0.76380166
1.79006346
0.71267992
1.17385588
1.09306556
0.34655088
-1.59780984
-0.07676630
0.52787950
2.19860810
0.11161326
1.43901699
0.83918675
-0.51779903
-1.21399216
-0.51351504
0.25782743
1.85657306
2.44617390
0.82449760
0.00320602
0.66495922
1.93696725
1.34177220
0.90700725
-0.43172267
2.60350801
0.75836937
0.44709080
1.40291523
-0.10699584
0.72147390
1.42230349
2.14558123
-0.16103923
0.28625513
1.72557120
0.67530656
-0.54910517
1.30060605
0.82884963
-0.15248460
1.04768382
1.46678346
1.32785817
1.03557220
2.11767670
0.41618645
-0.92057878
