0.88337266
2.06574851
0.57190347
1.70960807
1.00351530
0.19858371
1.90396052
0.70029492
0.63916417
1.41818765
1.12642619
0.98611907
1.28403566
1.87774871
0.46696400
0.87637512
0.15026721
0.27690632
-1.06518576
0.25293450
1.96963824
-0.11013670
1.03935248
1.88248525
-0.19806583
2.15780635
1.20522666
-0.20893457
0.28009137
0.69529394
-0.98731372
1.79838044
2.27325710
-0.89889060
1.24615374
-0.15750586
2.67694954
2.65979702
0.53131912
0.85016276
0.19314556
-0.16982650
-0.69432814
1.47611659
1.35972215
1.47532427
1.06999485
1.88696483
1.88492459
2.63622170
-0.16261515
1.36171026
1.10854487
0.83117880
0.51216580
2.53857208
0.73302224
0.60394162
0.46597958
0.01421984
1.76713678
0.78877333
-0.88115285
0.67580088
0.20047089
0.85454430
-0.02065505
0.54918489
1.26078235
1.39288392
1.23675609
0.49815391
1.29505803
-0.11355134
3.47052752
1.09100361
2.25443917
1.99849188
0.98487400
1.26596889
2.72531820
-0.42365325
2.30624967
0.51147716
-0.62838025
1.87289282
-0.10022805
1.67840140
1.24571385
1.55717443
2.00942536
0.53359475
2.86504386
2.34868338
1.49979155
-0.54886468
-0.70584481
1.11541887
0.59252224
-0.58635223
