1.80153022
-0.98542096
1.68954522
0.97401836
1.58053581
1.85753198
0.35648003
1.91950683
1.19669263
2.60412264
0.92446640
1.82030334
1.77493986
0.44724353
1.07851410
1.28535558
0.82428436
0.52960521
0.69515902
0.70328354
-0.18548091
0.48001767
2.00186828
1.66493937
2.21164250
0.15580294
1.47502083
1.76880390
0.71918895
0.35419784
3.31657755
-0.01874719
1.85312427
-0.77114144
0.52146267
0.81519329
-0.54795972
0.67429895
0.91388793
2.02879007
-0.30470595
1.87734295
1.45003308
-0.94353260
2.33606672
1.28375714
1.07740097
-1.22659596
1.77526139
1.44588137
1.40532196
1.53429993
0.80016668
0.22542992
1.81270582
-0.01915792
1.30916210
0.49305783
1.11702911
2.07589021
0.59714050
2.10732805
1.42840676
1.45045754
0.66880586
-0.10486953
0.54600678
1.09710519
1.17717680
2.39094381
1.45897884
1.25788587
0.87600241
-0.06442871
2.42006729
2.55182021
0.90014116
1.50543998
-0.30355609
0.68858305
0.05448900
-0.31280405
3.23379415
1.10347850
-0.54865581
1.24395981
0.75496963
-0.87932776
1.26735695
0.02402187
1.12234132
0.26593230
2.11409399
0.91326900
0.51118188
-0.56019177
1.55290645
-0.18323547
0.97041698
1.98688233
