0.66497995
2.35954383
0.87855474
2.58110833
1.17729350
1.94011165
1.77689956
1.20236976
0.85033011
1.80556438
0.75572712
0.65947932
0.74254720
-0.51441607
2.21361048
1.45012450
1.71058878
0.14596586
0.47994713
0.45130469
0.35258706
0.36969180
1.75456672
2.15826625
-2.39633081
0.24739160
0.99414611
-0.36019097
1.08392400
1.03927377
1.30515118
3.01440574
-0.33002952
0.36143058
1.32346734
1.11303725
1.13712833
-0.01850339
3.58721850
0.91998903
0.64429306
0.37176925
0.26671813
-1.14967937
2.19527917
0.61493867
-0.27329497
1.04365771
1.39513787
3.02853310
3.06641007
1.27437567
2.59846350
-1.64600615
0.06907247
0.18908727
1.35981906
-1.20362023
-0.97944441
1.36224133
1.05247303
1.45776929
2.07347477
1.30384944
1.32469171
-0.11979762
-0.81525734
0.46115034
1.75107585
0.43690701
0.87892953
1.73964058
1.55732247
2.12226386
0.40822619
-0.20337471
1.33021959
-0.09671557
0.94308286
0.61925537
1.97434795
0.89804345
0.47947204
-0.70133340
0.56024803
1.86843900
1.51599549
-0.58610173
0.68717795
0.31106516
1.43444813
1.19211889
-1.23396495
-0.30608819
3.91697769
1.07129299
1.42321654
-0.70852266
1.60250127
1.15506587
