1.21560085
1.17739966
0.16858487
-0.32267997
0.03656805
-0.60660485
0.05875871
0.43378497
-0.14869689
1.15172371
-0.61639386
1.73089644
1.28344993
1.12044306
0.21042107
0.34589617
-1.07986887
-0.69954808
1.47810141
0.91775315
0.23769042
-0.41172558
-0.69395394
0.31223886
0.59866332
-0.09440156
1.85110032
0.52463843
1.08882626
2.30326369
1.54625122
0.67474876
2.22954226
0.13796788
1.80173360
-0.15545153
0.36036034
-1.06367208
0.04458301
2.65117345
4.05769417
1.54130990
1.56986572
1.27739524
0.07221812
1.71667161
0.04294089
2.51112350
2.12940521
1.31564124
0.24379983
-0.55518503
1.39027126
0.52655386
2.05765550
1.59108548
1.98080009
0.55379862
0.84840327
2.13628010
-1.02451397
3.00191818
1.26379447
0.10676245
0.20780451
0.20298625
0.24629914
0.79248909
1.32884411
0.41964285
0.42462998
-1.49660790
0.09651160
0.58082523
1.30946680
0.17383968
0.85134655
2.25401039
1.00182901
1.76316568
0.99225633
1.24592409
1.29380953
2.78373171
1.35383468
-0.00918660
1.80594074
-0.67726914
-0.69742155
1.10933996
1.62220448
1.58553675
0.57176130
2.54834433
1.30238688
1.71227439
0.87608834
0.43112933
0.29005101
1.51067119
