0.14573166
-0.11213360
-0.49251575
2.77586434
1.14888699
1.98704166
-1.10431371
0.41755864
0.51556598
1.86383615
0.74245461
0.83662697
2.35024086
0.29270439
1.60207501
0.72299372
1.21740647
-0.39030784
0.23329973
1.07943502
2.02112006
1.10776177
-0.00349150
2.69414549
0.32030442
0.17020319
0.27192908
2.94857937
1.31490990
1.73369165
0.93688659
1.04056731
1.95318422
1.37043743
0.94225942
-0.52389762
2.31984063
1.89431761
0.56106855
0.15522674
-0.78499397
1.88887159
1.61806778
-0.07014881
0.32386134
1.00311454
1.20812115
2.11992349
2.50934807
0.02986395
0.74463677
1.33283754
1.49971445
1.19426130
1.22080444
1.40540976
0.24749747
2.15572958
-0.06437860
0.26381743
1.40668489
1.09672690
0.78275215
-0.11423149
0.61462350
1.17276955
1.58217762
0.58688440
0.40412984
-0.65161426
0.29915938
1.11971540
0.12248852
0.85016450
-1.17236084
0.35794455
1.90014633
-0.01940353
1.64225797
-1.02673384
0.13744740
1.26878285
0.89028800
0.49968069
2.27418913
1.69970624
1.16926782
1.23605008
0.16026164
1.74397418
1.97823257
1.14253432
0.45697976
0.67044962
0.87542819
1.59565140
1.19463083
-0.65132295
0.38450445
0.97971905
