0.52381778
2.19272678
0.74401616
1.37555943
-0.36871220
-0.43913977
2.38380084
-0.10393298
-0.87624519
1.09244202
0.97405184
2.68360139
1.94787094
0.91761079
-0.05087609
0.57624264
1.38229558
0.82291235
1.62080832
-0.36744146
2.36390295
0.42356942
0.95948366
1.61278771
-0.32478765
2.82886769
1.71217328
-0.29451857
0.68568144
0.07551747
-0.41857319
1.12054944
1.13258463
2.98696566
1.46356682
2.43879531
0.56461382
0.78084801
1.08286395
0.81706072
0.56986913
2.29884172
0.70563776
2.01670636
-1.00584786
2.07770416
-1.42771302
1.92238119
2.95100872
-0.01767731
-0.16761844
0.47858690
-0.23348253
1.32120861
-0.05186322
1.82867477
2.00729424
0.17585254
0.60142086
3.13194142
1.38919144
2.30989698
0.14500190
2.07964972
1.65745006
2.83868815
0.24701926
0.94990335
1.14281826
1.27421960
0.46688498
-1.69586954
1.20481112
-1.15329860
1.34794002
0.42864138
2.94775225
1.97361872
-0.22567087
1.89757724
1.51148329
0.61609038
1.26842950
0.25900938
1.35311249
-0.55040021
0.27095467
1.01212842
0.14249439
-0.55413608
0.76660888
1.44021570
0.66787528
0.61103614
0.49608081
-0.21569748
-0.97468119
0.38998173
-0.19379308
0.97809468
