1.84518994
1.91833000
1.14189400
0.08517508
-0.35374590
-0.24644705
1.98882586
0.71136113
0.94904208
0.38335250
-0.03843560
0.77629191
-1.47546698
2.21629750
1.09748199
2.58243003
2.86679683
1.02169314
2.57360672
-0.21909625
-0.20135951
1.03232942
-0.32489190
0.14467762
0.65372487
0.23232646
0.25115196
0.53270087
2.75629772
-0.24156525
1.79887653
0.99928589
0.79376286
-0.40459673
0.87943349
0.55234189
-0.99524485
1.70247221
0.88801795
2.39436738
0.37940116
2.28616523
1.40228440
0.65616758
0.02465327
0.81976325
2.10604257
1.15013485
1.99239918
-0.19363653
1.24847927
1.09036915
2.08530678
0.09655205
1.66665018
1.25841243
1.71554932
0.33834694
1.37054573
0.97577196
0.06039152
1.75133202
0.39712474
-1.94446485
2.32424968
1.18810669
0.21079841
1.27241942
2.82415007
-0.29253700
2.17587872
0.65194144
0.83104311
0.84710728
1.05098781
-0.16178972
-0.15229943
1.80776291
1.26726139
0.87488316
0.60059057
0.45343390
0.73785704
0.65764445
1.97957704
0.93074777
0.22958232
-0.16087528
0.89797509
0.24901059
0.71085474
2.10968042
0.92244950
0.73555471
1.29035564
1.39782725
0.98323936
2.85854819
1.58770386
-0.10558444
