1.35848523
1.60996423
1.83238625
0.80052259
0.67346591
0.92154022
0.23605866
1.13952726
3.72427765
0.39179504
1.84427411
2.88722714
1.10095181
-0.17702466
1.84982403
-0.42148882
1.05966725
1.12756138
1.81516537
0.93705312
0.43382780
1.32101323
0.50298044
1.29357804
1.51573221
0.92949407
0.96163335
2.14695699
1.98278820
4.56129565
0.60070982
2.99634319
1.22755014
0.44826917
2.04929116
0.92762198
0.85808294
2.42757624
0.72322732
1.07797017
-0.70143258
1.71699153
0.62207107
1.58737200
0.12265002
1.40747964
1.80188870
3.36231538
1.62448452
2.23486246
0.27861614
0.48690948
-0.75308730
-0.35576530
0.67873959
1.26318281
-0.19579785
1.53216506
-0.74688431
2.30063006
1.91651109
0.83232369
2.46289640
1.12049605
-0.06604928
1.46522238
1.93912994
2.16134332
0.36044103
-0.15506845
-0.90664258
-0.59163921
0.58262426
0.32044571
0.03407773
1.47305987
1.59812323
1.41444590
0.94649933
0.36382249
1.85968612
1.45596580
3.30227752
1.45342965
2.13398224
2.07714715
2.55051532
-0.72437684
0.60825146
0.18409820
2.51314994
0.46282320
1.90802880
1.68219361
1.39463506
1.78459278
-0.73600141
2.29208580
2.09192105
1.79802682
