-0.58424339
1.76549759
0.32802397
2.19026264
-0.72247210
0.52560133
-0.00793897
1.18976026
1.26420304
0.27307308
1.91804636
1.49134441
-0.33062976
1.32564314
0.32859065
3.18409768
1.78954514
0.42880805
1.99601243
0.99736966
1.86342362
1.43125367
0.47633923
0.65340170
1.44506426
-0.87252598
-0.41959619
1.04127842
0.93518070
1.53120124
2.20925168
0.49683321
2.35755800
2.68628318
1.77265833
-1.14202719
0.47306171
1.28437879
0.10589636
0.99957002
1.91429984
0.82184920
-0.16862885
1.46542871
1.88329228
-1.87056538
0.97904937
1.85006176
-0.03394450
0.70681926
-0.57590122
0.93362695
1.70571381
0.95687946
0.88691521
1.10065298
0.39332023
2.45117969
2.02524889
1.10363226
1.60156940
0.20142040
2.27389872
2.60862743
0.97109693
2.92844878
-0.03837399
0.60842012
0.41484876
0.58567989
1.64035296
0.70772089
1.51615621
0.94476874
0.42616377
1.14845847
1.59235962
-0.41950576
1.48077489
-0.14536317
2.35097067
1.33600368
-0.24713379
2.10243243
0.84889273
-0.57164992
2.32737915
1.44876453
3.61032390
1.58424944
-0.64256684
0.84238643
0.35532105
0.91951757
1.27797866
1.21849601
0.59303282
1.93904614
2.35720905
2.45846020
