0.69396545
2.34448749
1.87738402
1.49601350
3.04615919
0.22423090
1.57240086
1.96852880
-1.40491098
0.13263624
1.25824983
0.94468763
-0.00554486
1.71930731
0.59923655
0.33238994
2.73271621
-0.12613069
0.00678943
1.70735012
3.02015181
0.34489469
0.48025084
0.36481088
-0.17842357
1.52751532
0.28509590
0.34310157
1.35596192
2.60543524
1.24536695
0.76731037
0.10978414
0.62032043
2.25357864
1.77543949
0.05589267
0.28192090
0.63614055
1.52396557
1.56802629
0.48111024
0.96609827
2.53893631
0.21019139
0.53929996
0.82779247
0.98560374
-0.19734490
1.58228113
0.64303424
0.78281582
0.44609619
0.80815739
0.00929123
0.32557337
1.62433123
0.26915359
0.81196053
0.41146722
1.58776253
1.27616940
1.59918996
-1.24428324
0.02863496
1.41702665
2.57630255
1.80476027
1.10696994
1.31755807
1.22925550
-0.13536458
1.02912586
0.14025817
0.82637278
0.01970711
1.42911420
2.18070064
2.69322080
2.19488524
3.15245808
1.35403563
1.34081887
0.79933147
0.41303707
0.63202721
-0.55762262
1.26463073
1.63936932
0.55801140
2.01470368
1.09290587
2.48431997
0.95549012
3.35806475
1.87718582
0.57072035
0.23205776
1.75187082
2.91164625
