2.50921148
-1.12439539
1.45253055
0.63261609
-0.12848714
0.36650536
2.26411387
1.68053120
-0.31382083
1.45541788
0.50111975
0.42785151
-1.06598961
2.02201845
1.42930337
1.00478989
1.67631486
0.42810698
1.24878545
1.23676371
1.78402015
1.00382842
2.33012633
1.03148367
2.80102995
2.43127546
0.42942917
0.68661238
-0.42629466
1.03983049
1.54246783
0.59557188
1.93795878
1.65826019
1.42838875
1.09205282
0.19396653
1.14457186
0.10388705
0.85121364
1.71198019
1.16683590
0.53657973
3.05193072
0.75882012
-0.29715351
2.71322879
0.73929504
0.07827013
-0.32878836
1.18660749
2.11590562
0.53482963
1.83613017
1.48344515
1.54438464
2.86463279
0.65917008
1.03004656
1.96980802
3.73340002
-0.25336225
-0.61065331
0.28204401
0.70469114
0.58499981
0.14114360
0.96454597
1.81290771
-1.61854900
1.92784850
2.40278485
0.50954240
1.91567137
0.21283466
2.44444953
0.51823278
0.67094805
1.02208232
0.44338438
1.39162722
1.35882351
0.78902714
1.37215434
2.03852638
1.46885174
0.68178214
1.28617770
0.19105420
0.14892479
-0.01930934
0.51193519
0.90158236
1.77673635
1.44994757
-0.29146013
1.25119489
0.75884944
1.95288896
0.34714220
