-0.22081012
0.20637283
0.14635009
2.44993091
1.01110671
1.03243581
0.50779887
1.09712114
0.28034647
0.49983711
-1.19414281
0.87043208
1.03996055
0.87960438
0.66516571
2.26903355
-1.51405988
2.91968343
2.37256679
1.67651993
1.75066231
0.04460830
2.89908252
0.22796150
0.84743822
1.09383629
0.88395237
1.39354634
0.74826710
0.21365104
0.01084688
1.48624659
1.80359131
-0.50761377
0.43015169
2.46353935
0.72731333
1.43970824
-1.01392490
1.24810248
1.53497045
-0.78031580
-0.50226513
0.93954707
2.99955595
0.75056353
0.72332124
0.31634316
-0.07091552
1.48141749
1.06976977
1.69129041
0.64425186
1.05375358
0.88188573
1.30467703
1.45762850
1.38933391
2.50132899
1.55816436
0.62424517
2.73343917
0.37994612
0.71019524
0.43346921
1.02410163
0.98544103
0.96357285
1.18655623
2.08633923
1.51957164
1.36684145
0.92598976
0.56478001
1.54614496
1.14103249
1.57053580
0.73359618
-0.83341570
-0.10330910
2.32174021
0.76341514
1.91835284
2.88378363
-0.41024501
-0.45343589
0.70132547
2.34672505
-0.22514109
1.79519794
0.13500981
1.13188514
1.56158842
1.05162629
2.68791053
2.85583930
0.62783668
-0.43926857
0.91208136
1.29864703
