0.54849758
2.63857756
1.61855686
-0.79053697
1.84639602
1.24400188
2.65882033
2.51560078
1.37124155
2.27462464
0.05594150
2.44374972
0.32807468
2.04384163
2.69533291
1.82566294
-0.47566174
-0.12416571
1.82408744
1.70618682
0.37730776
-0.12320677
0.10954509
0.17251704
0.36759395
0.67171058
1.82505189
1.23837754
1.88366970
0.69178746
-0.23971233
1.16974870
2.43897640
0.75998143
1.04603595
1.08471464
0.17641244
1.09293094
-0.37834917
0.60268420
1.46862595
2.02324405
1.28650522
0.23475494
0.13864750
3.61329541
0.73837395
2.22044191
0.80291991
2.23306484
0.24224486
0.53532785
0.85027480
-0.06351825
-0.26720428
1.59248267
-0.13242465
1.88813889
0.65170877
2.87081732
0.12702300
0.50425677
2.09653505
1.62706892
2.12114116
0.54031784
1.03154497
2.80142189
-0.18696356
2.52919458
1.85693306
2.06220684
1.46669209
2.01173042
1.85048750
0.61663821
0.14870449
0.79306363
-0.24283627
1.90697224
0.32500009
0.49121565
2.42505022
0.98956089
1.30247576
2.04924569
2.53503427
0.17768876
1.76548841
1.89835969
0.23590926
1.35362391
0.58640618
1.05321394
2.07001548
3.36484179
-0.64638465
-1.58209725
2.11105150
2.09909790
