1.94840691
0.38790422
1.28158471
0.50093389
1.05929784
2.66551511
1.64107375
1.50851296
1.37752623
-0.35761827
0.91166900
1.16868455
0.47681964
1.01895200
0.84432547
1.84146197
0.20970976
-0.77351133
0.11285192
0.97293706
3.48500983
2.25250567
1.36087542
0.16129488
1.25251871
1.12693425
0.39998599
0.89219431
-0.27586289
-0.03806896
0.34228436
1.07081167
-1.23188788
1.14094639
2.17765836
1.76305835
0.57178270
0.25497528
1.64417802
1.58554585
0.78677300
1.47467018
0.89688328
0.56650887
0.61119537
0.40517120
1.87526542
1.23604542
1.36009812
1.27930340
0.60072059
0.26890579
1.60053131
1.21320563
0.66014369
1.73605401
1.94410803
1.66658825
1.04776242
1.44324682
1.94989424
0.11305332
0.81388343
-0.75586519
0.95720215
1.79213294
1.70083769
1.59218606
1.72963967
0.38978060
1.91275230
-0.40653770
1.51563248
2.09642503
-0.40341875
-0.06637223
2.95374519
1.53678946
-0.35864165
1.99191414
0.68458694
0.73999542
1.57231320
-0.41035084
0.74426968
1.49472544
1.90581296
2.22241512
-0.41870445
2.14879244
0.10506261
0.60693916
2.45950875
0.98097395
1.73845339
1.10235433
-0.01782731
1.70861945
1.18429397
0.60377694
