0.74033930
1.26350537
0.59983621
2.57785570
0.51261511
2.90847122
1.42979804
1.28952077
0.73322965
0.27732244
1.59501559
1.42369764
0.03829683
-0.33329843
0.73504851
0.17395700
1.50972210
-0.06345170
1.87732719
-0.57086986
0.30559623
-0.30892015
-0.02883168
0.25094775
-0.74752682
0.25534581
1.71293672
0.97744980
-0.25186939
0.40149135
2.34041843
1.37507599
1.84700416
1.12899129
1.39339774
1.80839083
0.52581394
0.31251688
2.21538380
0.70793394
1.25987730
1.09833610
0.26734362
0.84657380
0.91664571
0.33480089
-0.39669263
1.23192756
1.00082030
-0.13804519
0.67728057
-0.93945346
0.17519035
0.56376550
2.03271397
1.93123197
0.39410148
1.46007256
1.54291952
0.69764494
1.25611427
1.46947529
1.77177361
2.43952096
2.19518600
1.02670768
0.66862759
0.51660301
-0.02340810
1.70794256
0.39783097
1.12670677
0.76344501
2.47743452
1.36013235
0.43382617
0.66292686
0.54422055
0.47511071
0.83596401
-1.16030417
-0.39155986
1.97204844
1.50939551
2.13926513
0.60737632
-0.78774976
-0.83002074
1.15288439
0.59054006
0.43481244
-0.28220664
1.19121128
-0.76720949
1.84087050
1.87642422
1.00253152
0.44595386
1.85697981
1.20757814
