0.96822365
1.20297931
2.81291827
-0.21919999
0.04690476
2.36912971
-1.18726425
1.21389732
0.14841933
1.97637564
2.22125227
1.69094116
3.47722005
-0.06881612
2.06664399
-0.38929782
3.51749792
0.62114907
0.93083858
2.07566095
2.90673514
0.41341274
0.96566842
1.41821764
2.62270051
1.80431053
2.18247011
-0.96659305
1.44010836
0.47969450
3.05719980
1.15865729
0.14199347
0.13453208
0.96831184
2.06119412
2.60066235
0.72366189
1.48697113
0.54179369
0.72534893
0.81610027
2.87062649
0.00708594
0.48657357
0.84376890
0.60310144
0.76853981
0.40787944
0.79816110
0.30859674
1.57089579
-0.19011976
0.52161877
1.29272694
2.10143124
-0.14414228
0.75689837
0.93308520
-0.20063781
-0.60355332
0.23225254
0.17954244
1.85072253
1.60786300
-0.16320210
0.80679426
-0.50626962
0.70720512
-0.07901117
2.96320856
1.25449413
0.88538469
-0.39059089
0.92671628
-1.02194994
1.34415304
0.31711702
-0.18238498
3.75524347
0.80591798
2.05241142
3.92716813
1.81099081
0.59959539
-0.44897340
-0.26332958
1.73437764
0.33198301
2.27477296
1.34282839
0.60229475
2.15631310
0.99516871
0.62603357
1.62593327
1.93213643
2.79344832
-0.02701163
1.70103524
