2.81294851
1.60183940
-1.26410226
2.27858454
1.51702855
1.64585402
0.92979035
1.80435401
0.38416345
3.25196001
1.22122343
1.93902370
1.27151169
0.24627222
-0.15548955
1.45474553
0.24641295
1.01558284
1.67232883
-1.82969684
-0.27973958
0.95646786
0.45873311
-0.86691231
0.65816223
2.40126299
0.98294586
0.56147197
-0.09981791
0.50618406
1.28474987
1.51157937
2.37941690
-0.06722738
1.72924444
0.23234393
1.27144976
0.45043448
0.98379911
0.41213501
1.19477266
-0.26764209
1.06393905
0.74658638
2.05426170
1.97839360
2.35031332
-0.21852958
-0.06571187
-1.45772158
-0.21692174
-1.24154797
0.84012665
1.16331711
1.46631332
1.38131794
0.33845754
1.42779640
0.39778653
1.68745090
0.62903691
1.95872103
-1.02711430
1.33666790
1.55836734
1.74506469
0.95638461
1.93890588
1.36322839
0.12939441
0.59764318
-0.45654759
1.05079896
0.33876309
0.82523800
0.66249930
2.00341694
2.77396531
0.24549797
0.32150440
1.40130193
0.60136989
2.74546206
0.69837304
3.08828421
0.29275501
0.31930527
-0.16950543
2.36666864
0.24345230
-0.00718293
3.18734757
0.02153534
0.60150334
0.71859596
1.12165205
0.86243187
1.78057278
1.69705009
0.02894844
