0.59536011
-0.01782791
-0.04100952
0.02901219
1.59265724
0.41098017
1.08970492
0.50656546
-0.10073522
1.10508388
1.63563689
2.28126989
-1.27058000
1.87407482
0.54172544
1.89281481
2.82600499
1.25462403
2.31434220
3.81334971
0.42862771
0.56362446
3.26421659
1.58563472
0.81906634
-0.03007869
0.54295955
-0.55349724
0.04228503
0.84475252
1.06738378
1.07854601
0.66079001
1.11224352
-0.29605952
1.33762337
1.01227453
2.41556846
0.81032394
1.78166531
0.14299586
0.59993725
1.73053549
1.92205000
1.19843177
0.43564349
0.78900515
1.90245473
1.43533497
-1.01373451
2.54159542
0.08905554
0.50132833
1.51708013
0.06982459
0.41408911
0.50866379
2.05414702
0.91020038
-0.20054045
-0.49550037
-0.08813882
1.77441060
2.60123935
-0.27844859
0.55467119
1.28170454
1.14682723
0.50041532
2.04474229
0.92648714
0.38358006
2.07510197
-0.38307181
1.41877291
1.44869292
0.70582656
1.80950784
1.58168712
0.16083414
0.71953341
1.57192378
0.47979163
3.85902113
1.21106579
0.51722482
1.91279916
-1.17902908
2.21108113
2.12435932
-0.51231590
-1.11590863
-0.02305634
1.63792260
1.65785468
1.33495066
0.93071631
1.28905744
0.19494845
-0.21532855
