-0.17204065
2.37172707
1.75145808
-1.52936690
2.12247272
2.13632436
2.45097979
2.13172854
-0.12461583
1.24527544
0.84122388
1.64362951
2.13093522
0.66997165
1.43365299
1.39086781
2.79407011
1.52154394
-0.95477446
1.86886020
1.49575386
1.70737668
1.50502584
1.71201732
1.45947162
1.51027470
1.73762041
1.56138323
1.00471071
1.02587907
2.15507066
1.79738125
2.87347815
-0.43792457
-0.97850441
1.26462369
0.13273668
0.87958606
1.01104101
1.64734747
-0.19414775
1.01341345
1.72787342
-0.15500741
0.09485968
0.46909647
1.37293862
2.67099253
1.67273176
3.53212465
1.28715770
0.83748862
1.50851587
-0.38349821
2.09256447
2.55740341
1.06696869
2.18944273
1.81398519
1.24723747
0.80525251
3.11000735
2.25468721
0.19510640
2.27613686
1.55658738
-0.56032951
0.00874034
1.57327997
2.05037359
2.58747651
0.60465878
2.71554978
1.99939797
1.52204877
2.71582224
1.30941524
2.49621075
1.70737387
-0.00836804
0.91053335
1.50019037
1.60977696
2.00983760
-0.00584004
1.00647737
1.76764572
0.97769456
2.62024595
1.79823860
0.92408612
1.12718043
1.28105452
0.81534216
2.90409620
1.64197236
0.85762417
1.41128031
0.81770024
0.63766975
