0.86618624
0.76437820
0.09613584
1.68525795
-1.48797152
0.72251704
1.01286962
1.52155433
0.88170214
0.50804929
0.55484847
0.97753385
-0.83887053
1.00910352
1.72891761
1.80564468
0.48906161
2.54300654
0.85959574
0.61822415
1.40350362
-1.25744799
0.33572334
1.22178903
1.60168970
1.52787612
1.44877505
1.11259081
1.17429087
0.88791511
0.69054045
0.31487735
1.19435114
2.41655456
0.32321364
0.37211512
0.60619911
0.10932506
0.80910331
1.84453964
1.31914072
1.61173976
3.02671266
0.87775748
3.13114543
-0.97962426
0.65576457
-0.78078493
1.41035268
0.54796029
0.96027658
-0.64145136
1.51770844
1.61405393
1.10378078
-0.10218318
0.85472983
2.91094916
2.00446279
1.67099316
0.81330735
-0.60548565
1.39336460
0.59171570
0.08917169
1.21988850
-0.08146211
0.07398861
0.45287607
1.29996591
0.33018311
3.42841504
1.10647923
0.46067550
1.62330946
0.96362397
0.21283546
1.12054907
0.71209169
-0.28650451
0.51099442
3.26872732
0.31920889
2.17298871
0.57537613
2.13326223
2.49117985
-1.74711552
2.58811344
-0.13047313
2.97692378
1.71176205
1.68661073
1.30353584
1.45879831
2.04088047
0.38132179
1.97023935
1.77991389
2.48516549
