-0.43692600
2.90354180
-0.03116337
-0.70069660
1.47640118
-0.38893306
-0.35584151
1.72915907
1.64729971
1.31256971
1.82650454
0.87027346
-1.09766997
0.44513281
2.06696897
1.48481308
1.16664855
0.41448870
-0.05089005
0.87647464
0.90324760
0.67746359
1.31883595
2.21350166
0.65096870
-0.10813779
1.56630724
1.89084363
0.74907896
2.45722807
1.11112993
2.16898378
2.12065286
1.77203896
0.58712705
1.62939654
3.34535771
1.26239433
0.04732242
1.71950629
2.07636716
2.78382893
1.42483576
1.08233600
0.45329758
2.87167255
1.03027383
1.91735344
1.45852211
-0.49901408
1.03501160
0.40202720
2.39407679
1.80429751
0.29123071
-0.52629410
1.95420355
2.79070115
0.35986760
2.11800956
2.95457997
0.91149584
1.79333616
3.70750089
1.21150958
0.21684363
1.32741936
0.57871992
-0.50009085
0.47110016
2.03693980
0.71792672
1.99018424
1.09026568
1.26901564
0.78882010
1.31727550
2.46325014
1.56853020
2.66381234
0.04547126
0.71640078
1.46707206
1.38515441
1.15488547
-0.76938822
2.00544141
0.24260466
1.73140737
1.19492653
2.00561833
-0.18513036
0.23422438
-0.52425922
0.03339520
-0.44390112
2.20383685
0.95126783
2.13894663
1.41032944
