-0.03275341
1.29234824
2.08589931
0.83278827
2.12417347
1.11344649
1.93115632
0.06173502
0.37128614
2.32780743
1.09733093
-0.50945841
0.54014699
0.72071868
1.56714562
-0.28613193
0.36396840
0.21470549
0.91176038
1.50682669
-0.31856832
1.67513656
-0.09428765
0.50878280
1.47597739
1.31758159
0.68240876
2.80149188
1.09706278
1.05000698
1.86932103
1.96117691
1.50996976
-0.84659694
0.10037303
3.77854861
0.44998414
1.66567987
0.29591747
0.62623131
2.10185524
0.71280458
0.81087291
3.25859372
1.99604847
1.29697336
1.13865344
1.29761958
0.93624191
2.82236794
1.50788471
1.27497903
1.71257091
0.04911902
1.25046860
0.91095021
1.42158393
-0.05016417
1.30092357
0.72368957
-0.99340352
0.12414624
1.66971231
1.63142268
1.28793973
1.52797975
-0.02310919
0.34187789
0.68747838
1.64101440
0.23795849
-0.00300789
-0.13131206
0.72819919
-0.26088427
-0.54040333
2.16466428
2.71966180
0.41624925
1.56703901
1.59126249
1.32066985
-0.28173856
0.26869895
-1.47728419
-0.42752270
0.70964397
0.98633156
1.75459169
0.42617805
2.29825775
1.29444573
0.40442309
1.86943602
2.08251153
1.38118927
2.41191445
1.45547108
2.17169443
0.58801520
