0.25043178
1.81498953
2.65466651
0.72589347
1.33334369
1.18910767
1.29645633
0.97049961
1.36599646
0.87854102
2.01537831
1.33362045
2.32141768
0.12219504
1.26252666
0.81792572
1.77779555
0.97677804
2.06811923
1.01794249
1.08784683
2.22400190
1.50051207
-0.51980092
0.04171744
0.97450195
0.79471271
0.96677890
1.89748338
1.73102277
0.73941476
2.27254431
-0.60420605
2.62366849
2.17366273
-0.17147370
0.13248025
1.22044399
0.92021622
2.63639346
1.10155179
-0.43847272
2.11326867
-0.03292398
-1.00235757
-0.41417712
2.69288568
2.59742092
1.01058801
-1.80193326
1.36717431
1.72367290
1.37381774
1.70259969
2.22256254
1.34697732
0.66037533
0.20852942
0.15846533
0.96554117
0.78373167
1.32460845
-0.73185196
-0.23436118
0.49226534
0.99449762
1.00881114
-0.69284250
0.49996471
0.77993923
1.26619308
1.91403483
0.43265034
1.57741704
1.37515051
2.14616982
1.97358399
0.37221437
-0.84588791
0.62014074
0.82073083
1.40076942
0.37399842
0.07923490
0.94183106
0.05588594
1.54398300
0.27539676
1.05967942
2.63484857
1.36562962
1.86087814
2.15267203
1.52993044
1.39382628
0.96686912
1.34420686
-0.09156346
1.57442901
-0.29511261
