0.09889901
2.05641755
1.12884041
1.81762274
-0.26766597
1.34020683
1.21160284
2.06299922
1.24073137
0.36590978
1.84033834
-0.76861781
1.30588518
3.00545405
1.46845416
-0.15629518
1.69643034
1.15019525
0.53010499
0.19909329
2.71868890
1.45328898
0.46704043
0.41793881
1.53638637
0.80324037
0.89918933
1.94817527
1.03406655
0.65004919
1.40827238
-0.26081943
1.81521901
2.73833757
0.67987676
1.27155273
0.25294812
2.21525520
1.63044212
2.93211462
0.62781536
0.91156811
-0.44657315
-0.89693990
-0.50798792
0.10113569
1.59040848
0.52756593
2.33020770
0.52883575
0.49803716
2.54995703
0.06864919
-0.47199168
1.33346268
0.07597946
0.95056240
0.08722417
1.34346018
1.41292006
1.19235007
1.71162608
0.98723309
1.11375732
2.20720631
0.71625584
1.41555738
0.99440987
1.72899201
2.91807618
1.24129010
1.01569174
2.69589109
1.66354601
1.13755215
0.18771316
1.54842076
2.09764707
0.84772157
2.29287313
2.67391268
1.87977045
0.15203343
2.08553662
1.53913321
2.01237487
1.42287924
-1.01492310
0.58609431
0.08543754
0.26602372
2.76216604
0.17708971
1.54410013
2.21818241
1.08363224
1.60918920
-0.51180867
1.63348619
3.37009939
