1.02549966
-0.48319327
2.95039845
-0.11693242
0.63067381
0.73499463
1.05190375
-0.20065983
0.89668582
1.73578648
1.12788729
-0.98529490
0.59476613
1.12698748
0.54780341
2.78527729
0.65941459
1.46400163
1.04442841
1.09520448
-0.81926640
-1.40595053
-0.08904198
0.01904211
0.48326431
0.22703232
2.23363764
1.37795524
0.08431830
2.86177407
1.32468383
-0.30957232
1.95240877
-0.58966287
3.61453868
2.67569132
1.89938886
1.60998037
-0.44464903
1.61936131
-0.20661322
-0.58077365
0.40689640
1.54158936
2.26458620
1.30096972
1.44797259
1.29809033
2.13841761
0.86499176
0.61442898
0.07449429
2.01048996
1.16083045
3.38765970
1.30934341
1.13943347
1.67045569
0.05506006
0.87764014
1.02510296
2.58944804
1.82410280
1.50672411
0.63145224
-0.72019341
1.94156862
1.89341721
1.39407554
-0.59178223
1.36533348
-0.31334464
2.70564417
1.45273370
0.13152557
3.03385933
0.64489553
0.52953550
1.56807376
2.71429953
0.41364267
2.04370446
3.23405838
2.02719807
1.23466543
0.81776240
0.44361808
-1.10536847
1.96561723
1.36385367
-1.03670054
-0.12020545
-1.04058455
1.44705133
2.00302062
0.75560046
0.45630520
1.21105279
0.80003078
1.01414025
