-0.21038638
1.01029252
1.12248760
-0.02031717
1.10532981
3.58809767
1.43151517
0.93614863
2.14508262
1.14160384
1.88894544
-0.00256853
1.73094240
0.49761600
0.28273311
-0.39542126
0.93705609
2.84218231
1.64895261
-0.10469375
2.21761028
-0.57946420
0.43059682
1.67397430
2.64733200
0.32565053
0.84866282
-0.86448785
1.36270991
0.87378537
-0.02060524
2.85318291
1.55866388
0.92853125
2.34731335
0.46412479
0.62399484
1.81055431
1.47592820
1.80701532
0.49419291
2.37638466
1.38529158
-0.14134488
2.87042542
1.84811889
1.25182106
-0.04677092
0.39812838
-0.24028559
0.76944565
1.21385450
-0.20783044
0.36143080
-0.72415214
-0.24700853
1.16214030
-0.12643138
-0.90455730
1.11555133
0.68093344
0.75112239
1.58222763
0.53940367
1.32973275
1.55500770
0.49968259
2.71780152
4.43599333
1.79365424
2.12659062
0.67926922
0.17758010
1.49321337
0.71356410
1.49447820
0.65020969
2.39712820
2.42978903
1.34255563
0.67848650
2.07057508
2.76182201
1.23505783
1.14730315
1.26666924
2.13138775
0.35793689
0.57942923
2.16360335
2.82835112
1.21282460
0.75892270
0.92965578
2.24155761
0.54460470
1.36377898
1.51319155
1.58161244
1.87339706
