0.60132548
-0.16088630
0.62061143
-0.07884309
1.64688818
2.92704947
2.94324029
2.03953527
0.66824462
1.73831567
0.38905346
0.65140210
-0.56104859
-0.20344498
0.75755039
2.65849469
2.08837241
-0.08887519
1.27081679
-0.67762932
0.82051605
1.71853629
0.52330438
0.11153570
1.39092563
1.16212063
1.37230878
0.13135118
-0.67646711
1.22482228
0.29547067
0.16083216
0.77967657
0.37234585
1.31341164
-0.82187981
0.73426457
2.75387132
1.95553459
0.60467574
0.77131101
1.06194372
1.37598926
-0.05405350
-1.75725932
1.35760005
0.30234215
1.08529319
-0.41914709
-0.97319707
0.54820089
2.38538392
0.23922396
1.15204990
3.98329466
0.58445620
0.39600370
0.66042589
0.77181749
1.16292333
1.05938806
0.57111808
1.38883693
0.46871978
1.09298457
0.81627753
1.48796705
1.65307410
1.79435582
0.69167167
-0.17773727
0.07531257
3.05276718
1.33490386
2.67240807
1.48303461
-0.60662106
1.33041999
-0.47842496
1.25772425
-0.34561169
1.90851546
-1.35494989
1.58394042
2.19203519
0.96598134
-1.35204361
-1.41707671
0.65813262
1.89722656
0.71280486
3.00699686
1.75761985
0.33810263
-0.30357120
0.18379931
-1.00506394
0.54792504
-0.06308083
2.05496198
