-1.07822884
-0.24772969
1.50739980
0.12774874
3.00298473
1.34655010
0.26151319
0.20251911
2.38468444
0.75913192
3.41438119
-0.43719627
1.74803415
1.49836435
0.95649491
-0.26312008
0.05656150
-1.48290275
-0.78860403
1.81767564
-1.19955902
0.56537590
1.42297207
1.40519134
1.53508886
0.62340486
1.27340220
0.75355418
-0.41630110
0.24131314
3.21219381
0.26048484
0.87715386
0.77472507
2.31325922
1.13449652
-0.17353201
1.74286239
0.81858165
-0.02782282
-0.12018298
2.02110373
2.43967200
0.01107086
-0.64495167
-0.41757047
2.25628492
1.35629181
3.29974161
1.14904282
1.76917831
1.24239938
2.39727974
1.06803157
2.01129124
-0.07296556
2.23499003
1.47061452
0.57740175
0.51564841
0.63867322
0.25962931
-0.30539570
0.87594371
0.83396391
0.32647710
1.71823648
1.00885318
-0.46536109
-0.75086218
-0.39151347
-0.32892579
1.12171885
2.02476434
0.51273367
0.89246564
1.53743740
0.44807836
0.87656792
0.72837510
1.06748091
0.08679833
1.51535834
2.24644206
1.00423222
2.13137215
1.89972038
0.95894701
0.34475763
2.61541759
2.23124452
0.29616213
1.14651003
0.64089936
2.11781409
1.59360774
0.93882835
0.98082142
1.40875211
1.99221370
