1.56372462
1.03903982
1.12818093
1.19832941
-0.06168167
1.74425631
0.86296816
1.01416803
0.43043710
1.35869130
-0.13417622
0.37583756
2.30455449
3.09160625
0.52219482
1.45539679
-0.00939340
3.07896982
1.37678324
1.96142208
1.44949650
0.30573540
0.35837488
-0.79640468
0.84873591
0.22884237
-0.01859458
-0.54538272
-0.30439730
0.23023486
1.46573504
0.46982109
1.37759580
0.30452163
1.80750906
1.02576528
1.74222338
1.70313750
2.60156904
1.49833927
-1.28493753
-0.65080683
1.44150979
2.73845289
1.10401451
1.26383574
3.72072739
0.79892932
1.29538362
2.20112959
0.24508779
1.26229746
-0.89843871
2.19458084
0.92565964
2.29752589
0.75029061
0.81843413
0.43346699
0.92015416
0.80976223
2.46815652
1.91247593
0.99048811
0.82040464
1.47140871
-0.08756372
0.99448306
1.85882709
0.10581052
1.12584419
-0.59203169
1.92366216
0.10992804
3.66452703
2.19622027
0.80198619
2.12167090
0.21324597
1.08931581
1.02129771
-0.13038210
2.34278920
0.09322123
1.38130624
0.35054687
1.15758962
0.53234370
4.59558834
-0.49397342
1.24267697
-0.88200694
1.14333933
1.04132916
1.45481107
0.33124463
-1.01510270
0.40909677
0.02102630
1.06737473
