1.02110971
1.41340413
-0.30966717
0.75187647
3.52652330
2.80712199
1.92258595
-1.46614484
1.11654920
0.22341051
3.26493676
0.41381243
-0.72767239
0.44124554
1.25153735
0.32408877
0.51953764
1.54811247
1.74697335
0.38151919
0.84054613
2.07945358
0.10384287
1.35693512
-0.81933001
1.43016764
1.30655145
1.71665231
0.30465187
1.37838603
0.93525492
1.58972468
-0.04095089
1.15250523
1.87645562
1.28180489
2.38967514
2.53768499
1.19269945
1.17416416
-0.26849038
0.57795434
1.14221215
0.56121099
0.19265450
-0.12089938
0.99645122
0.70015715
0.25778202
1.59233495
1.54940354
0.90314867
0.81973176
1.53792477
1.18534761
0.77853557
1.55663108
0.98235283
-1.08815150
-0.63932570
1.47050634
0.66409534
1.88056526
0.94487168
0.56286064
0.89324979
0.78470264
1.56165970
1.96159599
2.32609821
-1.13118386
1.18196676
1.61196829
1.92164226
1.61040714
-0.13283212
-0.10229725
0.26581910
1.13638620
0.43959988
1.76503517
2.32619972
2.62955402
0.77627050
0.21531240
0.19465600
1.20204912
0.65250385
1.90398814
1.24752660
0.62834722
2.32327052
0.80998117
0.85402097
2.71004372
0.99510918
2.82784792
-0.25494393
1.29915514
1.10131358
