2.20320305
0.99302522
-0.84512398
1.10457940
1.00485249
1.65379510
1.39693497
0.86487926
2.64862359
0.54577511
0.77220893
-0.56959566
0.00059785
1.81073320
1.76598942
0.45770262
0.38059972
0.18912541
1.91420548
1.10385200
1.78540506
1.32936309
-1.47841120
1.92359571
-0.34244011
2.43957218
-0.63835577
0.97037547
0.63255899
0.02867637
2.19829856
-0.56568555
0.67420616
0.05475557
0.44230591
1.52643349
0.35846941
-0.05083771
-0.05485711
1.71809761
1.34895160
2.61776093
0.53242941
-0.94758546
1.07576610
3.26350143
0.60045300
0.52805994
0.52374993
2.43708115
0.38057445
3.28693759
1.29475333
2.38073544
1.44696597
1.81298182
-0.22921280
0.49066778
0.91622012
2.31010086
1.30807270
1.74460460
0.75607401
0.63127391
0.64582145
-0.85118752
1.62290634
0.60347151
2.78710043
1.90649164
0.91905909
3.15955238
-0.23500897
-1.02181980
0.37174174
0.13720153
1.79548565
2.45993078
1.87538272
0.06045401
0.83386031
-0.10994634
0.24728621
1.06546687
4.03058984
1.02001913
-0.61292187
0.06741555
0.27673876
0.80913628
1.55390746
-0.51098644
2.49777408
3.00681375
-1.41071767
1.01611033
-0.05046703
1.35967129
0.37247391
0.03924679
