0.45727245
1.45091179
1.24023281
1.43917237
0.91396752
-0.01275253
0.53671082
3.49806754
-1.00017234
1.75618324
0.93739443
-0.08607454
0.13352720
0.55338538
-0.11789718
2.23418216
0.43460022
2.38479952
1.13122817
0.16460831
0.84068522
0.97679125
0.34442130
-0.03572103
1.20766872
0.84315949
-0.24995134
0.21488267
-0.33816832
1.78348893
1.28899206
1.50512824
2.77981303
3.16231284
0.24396875
0.51350124
0.92633751
1.52691796
1.54705661
0.44212331
-1.21090981
2.77435683
2.75159524
0.50079608
2.04595792
2.13868375
0.58235148
1.93830730
0.88555836
0.05169002
1.76095323
0.58024184
-0.59921726
1.00366219
1.05083878
0.36626619
1.42588011
2.52813317
2.29095533
0.67605967
0.28689566
0.09764949
1.23319011
0.80533748
3.07698327
0.35538306
-0.71827188
2.29964624
2.25620073
0.76012570
1.31003811
-0.89889605
1.51984569
0.82427122
1.43324076
0.02977964
-0.84006124
1.48719782
0.75841320
0.68861470
1.32735042
0.93966338
1.91412983
2.83858888
1.29488702
1.72000664
1.58376964
2.07116524
0.51054611
2.21388360
0.47065286
0.94494058
1.31532593
1.33441716
0.23869235
4.17585641
0.29377218
0.16622174
1.37485445
1.11845085
