0.82492945
1.50894731
-0.06011810
0.83819423
1.29437169
1.48573157
1.22300349
0.66902253
0.63959470
0.75244495
0.03290410
1.07897085
1.76076420
2.79588438
0.06876841
1.06685706
1.19956553
1.71448215
0.09660987
0.73792061
0.34593351
2.78736842
2.56233682
1.87081933
0.05208332
-0.14834115
2.09469079
0.99313756
2.12775347
1.30780781
1.46802953
1.68952346
0.20722035
0.00355907
1.18957205
-0.99491937
0.34206292
2.58927726
2.03521342
-0.27981601
0.42150498
-0.27690037
0.66579032
-0.29008554
1.18533748
1.47918109
-1.59233138
1.37854561
-0.10706293
0.24781626
0.09831288
-0.51549171
0.49750779
2.41139177
-0.13323744
0.68763915
-0.26484218
1.44544603
1.28504325
2.32854396
2.34141794
1.67297929
1.78572716
0.85074610
1.20014452
0.43190186
1.56797245
2.69953149
0.52257511
1.17265685
2.01007699
0.97644113
1.85043177
-0.73800547
-2.17496107
1.21548204
1.01612531
0.87899606
0.61237951
-0.09619271
0.60978775
1.48752447
0.24106020
1.59246021
-0.56029795
1.26390586
-0.14656643
-0.03483986
0.92764153
0.50286562
-0.31526830
1.22340088
0.44720366
-0.46067608
2.18793477
0.96476910
0.15776478
-0.33467377
0.74429851
1.35857019
