1.23741616
2.84885097
0.06824788
3.50548996
0.61594637
0.79756318
0.27340923
2.81566618
2.02631136
2.82394580
2.34155594
1.33163067
-2.21277166
-0.37999882
-0.74623754
-0.71601312
0.57782193
1.01361342
1.69410486
1.04452550
2.61711757
0.35771138
1.43560314
2.57541193
1.51286534
0.09822731
2.14588138
0.84937005
1.81988290
1.87727037
0.25674722
0.36627371
-0.03031452
-0.23554822
-0.10154186
1.52110551
-1.84984860
0.47694082
1.83960601
0.84197451
1.09564355
1.98242264
1.47193495
-0.13607060
2.01358408
3.70964465
0.42572824
1.34339828
-0.71323807
0.61831216
-1.70712542
0.25794150
1.77680070
-0.41494244
0.59076705
0.78444788
1.66441974
0.15829586
2.14282466
2.46406158
1.88615450
0.68931485
1.08427428
1.46986731
2.07569424
2.69480368
-0.56082797
1.18473686
0.13686011
0.71702144
0.77661207
1.13058488
1.13558172
0.89357867
1.13417924
1.57198058
0.53839177
-0.21584151
1.16871393
1.12971112
-0.42738260
1.77814258
0.61860757
2.60760229
3.10009749
0.74025651
-0.08728043
-0.43605717
1.94895493
2.43500918
1.11657456
1.26839525
1.63640838
3.39143514
1.72553258
0.13309633
1.26848522
1.16613063
1.00507461
0.34915761
