-0.83134813
1.35490672
0.49541725
-0.68134042
1.04065540
2.68616414
-0.37442364
1.64633842
0.65364096
1.74829475
-1.09406553
1.88497196
2.52983907
1.00278212
1.23916552
1.65419388
0.23669065
0.39918901
0.00970251
1.72393329
0.83930663
1.27633958
1.29629800
0.21171742
1.43287912
0.60001609
2.94008904
0.70517844
1.36635371
-0.44830685
-0.06290984
2.30739922
1.02625102
2.42312276
-0.20346348
0.14938370
2.09962737
-0.12150310
0.65130465
0.18787776
1.02481762
-2.01618472
-0.60416087
1.63308051
-0.04790497
-0.07624154
0.61669599
0.59700487
0.88840139
1.01038908
0.87719385
0.92510920
1.43278666
2.10184273
3.27947094
0.38768252
-0.37281310
0.86316456
1.01964635
1.30453759
2.12159230
1.66312455
0.79326680
1.62887154
0.04788120
2.13228313
1.21253903
0.39905741
0.53129711
1.62893230
0.96896665
2.93135107
1.07272806
2.73425811
1.02029360
0.38813718
2.67393486
0.80438729
0.57780493
2.88836757
1.53584888
1.85575727
2.02888511
2.75449938
1.54399256
2.01104622
0.14765373
1.15088425
1.16270306
2.69708935
2.53964604
0.43847913
1.86686281
1.40940944
-0.96234086
-0.13203980
2.76428825
1.61223276
1.09530245
0.49367144
