1.63883188
1.19175023
0.80124608
-0.17892849
-0.04438531
1.30024655
0.46345697
1.55095724
-1.64494834
1.18791890
-0.06734466
0.81095990
-0.69726751
1.51805578
1.44295219
0.89056779
2.78564652
2.53645086
1.41096743
1.42963039
0.53875922
1.72688775
1.21382019
2.28610130
1.35058410
1.21021138
2.52010432
0.28028777
1.30669647
1.47181600
1.10711795
2.29020120
1.34939218
2.17213256
2.86479858
2.47194244
1.62537597
2.30802924
-0.10663449
3.20516132
-0.07484550
2.39536176
-1.04204967
1.37048226
2.33517882
0.77417497
0.67490352
1.40455769
1.78200864
2.55602774
1.10218716
2.01342351
1.75003335
1.69421539
1.90679697
1.40409572
0.75647818
2.51755930
1.08018982
3.05740942
2.69122960
1.78804973
1.51300924
0.30612042
1.33204826
2.35455284
0.96130343
1.32416067
1.85008207
0.30621148
1.86408219
0.90820876
2.08440811
2.32300755
-0.50618279
1.82705288
1.47275385
0.62559877
1.22080701
1.25785915
-0.48879569
1.24745414
0.81464951
0.69118150
2.01055222
-0.45412156
1.20446668
-0.08037158
-1.79707106
1.52480096
0.37841834
0.60510575
3.02455379
-0.76199090
0.43076500
2.09383648
0.62826278
1.00579036
1.45216845
0.82505112
