-0.04694458
0.59534233
1.32280264
2.31587522
2.30195518
2.25096706
1.55832624
1.39344820
1.23456182
1.77836691
1.14280893
-0.32685573
2.37339555
2.00844513
-1.43220338
1.85547628
0.84763482
0.92029286
2.92135099
0.24097019
1.93018163
1.37116557
3.83583246
2.17484604
1.37077672
-0.70757885
1.34886773
0.82098235
3.03065643
1.52683966
1.66758946
-0.65868826
1.16123458
0.15474571
-0.73151307
0.07614478
-0.38919629
0.61691796
0.54834311
1.85097962
0.17798934
0.80092761
-0.17665588
2.90976735
-0.04597848
1.73252751
1.21473364
0.91333739
2.07950127
1.67191943
1.42937997
-0.01009849
0.63936705
0.89745070
1.60338504
3.23093437
-0.06565451
0.06405741
1.11222082
2.55607011
2.50696386
1.56403379
-1.15936122
-0.35525866
1.95327928
0.95691436
0.06203348
1.57410114
-0.08969054
1.31416594
0.76274185
0.52967090
2.57105006
0.39231343
0.71992538
0.56228393
0.45480437
1.82747336
2.68077077
0.14130201
2.20497286
2.12395708
1.79089990
0.16032970
-0.12635385
0.83848575
2.63294122
1.76619162
1.46485950
0.05459799
-0.58244667
0.44464360
2.32901498
1.79790695
0.12926714
0.31183152
2.84773735
1.38727499
0.62110092
1.24538355
