1.74388742
1.65290093
1.52477696
0.00799460
3.69150626
1.81384912
-1.15294402
0.55902349
0.06716782
-0.70335334
-1.47749315
1.76136411
1.23266621
2.24069535
2.45365077
0.62112374
2.41769248
3.31677694
0.13337319
1.67672013
1.27975866
1.01742434
1.03602349
1.23369334
0.16494701
-0.08643842
2.53092298
2.19104197
1.19640878
-1.91252743
0.74946112
0.25969533
1.08642116
0.59048989
0.23005963
2.06052955
0.09905333
1.00037960
1.38093075
3.36350364
1.04287700
-0.40902859
0.35624992
0.35170744
0.96621961
1.28816174
0.85701654
0.69842841
2.63714366
0.31600778
-0.11901529
0.44248996
-0.10534116
0.34111146
-0.27934403
2.45400684
0.38687126
-1.52070886
2.78162670
2.36262302
1.77089877
0.38318704
0.36623347
-0.03136031
2.41649181
-0.07359976
-0.24368657
1.21056822
1.66228505
0.13395770
1.68597235
3.16795783
2.08191323
0.16676341
1.34474159
1.34904219
0.55465596
0.20712780
1.34100241
3.19527540
0.47648853
2.58761942
-1.26713266
2.87880970
0.46998067
-0.04166423
0.36042354
2.17349818
-0.09308962
-0.20523213
0.67394078
2.19137137
2.32382884
0.63559707
0.52286683
1.24171706
0.81734807
1.57070105
1.20968721
0.26487078
