1.10698404
-0.58746975
2.13449094
1.10560872
1.24520115
0.34525001
-0.25312979
0.42691123
1.30413656
1.85091917
-0.20209099
-0.40756749
-0.46765600
-0.45458866
0.74764920
0.28878317
0.43024436
1.23530210
-0.27639257
0.08706074
-0.68436546
0.50353788
2.50036454
1.11733931
0.72859070
0.20454434
1.49382888
1.91922194
1.12555191
1.85702171
1.81984026
-0.04570839
1.04386546
0.54879403
0.58141334
0.41438760
0.53840767
2.63745314
1.06755166
0.53403177
1.35566029
1.18863666
1.01765486
-0.40349857
2.93312647
2.14382740
0.57616534
0.99405587
0.17481272
-0.90506786
1.93112802
0.41398863
0.22088530
2.35233008
-0.04641679
0.69845738
0.55152898
0.26366500
1.50642235
2.63687825
-0.81159484
-0.30465521
0.94869342
0.57695710
1.08280688
-0.87286233
-1.03341924
2.46965091
0.29985484
1.88889741
-0.06216695
1.05867967
2.28885823
2.24050758
1.83083922
0.94924782
1.40367490
1.08144104
1.46289137
1.89447593
2.66693394
0.28000629
1.06829527
1.24068730
3.04467421
-0.95246994
1.98807233
0.89762520
0.70041189
1.25309977
-1.09434278
1.21908066
2.56150625
1.13837325
0.38730780
2.83131442
0.98745560
0.73030806
1.02006731
1.11785431
