1.55589978
0.87002638
2.01657339
1.07456747
1.39416552
3.00176890
2.55879033
-0.30961156
2.42948341
-1.07176853
2.35558111
1.11784323
2.24913793
1.52427704
2.22293111
1.27041688
1.34079740
1.38407848
1.38984578
1.71303336
1.97831089
2.55302629
0.39647480
0.19339502
1.82412977
-0.34698140
0.21421249
1.02307876
1.38785563
0.92764238
1.65266600
0.25619953
2.79395398
1.83397547
1.91977642
1.78195331
-0.13562560
0.96812149
2.03047094
1.02411236
1.16861944
0.89057418
0.86684792
1.35560676
0.33388484
1.27080259
2.47923906
0.12586389
1.07153624
1.14407935
0.54322682
0.33710174
0.42662586
1.09292396
1.54647652
1.68008396
1.35162178
-1.48422586
2.25604551
0.20740740
2.15603653
1.54687332
-0.14230823
1.16370203
3.00252401
-0.52618302
0.50629519
1.43339104
1.60229276
0.61513037
1.83761338
-0.89502040
3.48727806
2.07710546
0.12818713
0.23891301
1.94612756
0.01992118
0.77248327
1.13360262
1.25968566
1.43480199
-0.31356877
0.38425522
-0.28015696
0.87835626
1.13437068
1.25732978
-0.87873814
2.02943268
0.86376261
1.11124370
0.65541820
1.86875120
-0.21520589
-0.02064939
0.96680593
-0.72617691
1.70079820
1.47170920
