1.86601156
1.49631599
2.49448005
0.85022582
1.10068705
1.61204485
2.21718386
2.29163995
1.67972764
3.09634420
0.75010788
0.68348124
1.63314832
2.11852396
2.10323417
0.22653039
1.11224310
0.29197427
1.83665188
1.16996236
1.35310782
0.95776430
0.13654441
-0.56655095
1.22144553
1.66251998
1.23691610
1.70861509
1.08140590
0.72606340
0.24303945
0.85883223
0.25939584
2.05053544
1.40123243
0.97670951
1.43820950
1.76960694
1.60424018
1.38517142
1.89288222
1.50537754
0.55968276
1.28571404
-0.88036388
0.85190962
0.87009815
2.54252419
1.19395786
1.45077702
1.16551220
1.00511867
0.59958625
0.37557046
2.07603001
1.87832552
1.47995597
-0.21999590
0.33348064
2.00254063
0.20656908
0.76665801
-0.46507914
-0.20260334
-0.01700183
1.25560943
0.28848657
0.77320690
-0.16954033
1.71249145
1.88582045
1.71129709
1.98976766
1.13144536
3.49313889
1.67989308
0.93141764
1.81195604
0.42663603
-0.11826634
2.12803163
1.26088528
0.73026282
0.22924969
0.39509822
2.98090132
2.52503365
0.37736114
2.31490490
0.97550338
1.01619174
3.07037252
0.16871241
2.08595577
-0.29521423
0.91418754
0.06542936
2.81297336
0.51320642
-0.27657635
