2.63493088
-0.22851606
1.69451786
0.67987625
-0.60796668
0.76679793
2.25384486
0.36078692
-0.23371781
1.77813461
0.28790825
1.95773021
0.17730649
-0.00933530
0.92806862
-0.30203002
2.05765116
2.00812965
0.07363389
2.52443766
0.27394361
0.66654328
0.79249278
1.37587159
1.53082319
0.95685338
-0.30858011
-0.67313162
1.16683160
0.80715534
1.57932515
1.04372231
1.05886927
1.75692198
0.58445370
0.61851578
1.48785312
0.86258062
1.68669912
0.01854193
0.38058721
0.44168686
0.35385577
0.84632808
-0.63492770
1.98055260
1.76757397
0.26038250
1.95028695
0.84096534
0.43392122
1.75645086
0.22643605
2.54701614
2.00752554
0.75474453
0.94938125
0.99638888
0.56606986
-0.19235330
0.63103229
1.87327822
0.88281743
-1.55539456
2.50312889
0.70456183
1.56178615
3.29527465
0.40094930
0.79846095
1.21345300
1.72940824
0.75006318
2.16693118
0.85253992
1.17393902
1.15998674
0.60825708
1.53922416
0.12239043
0.25930568
0.60837868
1.73908533
1.75691536
0.99057060
2.06807875
0.38270204
-0.06810166
2.72564411
0.72240826
0.25841763
0.93139701
0.29291927
-0.12548188
1.49477657
-0.34709630
1.29049454
0.69388908
0.15269558
4.27422751
