0.11112691
1.89739121
0.70200648
1.85129900
1.26349229
0.88560614
0.48305243
0.46081158
0.80630488
0.17136889
0.42037433
-1.13976211
-0.25430521
1.45777776
0.28690206
1.14790778
0.59289725
1.87216258
1.33212341
2.04058782
1.86860058
1.82955845
0.88950659
2.05620070
1.35772474
1.19367132
2.26268019
1.13601605
0.57384878
0.34300765
1.91270386
-1.04146200
1.43462828
1.35876069
1.28380748
0.90218095
0.85340494
1.30190292
-0.29790170
1.66651446
1.03679227
1.83298622
0.84648615
2.24422524
2.78857392
-0.31530206
2.46454087
0.34279594
2.07287542
1.15259188
1.07277783
0.79554788
3.39516447
0.77278413
2.57746715
0.40632702
1.96348799
0.20016881
2.73098868
-0.03333778
-0.61266464
0.93972864
-0.87680802
1.06436085
2.51320271
0.81547670
1.01449679
-0.40646778
1.44570950
0.94374016
1.79041815
-0.56155733
-0.00715346
2.82082346
1.81498963
0.99384475
0.28320037
0.19363227
-1.15735345
-0.87595260
1.05290177
1.51418039
0.63719693
1.89934327
0.18166575
-0.15144012
-0.12916944
0.75343755
0.97646063
2.44719456
0.31610109
0.84048254
0.66714065
-1.43153228
2.85132960
0.96199143
1.14712072
2.05597478
1.98049522
1.30526367
