0.55105367
0.59442495
1.97214908
0.60633581
0.78786605
0.98697601
1.52754864
2.14961507
0.72908891
-0.05809793
2.88311548
1.09146293
0.23543031
-0.38993940
1.59109179
-0.90470602
1.82668108
1.08596398
2.42349765
-0.83787435
0.86072955
0.39490225
1.73687161
-0.22104020
-0.76994364
1.56596725
2.09445223
1.17267557
1.45931022
-0.97296104
1.05591235
0.18895589
0.64300817
0.74743602
1.28769394
0.66507233
3.36384264
1.80707697
-0.15902800
2.01137678
-0.30201931
-0.06114350
-0.41917981
1.15341747
1.69092905
1.51872232
1.05927901
0.50829809
0.17154222
1.17593595
0.90776700
0.31177836
0.40875975
0.38464467
2.34088364
0.42143515
-0.08976362
-0.29062751
0.56360878
1.02799373
0.27661724
2.22661401
2.07479961
0.92120532
0.91812736
-1.06639084
-1.08372361
-0.26916215
1.26507123
1.79682286
-1.03018643
1.46806863
0.19885320
-0.63318360
1.57795098
0.66591263
1.53118672
1.58609654
0.99083964
2.03086622
0.37340994
0.12249047
1.74873762
-0.68251833
1.18986850
1.05004375
1.57788340
0.42644979
-0.22772865
0.79424674
0.57223180
2.49939976
-0.50663571
1.26286372
-0.34682493
0.33332886
-0.76325822
1.58430616
-0.20506108
0.87693408
