-0.14028786
-0.30501188
-1.22899801
1.11952025
1.54293317
0.40854519
2.07875423
1.29063325
1.35228685
0.89901772
0.69574767
1.88781836
2.29415987
0.90941569
0.39705636
1.64335182
0.59670768
1.11027094
1.19910982
0.94559342
-0.01756139
1.29267157
0.53823161
1.19548233
1.08137688
-0.62684062
1.97300152
1.50207260
0.48317288
1.97052652
-0.78628212
0.27828433
0.87955715
1.00438532
0.66751622
-0.09843058
0.84120606
0.90358328
0.64942841
2.21559780
2.39349299
-0.89001433
1.80233537
-0.07965891
1.44121392
0.87162167
-0.09339281
0.56002739
0.13229701
0.76060800
-0.84171318
1.19722846
0.64574859
0.70358836
0.70172013
3.84601813
1.44194466
1.48336473
0.90633384
1.76828141
2.03299168
-0.00112732
0.05671626
-1.17386187
1.37791121
0.36015611
0.73467064
2.85510453
1.02344488
-0.72868541
3.04417723
2.10168839
1.82579059
0.30838690
1.35512363
1.36269268
-0.47392226
0.56564470
0.15220680
1.37203553
1.53036393
3.98063173
1.34047308
1.30739925
-1.32376403
-0.53905624
1.64662639
1.04574060
1.98066195
0.82141333
-0.55479066
1.80360421
-0.27420687
-0.36024136
0.40232614
-0.25343323
2.93463688
2.81910524
0.72044148
-0.20418496
