2.75492420
1.12040542
0.14077105
1.82951110
1.68018561
1.12443502
-0.42170557
1.24179057
0.94382721
-0.13454719
2.23197031
1.83083682
0.36624561
1.31569093
0.47369631
1.27617828
2.24177432
2.70258278
0.33977463
0.74028320
-0.17544243
0.81539902
0.52718252
2.36442486
2.84964537
-0.64583706
1.51300653
0.47737038
-0.89232458
1.63628476
-0.26016595
-0.31030483
1.04139044
1.70014570
1.72405133
1.04003581
1.91508332
0.80072868
1.28706821
0.94283016
3.35965548
1.05207094
1.98322507
0.50582978
-1.09598731
1.68800820
2.33585229
0.90312687
-0.37631589
0.51032190
0.67492212
1.10770719
1.13576513
0.79938621
-0.04278456
1.79974375
-0.99488696
0.53108644
-0.88723649
1.21366601
2.23286555
-0.45845204
1.22637816
2.80055240
1.08663388
1.25236480
1.89794053
0.07139011
1.25053523
0.49035731
0.49493274
0.82096664
1.00432421
2.04960318
1.80554032
1.05829670
-0.01107207
1.61252251
2.43044773
0.99743638
0.01349659
2.38864929
2.73223550
1.18100773
1.34271426
2.47296503
1.55637885
2.39197310
1.46522865
-0.01129605
0.61749082
2.83479429
0.41780094
0.44589594
1.76985567
1.94642298
0.44812421
1.03727811
3.74117605
-0.33144032
