1.75316695
2.20700446
1.21058707
0.72705362
0.91678978
0.66119036
2.45736455
2.40103198
0.27532769
0.28829843
1.74842244
2.90580428
-0.64339037
-0.65105215
0.84776227
1.88309501
1.81223350
0.60954200
1.20397516
1.32231111
-0.02991053
0.22544854
2.47857735
0.70103951
0.10120492
0.22609814
0.88706207
2.29563350
0.56870183
0.82893107
-0.29126372
3.23543649
2.26513044
1.48331047
-0.25019461
1.66522491
0.96121464
-1.05241894
-0.19616101
1.08755403
2.05650612
3.74833154
1.13557351
1.16910857
1.37340941
2.19189640
1.71571005
1.85198804
0.96747635
0.10894104
2.30636410
1.06125317
3.19428166
0.84457805
1.53897069
1.37004270
2.20078422
2.03536976
0.29944139
1.22490481
2.73034479
1.30561864
1.76958082
0.29919954
1.66670224
0.51054297
3.02758008
0.16339769
0.63526841
0.46624731
0.47871859
2.08988542
1.12903640
1.90762341
0.14604973
-0.36055812
0.02344860
2.65108121
1.22885790
-0.41790921
-0.66236798
0.59253313
-0.12094737
1.00286712
0.25300183
1.40378293
1.23803678
2.40015318
0.83623090
0.44376414
1.27115873
1.18377072
-0.04538046
0.12850881
1.51355999
1.70104356
1.82347480
1.24520686
0.74340555
-0.31337248
