1.18545385
-0.41340227
0.66903878
-0.19828606
0.18262227
2.19079961
1.21997651
-0.14409134
0.79385646
-0.04725757
1.95384325
1.24326020
2.59544243
2.19226678
1.05055905
0.75670610
2.10568129
1.40288103
1.58111573
1.98191234
0.63594427
0.88133929
-0.87771238
2.27616106
2.40388410
0.02642762
0.16821071
2.37149372
0.05026232
-0.69380237
2.17087695
0.33379656
1.69820685
0.83414646
-1.45036071
2.03402745
-0.82766379
0.81811701
2.75254737
1.11964112
-0.39619542
-1.32044033
-0.82562742
-1.07807024
1.80693261
1.75743039
0.63610674
-0.95850359
0.25232444
2.84230774
2.91463390
0.71793435
0.81767257
1.74322668
1.73030948
-0.20305767
0.32947098
0.24265754
-0.00155185
1.01229869
2.79910929
1.49638196
0.73432090
-0.42322257
-1.22841159
0.21913647
0.88651504
1.02988480
-0.10495531
0.54365942
0.27376708
1.17764154
-0.47480092
-0.18895582
0.45069868
0.08038393
1.85657685
0.96015580
3.01797717
0.14326707
0.15135424
1.00948101
0.39637371
1.00089126
0.87817721
1.00233942
3.48851160
1.56994663
-0.39961059
-0.04879844
2.53916392
1.22718565
1.08542839
1.39606934
1.57715756
1.72029660
0.92546545
1.12762869
0.32009899
2.82901507
