2.31372362
0.19070265
1.98309543
-0.22266737
-0.60442490
-0.24063696
0.20137442
2.08263676
0.68328852
2.94812033
1.69671732
0.07033851
-1.41090496
1.05394021
2.20409405
0.80678353
1.14227083
-1.44618713
1.35139526
2.00202611
-1.02369836
0.62421078
2.12722471
0.88266708
1.76105308
1.52588741
1.47817627
2.44017882
1.78286323
0.17324086
3.41528465
0.13673105
1.68330162
0.50572715
0.96197004
-0.29014835
2.68591431
0.27656497
1.15439770
2.21028864
1.77806350
0.77594228
0.71949253
1.13648034
0.57915468
1.25628260
2.09543814
0.69378615
1.76903708
1.14360937
0.99272253
1.20076099
-0.03127280
0.15987902
1.80442380
-0.07159700
0.45091440
1.44550250
0.88739278
1.87691860
0.72886501
1.30866576
1.66486350
0.86775342
0.75290099
2.72876620
0.22537004
2.29050689
0.33191873
2.57060450
1.99094751
0.40384039
1.45564034
1.52985157
0.70115403
0.69285525
2.31861306
0.54457611
-0.58416206
2.47700876
0.77851517
1.74013577
1.61321877
-0.97800352
1.41924521
2.21552614
2.04201594
1.96501304
0.56470181
2.33424651
-0.45643218
2.61320053
0.32072419
0.87865031
0.70862665
1.39307350
2.62737037
3.08354277
0.58630066
1.52826414
