-0.92388167
2.33299769
0.08967513
0.93310317
-0.03437113
0.68947287
1.53595627
0.73710983
0.09588551
1.77866217
1.93680374
-0.45887690
2.02752938
0.97207606
1.13940751
2.72404585
-0.21326545
1.11515583
0.51443136
1.76975313
2.30088756
2.25786228
0.34641227
0.42103499
0.03856683
1.75921370
0.83142938
1.63299809
2.38013572
-0.40752487
2.77318763
0.50197951
-0.27688703
0.33404885
-0.71344325
0.69424810
2.16744742
0.82198965
1.22781293
0.79719211
0.86023417
0.62970211
0.55762990
1.16049962
3.68890165
2.20944428
0.91297211
1.79195180
-0.82274022
0.41159549
0.72837779
-0.34700382
1.58328937
0.49159168
-0.04149894
0.76692690
0.79163924
1.85919320
0.52412289
0.40052392
-1.09473630
1.31347634
1.81750013
0.32395835
1.19684637
0.25115900
-1.75927264
1.07296925
2.06444815
1.91597112
1.24486684
0.00685379
0.87074683
0.91647304
2.33162870
1.44936069
0.33250952
0.03437308
1.60254359
0.72979253
0.25620591
-0.45046760
1.53892746
2.72043790
0.77152203
1.00570365
0.99256045
-0.19642456
0.61476573
0.38554896
0.84203925
1.02336560
2.88513065
1.58645412
1.18106908
-0.09848467
1.20272863
1.28150452
0.33301198
-0.32220904
