2.94712922
0.47600216
1.79037415
0.92041789
-0.08058664
0.20325618
-0.02861348
2.54822318
-0.63923543
0.73293373
1.69039882
0.34574265
0.06671128
0.86181656
0.35781497
0.71241976
0.11268308
1.26198590
1.47807128
-0.36374726
0.58678429
1.66862806
0.46878282
4.06697129
-1.34439721
2.69264306
0.97790827
0.65529855
0.95884079
1.56407489
0.07719762
0.38177978
0.55476868
1.43244935
2.24655020
0.66353571
1.10994459
1.76636311
0.85622837
-0.01900200
0.69350678
2.54831588
2.05592462
-0.79413240
0.36493143
0.76471527
2.00208207
0.51026841
2.38292682
0.88806530
-0.29703330
0.03131227
-0.59647877
0.35762628
0.58856782
0.26298859
1.73259369
1.11314202
2.97352202
-1.67567863
-1.22671998
1.02130757
1.86516116
2.16211606
2.59744556
0.70495151
1.73645115
1.81508357
2.00953116
1.53832000
-0.55091336
1.45203005
1.83498138
0.50671727
0.72042262
0.67449180
1.47632742
-0.61961157
2.28695105
0.37136994
1.00635633
0.44924078
2.09470212
2.01518981
-0.69188184
2.10808706
2.58863114
-0.88977096
0.36026519
0.76335113
0.05501488
1.16938697
-0.33345028
0.51953969
-0.19670864
1.49846539
0.78817275
0.85107201
1.61309440
1.15778060
