1.07669268
0.90496021
1.05152128
1.54664303
-0.85922760
1.45498355
3.86123356
0.07226209
1.00456862
1.76009992
1.53790861
1.61666617
1.06928832
2.37455098
0.69925778
-0.33702375
-0.52144559
2.95415136
1.77572576
2.15135062
1.04078849
-0.52012669
1.77248561
0.78845628
2.51656157
0.51975289
0.02995117
2.26440449
1.17424708
1.32815061
0.22017864
1.09129483
0.16600072
-1.30450070
2.41255445
2.29877198
0.59653214
0.47519537
0.14485189
1.96605169
1.72972852
1.59711088
1.36988156
0.38294200
0.40200227
0.58273102
1.41199564
-0.18675941
2.39258120
-0.77178698
2.40479409
0.07727329
2.51532366
0.97890759
-0.25904500
0.09082909
1.26704366
0.16800527
1.34753052
1.45633409
1.64425592
1.04270789
0.58749010
1.01730383
0.22527465
1.62553834
1.41493827
1.56362265
2.33383236
0.55863891
1.07030529
0.20914520
2.14337424
-0.11451306
1.74563946
0.72359301
1.07015668
1.22585418
0.74946407
1.32745837
-0.23685301
1.41486079
2.88646844
0.57222134
0.37315206
2.38999530
1.55388928
0.97637411
0.77398068
1.10445453
1.03830526
-0.65729128
-0.17457296
1.00110580
1.30242209
1.17123984
0.00558619
0.61607937
-0.87764799
0.33229728
