-0.13706302
2.53180704
1.55273800
1.23682134
0.26643220
1.65677443
0.90811347
0.79819921
1.00714619
-0.80359354
3.12813503
1.37520962
1.66563300
-0.30653206
1.31259267
-0.25545988
2.83977927
2.74931156
-0.25105972
-0.13102442
0.75627857
1.43103102
2.40560835
1.61260801
0.83189196
-0.18094533
1.58979225
-0.49437427
1.67989174
2.14364843
-0.38356055
0.44552872
2.54778806
1.42322032
1.67202207
-0.54485066
0.85929487
-0.13692112
2.02848566
0.21103580
1.29867028
-0.03060157
-0.44369571
0.89000244
2.00624780
1.31406180
-0.34750331
1.63449999
1.40649621
2.45884314
1.25084641
0.68614541
1.47795206
-0.14950905
1.58695748
2.52280680
1.25690681
0.97184384
0.99871205
1.15569343
0.19990654
0.09895635
0.92252950
0.70119691
1.01208418
1.64779042
0.54080757
1.03226376
1.82517038
2.62681808
1.07672539
1.08860731
1.26880450
1.31386244
1.48814783
1.91536697
1.60162061
-0.22434917
0.45544776
0.89715188
2.01188496
1.31167907
1.69019592
0.08200014
1.40307419
0.11443925
2.46251523
0.98533465
0.71343440
1.14677497
0.72477507
3.85745675
-1.59123686
-0.03928729
1.45642931
-0.42520806
1.08649244
3.81015847
2.45917744
1.15379194
