1.87055918
1.47761583
1.20505059
-0.48894558
0.57122298
1.43702905
-0.29476093
0.95757657
0.17209876
1.18900934
2.74413278
0.74897784
0.32613618
0.63366301
-1.15733821
-0.12074466
0.68446390
0.89492084
-1.61212488
0.29670654
1.18532220
2.51833234
2.02445026
0.48253140
0.35332634
0.57450019
0.32121957
1.48905629
1.40983553
0.70388874
2.33438508
1.85064523
0.55348387
0.01327416
0.52575683
1.41413431
3.55231335
0.23554655
0.75749489
0.51883823
1.56983534
2.14254366
0.50626974
1.61463617
0.28236059
2.16577836
1.93219043
0.41943971
-0.18954654
3.55790883
-0.92858576
-0.02434078
1.67243744
2.48510344
-0.03807015
1.71296762
2.19702339
2.41573155
1.00969161
0.98484325
0.21745518
1.94518928
1.59563091
1.81255606
0.01029162
0.68419652
-0.02074527
2.94194218
1.79126805
1.65820213
1.13035420
0.63713504
2.35917775
0.53357140
1.03179985
0.52548607
1.18561919
-0.77842618
2.27223251
1.98936174
0.28387971
1.23041323
2.05871666
1.09538365
-0.94370224
1.27473168
3.07101814
1.71135130
2.53448440
2.25125238
0.85302751
0.42670386
1.23636295
0.29652343
0.46029124
2.13951651
0.93370587
1.74917759
0.38453076
0.16355694
