2.46262943
0.45508977
2.67110697
0.63752365
0.22739897
1.89960531
1.21756510
0.53804678
-0.17292180
1.90784816
0.31396733
-2.04392931
1.75561789
1.43029449
0.07016108
1.87336848
1.67634921
-0.07474651
1.98259478
0.60280024
0.74636071
-0.55115508
1.18324254
2.09282708
-0.32687065
1.45874888
1.33938278
1.16054588
1.40007861
-0.10487228
2.21282711
0.84793486
0.75167178
0.47612544
0.21265624
1.18533744
1.81684329
0.14310480
1.16309341
1.59736890
1.37628835
1.71663636
1.61799985
0.99123275
1.04086621
0.99479960
0.29661181
2.29605132
2.04478178
1.18180372
1.31205242
0.48506484
1.25593943
0.50177604
0.49333778
2.34163588
1.38966285
-0.32968273
-0.35687229
1.69544790
1.53876725
-0.14762078
0.87377284
-0.61715950
2.36886916
1.49070493
1.95953493
0.87606818
0.96055838
0.14445080
0.42375830
1.56887435
0.63594855
2.40803596
2.45194448
2.55682833
1.19780712
-0.11177046
-0.47157930
1.53985576
-0.21330444
2.54816541
1.01185043
0.93182228
-0.07976766
1.48404346
0.76858642
-0.97831691
0.87490938
1.82103141
1.00768302
1.31929449
-0.72311976
1.01448616
1.46829755
0.62523082
1.16030700
-0.27525587
0.01034856
2.28323236
