1.98167872
0.59127777
2.44011169
1.69760279
-0.46824239
0.35656190
0.53967420
0.73035818
-0.57971478
0.59817261
0.17505605
2.10061141
1.53771810
0.58547943
1.05978493
2.61940760
0.31493865
0.64301062
0.89331128
-1.53561491
-0.02247892
1.14301770
0.14762374
2.16020373
1.72857014
0.52013561
1.14789473
1.71414930
-0.22379509
0.95410567
1.71782204
-0.88197094
3.08214020
2.47999913
1.88465796
0.95808747
0.69543881
0.41624782
1.40699227
1.67020189
0.37410077
0.62883670
2.45737502
0.39452672
2.06192518
0.96541950
2.42365908
0.41443371
-0.33266408
2.35289470
0.26159023
2.50359688
1.63504480
-0.54781565
1.24777083
0.76372109
2.03372895
0.81903726
-0.42137616
-0.30739997
0.65959100
1.12662173
1.41504236
1.39445116
1.53559541
1.65925159
0.40688298
1.23080487
1.45883782
0.84787462
2.31540838
-2.35298349
1.68737504
2.00329767
1.65011142
0.31086205
1.87815355
1.94870783
-1.57429683
1.09008462
2.27234530
1.21605448
-0.54067319
0.70380805
0.91473964
-0.41255442
0.27404348
0.19149884
-0.11930132
-0.21025736
2.96849993
0.79677436
0.75623942
2.50241465
0.04607104
0.42258814
-0.09693088
1.52771336
0.23809146
2.17220310
