0.86950432
1.28178021
0.27150931
1.64681696
1.35135159
1.87567854
0.26700799
0.79411429
2.89975088
0.22032385
1.24625433
3.50918589
-0.33236140
1.50608127
1.93931314
-0.40919467
1.00354730
0.14687185
0.83296965
0.78770041
2.09057605
1.64890622
-2.40972603
-0.23381542
1.76130522
-1.76531706
0.78198857
1.79790678
0.48769772
1.47587138
0.93107124
1.04130771
0.71532524
0.77327589
0.96584211
-0.23825231
1.13503314
0.94358101
0.08624354
1.78968289
1.33377237
0.42663218
1.35768553
1.89729924
2.31607117
0.15049666
0.11754377
0.41110105
-0.95984683
2.83957107
-0.30124103
0.53939356
1.58819387
0.74635218
2.27522773
1.98398959
1.26129910
1.62156355
2.05687481
1.42922514
2.21262100
1.91635079
0.03538154
0.37020741
1.45286754
-0.85649146
1.23332324
1.13915971
2.16037841
1.00125830
0.63903923
0.01845081
3.85583053
1.24974629
1.98142253
-0.59688568
0.87912981
1.95267744
0.48684589
2.06941051
3.20683780
1.46035918
2.22789225
2.40666461
1.99811885
-1.17956274
0.72050664
0.97032950
0.30538423
1.65208325
-0.04748706
0.69521500
-0.27350270
2.49746319
1.57995372
1.42705716
2.54558030
1.79955267
-0.47352392
1.91680139
