0.54349936
2.29705059
1.28833373
2.18608196
1.09248719
0.49401963
0.18040460
0.90578187
0.11653312
0.27741335
1.00583915
1.33553386
0.67411389
1.29562527
0.97380238
0.43193272
0.40252312
1.22166384
1.28920204
0.55242298
1.85142444
0.28832633
2.09589712
-0.19333061
0.13699422
1.40118363
2.54935458
-0.76080171
1.55944054
2.05454729
0.54808948
1.48174956
0.53707097
1.62210280
0.81353959
1.36196707
0.55731307
-0.23760261
0.08844999
0.75569834
0.36864583
0.97077547
1.01322889
1.02817414
-0.59940322
1.55869521
0.35417191
0.03555367
-0.07129268
-0.42949644
2.42103347
1.77525647
0.88487748
0.73997351
0.62478770
0.71803360
0.75515279
2.51622121
1.48805862
1.05363584
-0.63965270
1.91683341
1.59768461
0.92890349
1.10762110
2.71338409
0.21274353
2.49373518
0.86394664
1.75563002
-0.51311374
-0.39796807
2.28936129
-0.39038742
-0.03572864
1.24377370
1.00501932
0.34569475
1.27810766
0.35666658
2.65434674
2.14508161
-0.14746503
-0.20728404
1.67847994
2.10781294
2.01833584
0.75027723
2.33503939
0.72696137
0.43833103
-0.64117458
-1.16046146
1.16483374
1.19367755
-0.69873923
1.33248861
1.26789186
1.25853948
1.05130379
