0.73775806
0.23552540
0.10989331
1.00875777
0.66611529
0.68264083
0.82243867
1.95953368
0.34981182
0.02902648
2.73462625
1.82422056
0.48231411
0.69773246
-0.08028797
3.05120103
1.01059310
3.05244950
-0.12616501
1.06036866
0.80509791
1.54655305
1.29673105
1.48948866
1.09397352
0.48190736
-0.97284456
1.58226430
1.55230352
0.37313448
1.70489497
0.03553842
1.34167940
2.93643163
-0.20536721
3.04474720
-0.59451564
0.48723173
0.58527126
-0.04851668
1.56521217
2.31340454
0.09376162
1.83141923
0.43863578
-0.16314764
0.41214548
0.10168212
-0.91246931
2.45815488
-0.00520043
0.81434491
-1.38660658
1.60767699
-0.31344300
1.89387704
-0.19292640
3.11943344
0.09552607
0.00201387
3.32329585
1.27720978
2.23973770
1.82273158
0.77805661
1.38410568
1.27917568
0.53983715
0.01278148
1.17257578
-0.95737826
-0.72265675
-0.04345744
1.61190156
2.34170970
1.33334245
0.87606304
1.00799031
1.70413347
0.69930288
1.07232914
1.25478332
1.63276770
3.27282076
-1.43917443
1.01767892
0.29005373
-0.16125125
-1.78072242
0.56547730
1.66321056
1.24195304
0.79460789
1.56954517
1.47651248
-0.06259399
1.07750696
-0.11156215
1.28134530
-0.79310235
