0.74486156
0.19788181
1.36224461
1.00159785
0.90459288
1.37005744
1.48023040
1.37034450
2.24754681
1.58227491
1.41315320
0.78744659
0.27406833
2.72584255
0.46382738
1.05180046
0.25887313
1.27575483
1.92489745
0.57060957
1.57420528
1.16117225
1.54580894
0.59069748
-1.65594999
1.50199209
1.09326462
-0.16694508
-0.60360358
-0.79250673
-0.76114168
0.72870537
1.39276734
1.53131489
1.34425945
-1.87837520
2.43002056
-0.36292727
1.43493670
-0.14259703
2.12028914
0.98242940
-0.27959497
1.63140359
-1.39768411
0.97582237
0.71184219
1.28357612
1.51035966
0.45459107
1.23712410
0.57265957
0.62827872
1.26381970
1.27374428
2.79815015
0.55323975
4.08554098
1.50289204
-0.19341008
-0.05814566
2.51304891
-1.46555139
-2.43314606
1.30930323
2.80252606
1.80669957
-0.95988880
1.47346508
1.97291944
1.36393170
1.97480427
0.42907178
0.39525601
1.58123341
2.03247118
2.17037939
0.21912428
0.53069105
1.66605387
1.35111836
1.77310988
1.06088968
1.19128870
-0.12142638
2.73266152
0.71430513
0.67266126
2.32898544
1.68449051
0.51904993
2.63612425
0.16759865
0.75441388
-0.08968414
1.61435858
0.05156447
0.64610532
2.62335821
0.74528581
