1.32670766
0.27282747
-0.74552344
1.72111722
0.39335937
-0.48367489
2.03897902
3.10470801
-0.21228119
2.31407991
1.45021867
2.40413306
3.32002469
2.54728997
-1.06828110
1.56823607
0.37784746
2.22986232
-1.21288843
2.02140216
0.00485074
1.46434980
0.69641761
2.16458349
1.43031541
-0.72619488
1.20905856
0.21542960
0.60721133
0.04464136
-0.17253798
-0.43148774
1.67862356
-0.77978420
-1.12527288
1.87057911
-0.00347306
0.64466828
0.82427767
-0.59622161
1.45352176
1.57604764
1.99543497
0.59136638
0.27207664
0.22525387
3.20013219
1.24485234
1.06103798
0.42768600
2.41839730
2.00546985
-1.05613258
1.08262343
0.37234706
2.09892890
-0.04820402
0.40099454
0.52247681
0.46468013
0.82943838
1.30044618
1.36671386
1.49295904
2.53434693
2.18796721
2.25546160
-0.21917671
1.07199589
0.95584688
2.95892933
-0.12277031
4.06344725
1.94258215
1.88451223
2.45161334
0.52204204
1.40638829
0.18925747
1.04462916
1.94674121
-1.11157372
1.77483023
0.68534108
0.80425657
1.07598654
0.66502151
1.71524818
0.32342232
1.92152437
2.52609912
1.35809394
1.71147261
0.73796660
-0.64953577
0.52508219
1.89970874
1.27368496
-0.17190327
2.72066169
