1.35195028
0.72307662
-0.48776768
2.08033304
1.30992481
1.69051164
0.35262953
-0.04881230
1.97395712
0.77848784
0.31847349
0.67852247
0.19362842
1.95425420
0.23440947
2.14103970
-0.17560111
1.12358010
3.47035062
0.67473999
-0.59793840
-0.81167448
1.58187657
0.75098437
1.37774568
1.82536189
-0.37704899
1.90562324
2.76637554
2.64495296
-0.25876069
-0.00662949
0.57168645
2.07078864
-0.38069948
0.97770269
0.44546942
1.27909095
2.22544812
1.57944531
-0.13066801
0.48316319
-0.76033180
2.39127869
2.39705219
0.13493577
1.72832041
1.10022299
1.30092213
1.56715736
-0.75682896
0.89459312
2.81718886
0.22231062
1.87136372
-0.26732640
3.27896011
0.37612895
1.98272185
-0.05682906
1.17384946
1.78967104
1.23739839
0.92121184
2.32277070
-0.00699140
0.18286032
0.53074385
0.94529227
-0.06487734
0.13967662
0.51338955
2.78221375
2.40949936
1.58242911
-0.26780332
0.20481371
2.68719746
0.54045938
-0.12262537
0.94129854
0.80019879
-1.05610976
1.24154086
1.34696342
2.26513540
0.19893655
0.97684652
2.93607513
-1.08314996
1.07880963
2.72769880
2.36528943
1.12057692
0.23458555
0.92081463
2.42344260
0.58497952
1.89260212
1.10571657
