1.84983105
0.00902482
0.59113530
0.02170236
0.68890921
1.66392655
1.34645977
-0.12713486
1.26937860
1.31953752
1.29929953
1.74507003
1.52621633
2.71784372
0.02379036
2.66570010
3.24883761
2.40417594
0.71828842
2.12637600
-0.21716686
0.49437629
1.35320175
1.10687872
-0.95716365
0.30564580
1.71986596
-0.11598633
0.40421103
0.92542024
1.37814323
-0.02047446
1.20999081
0.40819976
0.78031395
1.90807682
0.78387991
0.64262725
1.37659532
-0.90023404
0.67890419
-1.47736582
1.12234455
2.24196277
1.71640435
1.31501362
1.00173386
1.58859626
0.42424102
1.46703985
-0.39870987
-1.16091986
2.43033658
2.55131895
0.68126799
1.68286079
1.32542952
0.24502145
3.38455635
1.19508950
-0.32757226
0.15055083
0.49898873
0.39957852
0.38401690
0.43766519
1.93025818
3.10753932
2.08100932
-0.37634752
-0.25737524
0.60431328
3.25954163
0.64898252
1.81081636
0.23007264
-0.04206901
0.14673231
2.39906028
0.63548923
1.31646954
3.72797332
2.36641174
1.07560676
0.91829584
1.04519455
0.66887000
0.69509283
1.99674137
1.96147417
0.69123372
2.14732380
1.73555896
1.37802836
1.33612756
1.04170838
2.36664179
1.46713590
1.77449437
-0.01040138
