0.84859264
2.12830718
2.86488665
0.06672433
1.76009296
0.95453809
-0.03314038
0.56070971
0.25203231
-0.71492457
0.83358510
0.52658959
0.23829237
-0.35180465
1.78019810
1.13553391
0.38479107
0.29568529
0.66210501
1.67608251
-0.97139954
1.38944615
2.81359648
1.50447850
0.46270114
0.44357850
0.55115698
3.51997216
0.07805483
1.64304339
1.64856312
-0.03236007
1.05377875
0.25048723
0.80642355
1.28064010
2.38848401
1.56143577
1.46648938
1.12633222
0.43827320
0.40545067
0.55451292
1.95432500
1.72102936
1.42336318
1.50035065
1.34340644
3.21899709
2.16374568
-0.39629887
0.77696028
1.22997768
-0.04187359
0.42505573
2.77986282
1.47693735
1.89743144
0.54302232
1.27471193
1.61798277
0.47569957
0.23283129
1.08806394
1.18663893
1.59063819
0.56594509
2.28423942
0.38096564
1.79171752
0.99769890
0.11965838
2.33273904
0.18855062
0.20088044
-0.25197016
-0.35796467
0.91387434
1.17890036
2.00636399
-0.15998129
3.49582129
2.13092949
1.92546830
0.75174361
0.24011258
1.30409458
1.27872124
0.82414780
0.93188160
-0.50100343
0.38640691
-0.20534626
-1.36001796
2.13609227
1.04210739
0.39350994
0.02261805
-0.89295227
1.68483714
