0.33539339
0.08423612
1.67270286
3.30954737
0.99943746
1.64746699
2.08877263
1.04668283
0.72347589
1.17344252
1.34919865
2.22196616
0.83040714
0.57943953
1.87495822
-0.71950930
0.71158379
0.91247998
2.06965534
1.13334501
2.15630586
0.71952214
-0.92517163
0.97498359
2.50646317
2.21000846
1.17694678
1.51982061
0.87933257
0.01090077
-0.54217869
1.68164182
0.15185469
1.83715301
-0.26489517
0.50207763
1.09366851
0.75336200
0.80119461
-0.43862321
1.06812523
-0.35182112
-0.95477720
1.51171064
0.84452196
-0.38415062
1.80659973
1.53450216
0.16309219
0.64250736
1.26254162
-0.05064581
1.44127200
0.53136950
1.76749409
0.15836162
0.28383826
2.65828815
2.20203860
-0.87697752
1.01055474
0.62685774
2.40485216
0.08696609
0.01618084
1.20593227
0.02841164
0.59584564
0.80268054
0.61610820
-0.08744276
1.46236283
0.43094752
1.85576486
-0.17677509
1.91155255
1.00139164
-0.57741977
0.56590220
2.91105878
1.81382901
0.95323215
1.60955169
0.68522275
0.34142974
2.07702507
3.05588115
0.94558162
1.36657790
0.67917514
1.09158493
1.14484539
0.35509758
1.17506623
0.53658646
1.00090801
1.19282258
0.52805600
1.58391282
3.28452586
