1.76922925
0.72340029
0.94100925
1.62165323
1.53229911
1.22803105
1.96485030
-0.55008609
0.21366745
0.10224451
2.00494361
1.56314688
1.39188203
1.79643618
1.01409904
0.45395310
2.17684277
1.48930346
0.45769888
0.35704960
0.78399785
0.90786887
1.39126440
0.13137289
0.57093298
0.67804641
1.19634327
0.43787310
0.61422241
0.64391942
0.57177941
1.69274581
-0.16471492
0.12108283
2.15874790
1.00362050
-0.54993061
-0.76235627
0.41496856
0.24073034
0.17782411
-0.47173593
0.54846860
0.43950765
0.95300323
-1.04944992
0.20575116
1.28460290
-0.61354627
1.97238862
-0.13154134
0.05004594
0.35575430
0.53043213
1.06179393
1.14183917
1.12599560
1.09256114
0.43848140
-1.70885168
-0.45817178
2.17753370
-0.08385735
1.04655936
2.09876870
0.54613583
0.41396789
0.45037472
-0.09259533
0.31489556
1.96397434
0.18535419
0.40784560
-0.66558441
-0.26190752
0.34984891
-0.68717782
1.12530657
2.45489889
0.52730744
-0.02202802
1.93226254
1.27417804
0.19770314
0.95087901
2.07220670
0.44230397
1.44779376
1.78848153
1.53349613
0.70388121
2.61563140
2.37856664
1.00088406
1.09634668
0.84463817
1.27637532
2.12224703
0.97945478
-0.78111184
