2.90253013
1.79646003
0.11477385
0.32073691
1.30442962
-0.42982076
1.28443753
2.53976519
0.07920250
1.29231860
0.65656412
0.08596930
-0.06285599
0.48081663
1.43649433
0.45905400
1.81393082
-0.39279188
-1.04744719
1.60984101
-0.13520564
-0.01994403
1.97574187
-0.46630275
1.22716340
0.94445264
1.93120636
1.42887618
1.91513777
0.26534068
3.05500044
0.44096944
-0.18785993
0.32349462
2.05219511
-0.40501237
0.57206141
2.92634925
1.49441775
0.74061083
0.19237807
1.30117291
1.27637968
1.15454677
1.57842295
1.21739460
2.33804641
0.52005683
0.98839711
2.68298731
0.72390321
0.70682710
2.58385068
0.78772856
1.00766096
0.21366296
-0.06931037
0.30117127
-0.48986839
0.22678449
-0.02633712
2.06785997
0.47272973
0.11122080
0.55579339
-0.37789505
0.71097936
1.93201320
1.29408448
0.35259758
0.65464669
0.37772995
2.16970688
1.50440051
1.09057257
0.42454876
0.67870596
0.52534683
2.50923968
2.72532416
0.36906238
0.51586053
0.59010230
1.59925867
0.19653236
0.92837083
-0.43625137
1.22683724
1.74674101
-0.09577690
1.59032373
0.51162380
1.93512793
1.86150770
1.86047200
-0.31497225
-0.92359613
3.09766701
0.44360535
1.06475127
