-0.21932203
1.06204197
-0.39995133
1.64026740
1.75464348
2.92265916
-1.08216425
1.68444269
1.36522571
2.50437328
0.77790012
1.56995093
0.17558759
1.99359201
0.58186129
0.83064185
1.45787675
0.68927859
2.58638542
0.94103861
0.24278686
1.02610952
0.48474747
1.10279597
0.52334734
0.72207295
0.84277077
2.19332128
1.11208952
1.39183682
1.54049386
0.95550869
0.66643646
0.33882475
0.03874010
-0.01290961
-0.79445300
0.04692760
1.15910879
0.75854518
2.19079316
2.14135887
1.43050230
2.00324183
2.30962751
1.04420253
0.97073131
0.76725939
-1.13967610
0.32307776
1.56389236
0.24259070
2.34070210
0.40228020
2.78365113
1.57856891
2.56632359
1.16749939
0.30873932
1.26722056
2.02900640
1.78092446
0.32550264
-1.12254911
0.86247182
1.67942517
1.97173404
1.27845025
-0.96720228
0.34928967
1.14487086
1.66655265
1.36618793
-0.34758684
0.70091711
1.19354701
-0.41135675
2.20411517
1.77550590
1.07440900
3.21564309
1.13032447
0.26484975
-0.09394727
1.00497354
1.09453735
3.21757109
1.60493427
1.65088402
1.91650296
1.25598451
0.18639570
1.50712441
1.88664844
0.70512110
1.21917553
-0.48920989
1.62441722
1.40022227
1.92516927
