-0.35528436
0.58601900
0.07414623
-0.08053935
-0.07607030
0.55361124
-0.12663757
0.91566204
2.53979118
2.06258541
-0.28004607
1.66327370
1.63063994
2.13021718
0.53001140
1.85827833
0.28075087
-1.00772067
0.54605437
-0.27231817
-0.23824278
-0.18577097
1.57021323
1.10176982
1.21863523
0.53385725
0.42926594
0.59757683
-0.86920333
1.23071677
-0.01035694
0.49445534
1.16823804
1.34008524
0.33931100
0.42275277
0.58300291
1.54745990
1.28310571
0.40316832
1.48608257
2.45152435
0.56567716
0.91523832
-0.10043062
-0.45359906
0.21562171
3.45214892
-0.45713912
-0.07135505
2.08514634
-0.78187465
1.79911746
0.69100144
0.32865532
2.05781218
0.56889795
1.96132014
-0.64480387
0.31399888
2.49326164
0.53714236
0.57242240
0.83212546
1.71287883
1.27210604
1.33375025
0.74587382
-1.70690449
2.59093909
2.79736935
0.68349179
1.05387040
2.63152961
1.40303973
1.80335283
-0.55990784
0.69334320
1.17407057
1.58942960
-0.51480554
2.99523687
0.29225994
2.97901601
0.96178567
1.11546697
0.67978712
0.54848583
0.24135930
1.28246642
-0.05093295
1.68580849
-0.38138100
1.53169864
1.62933359
1.11472999
0.71164054
0.49527286
-0.62699810
1.06556413
