0.63338997
0.06982892
3.55042439
-1.75536967
2.32228417
0.61390989
1.37862449
0.01384571
0.62918898
0.96553013
1.33148277
-0.39831905
1.37047306
-0.28047998
-0.47471406
2.09253778
1.52106083
1.58146746
-0.52973645
1.83828235
1.58108957
1.61627967
0.97095810
1.25966659
0.28715756
1.29302281
2.47182396
1.87442025
1.70235438
1.62772275
1.38783134
0.98365843
-0.90029043
0.51195061
1.23476100
0.35870199
1.59176916
0.57074749
-1.54886399
1.77261469
1.09126188
0.58336876
-0.49274261
1.43637005
1.55935979
0.30404214
2.39230631
1.68012614
0.90532419
0.53644240
2.05059678
1.26150820
0.31721767
0.47404236
1.90970230
1.77294594
0.51966046
2.69997428
1.68971015
1.53336024
-0.09405622
1.45757231
0.40636151
1.83058856
1.97658841
0.36916955
2.21523216
1.31148010
0.12100685
3.01160103
1.06935723
-0.41276114
0.05099682
3.45981124
0.96414524
0.11093397
1.60356727
2.23190947
2.07138933
1.61679605
-0.33072104
0.23830907
1.10743655
1.20949500
1.25317684
0.56107726
0.55138955
1.37191081
-1.32589847
2.38853700
0.57641274
1.42786257
2.12714625
3.19982783
1.44107391
0.82646597
3.11568026
1.96090450
0.85594018
-0.78452002
