1.71198340
0.55862913
0.66240755
2.28560790
0.22607110
0.92594279
2.68748567
-0.16180962
1.48113848
-1.40234770
1.28761673
1.18518307
0.90481729
0.83060133
3.11543372
0.39658604
0.96296167
-0.62024217
1.64640586
1.30693249
0.72164108
1.30154885
0.59728511
0.78125584
1.06602172
1.72891151
1.55897891
2.39569760
0.67925374
1.23847427
2.79260181
0.93361092
0.36260777
0.81857956
1.31010875
1.00328902
0.60192561
0.40083592
1.69701815
0.31623931
2.49504903
1.37173226
-1.11793107
0.65031873
1.42000636
1.43392420
2.75343900
1.23541609
0.89053555
1.34506155
-1.37181849
1.65313949
0.74562265
0.61397756
2.63054006
0.28054583
0.49044229
0.06051796
0.08351099
-0.86219169
0.07835901
1.23270190
0.08415002
0.70573099
0.85888154
2.04394575
1.65735262
1.55007850
-0.20916072
2.03708967
-0.19010023
1.72951989
-1.54489029
1.78352972
1.61299521
0.91552722
1.36152345
3.50955858
1.08798273
-0.38189300
3.20033360
0.30195129
1.23704007
-0.46624483
0.47149482
0.91379140
-1.36045162
1.75715401
-0.52774619
-0.42691784
-0.24688232
1.97284534
1.03271544
-0.05046938
0.87010618
1.96777281
-0.16966342
-0.55688706
1.53551443
0.63862583
