0.49804631
1.18568583
2.19160449
2.71543931
1.12564701
1.74374267
1.25933712
0.48887087
2.03348669
0.93630198
1.79248590
0.51396256
0.84118312
-2.35764603
-0.03847132
-0.14739920
1.65979614
0.00809041
1.20582306
1.23265369
2.26964284
0.20241404
0.46627999
2.09065677
1.57588030
0.99105394
1.68043508
1.74965101
1.60613616
1.47859892
1.29827419
1.60098237
2.68947284
0.45303746
1.57780790
1.64438728
1.83028634
1.47727223
1.46935082
2.17430190
1.57513685
0.43348536
0.40866626
2.55363410
2.95372741
-0.34432843
2.73636658
1.51974543
2.44828994
1.08296075
1.46149871
1.79745149
1.07297771
0.19655478
0.77304147
1.01152790
1.29061029
0.37535591
1.00414603
0.13709125
-0.54748439
0.96204317
0.80429378
1.78583408
2.96728075
2.37593445
0.54874758
-1.48693765
2.05134008
1.17335708
1.04594086
-0.99820353
0.84456958
1.78407676
1.30339317
1.53232681
0.65082691
-1.28740009
1.51190437
0.22624779
1.11306956
1.52246991
1.44006804
1.06764061
0.55065589
0.75244627
-0.12577007
0.17003711
-0.24868837
1.16102896
2.05450238
1.15758631
1.23032505
-0.25622902
2.38069065
-0.14764179
-0.46582442
1.65199600
-1.01057554
-0.62320387
