0.71032493
0.73044093
0.21834691
0.80610611
1.77942429
0.06098934
-0.09263405
0.58161948
1.32669761
1.51124284
-0.64841119
0.65364920
-0.56949932
2.75066466
0.29150168
-0.49557054
-0.60984814
1.70901483
0.49302257
-0.57339107
1.72401127
0.88655307
1.10152512
1.46868575
1.41748321
1.49685351
1.65234580
3.88729603
-1.80820881
1.23285196
1.14883132
0.85580863
1.84634156
1.07531559
0.95453613
1.18359633
1.77964544
0.57292871
2.04748959
0.99172296
1.08013259
1.67875117
0.25710333
-0.30525070
1.75932763
1.37626346
-1.07824515
2.27117605
0.26520426
1.99203177
-0.21580713
0.85806699
0.86499235
0.13998024
0.15179862
-0.99621579
2.14000383
0.93159753
0.28407563
2.56376586
0.48306537
0.43737216
1.56616991
-0.81687913
-0.48393951
1.24231862
0.92660824
1.79046372
0.13675477
0.88493720
0.82769621
0.34348055
-0.08938678
1.04774315
1.35071954
2.55556808
-0.18795648
1.83010309
1.02767190
2.09447222
1.40228467
0.65672036
1.62581125
0.83457256
2.18747772
1.34148736
1.58199729
0.14448393
-1.09331209
0.57219518
1.13951765
2.25195972
1.09025224
-1.57615976
2.43231111
0.00336049
0.58755676
1.46448315
1.42137802
1.98038748
