1.68597175
0.48870639
-0.78502097
-0.17890860
1.82467417
1.16439663
0.58344719
2.60623221
1.40972027
0.76589259
3.40749245
0.61781986
0.01822967
1.46613457
3.17910783
0.86462519
0.34648686
-0.82660198
1.11448833
0.17699219
2.04615666
-0.03260999
1.20741464
-0.08381913
1.58852544
0.32001672
0.90180229
-0.15509878
2.10886445
0.45868754
2.27295914
1.74680958
1.70706797
0.66833289
0.46856332
-0.21321817
2.88183223
0.68925150
0.52945178
0.68342236
3.25976654
0.20194094
1.02303519
1.29451709
0.21951753
0.60504577
1.42193101
1.44864126
1.82810863
2.69256141
-0.68670562
2.30402843
1.99920371
1.50505586
0.34750830
-0.27443872
1.02004869
0.06145599
2.70072833
2.48895223
0.49978757
2.32297249
2.41224129
1.14589599
3.77100688
-0.19079169
0.17389860
0.53745586
2.00822739
0.78507161
0.51593986
1.43241055
1.05928799
1.19594598
0.08866820
0.61657732
1.65454148
-0.01345643
1.96553759
2.53836668
0.51403811
1.03335296
2.14824905
0.04560889
-1.21674476
1.39859099
0.75365588
0.86713900
0.05572159
1.70758631
0.61436555
1.34541077
0.32565856
1.87408802
2.64392824
0.54216928
1.48900624
3.06682881
-0.08707959
1.34702796
