0.00026584
1.48503078
0.73712732
-0.03203639
0.48276296
0.13302239
-0.09478353
1.62729454
2.83294567
2.18273228
0.91562951
1.74605743
-0.70895138
1.05075387
3.85871088
-0.97619773
1.72536371
-0.73873354
1.32684956
-0.91267716
2.07375102
0.57389249
1.29604937
-0.29037272
0.64412763
1.26155371
1.02916508
1.82377291
1.63933376
0.03600822
2.54070622
0.46694356
0.72181844
0.70664869
0.54427443
-0.84062039
0.69421922
-0.16357327
2.35792200
0.74885272
-0.69114182
2.24749985
-0.82472024
2.37825882
1.83459088
2.29752989
-0.32586472
0.66675682
2.92184468
-0.31521337
0.87581996
0.63331732
1.50540916
2.85824415
1.51056103
-0.43353930
1.54138647
-1.40001312
-0.30808227
2.33521605
1.27118910
-0.58977727
0.87645530
3.06663521
0.97819589
1.05135916
2.40216584
1.30789337
0.21856612
0.82827275
0.16637096
0.90713876
0.87223974
1.79381592
2.14689773
2.79105983
2.59064764
3.10041578
0.04287666
2.11459666
-1.18718923
0.74317229
0.26272828
2.04746423
-0.08103475
0.88835878
1.25383097
0.87783350
0.90147426
1.58248073
1.04776623
2.43277557
1.37717641
0.60643010
0.69546745
2.64190286
0.82662423
0.82629070
1.61560287
0.25206705
