0.79401251
0.85557918
0.86025474
1.36859815
0.90968537
0.78926011
1.63109440
1.41218490
2.11426386
1.05554856
1.18829730
1.38958694
0.98502753
-0.29201371
0.39858988
1.03034217
0.96195407
-0.06254462
0.76780342
1.32679333
-0.91868364
0.00291122
2.10768640
0.87454435
0.36128860
-0.44588206
2.29362521
1.90309956
1.27242374
-1.75684234
2.83191700
0.21836408
0.92338187
2.74913087
-1.12453545
1.95597117
0.69680608
1.05050658
0.77222592
-0.63544023
1.33100603
0.45798083
-0.25016709
-0.17403738
-0.83589882
0.27503409
0.75570239
2.18333689
0.87228671
-0.06579796
-0.02983254
0.82217901
0.90203562
0.44107455
2.01401083
1.62204187
1.30826906
0.54308863
-0.28289941
-0.38953294
0.55604654
0.55295524
0.53203895
1.41281140
1.75807042
0.45677666
1.82403595
1.85839069
1.48895917
1.74357185
0.01135362
0.77563576
0.87011198
1.65529274
1.60675365
1.84168607
1.95730603
1.07951916
1.67895130
1.24392175
0.58789178
1.22126975
-0.74717767
0.63036475
0.68022406
1.80595728
0.91355550
2.33089766
0.54965723
0.24179028
0.69314235
1.50009541
0.08804626
1.48957091
1.46325845
-0.40853384
1.93996020
1.94501769
0.42054151
2.87968190
