1.15836084
0.54974303
1.55909042
0.10039349
3.76088181
-0.14139020
0.15855553
1.97325741
1.94389047
0.53413774
2.11658981
0.21996329
0.69811406
3.30864358
0.23960333
-0.80682729
2.20941487
1.60681774
1.00356279
1.58878680
-0.20447385
1.59060968
0.63367606
2.27064917
1.75742293
0.99053108
1.22041913
0.39443883
-0.08498896
1.11460511
2.48367202
0.81812663
1.70646811
1.38013126
-1.01436990
0.65371731
0.77908416
1.68541294
2.64553524
-0.04849930
0.29979142
0.69987147
0.66460907
2.26126556
0.99912119
1.10247963
1.96127389
0.89037591
1.95246242
1.31138784
0.30139575
2.44163899
0.12500681
0.76138516
1.99438703
-0.01634349
0.50198814
0.32817965
-0.17755128
0.11866875
-0.84972779
-0.77852415
1.42752820
2.97780198
2.16104503
0.81682791
-0.00622877
0.99031807
1.39183355
1.86076395
0.34515510
1.56380175
2.15816186
1.71911787
-0.09586145
0.31070199
1.16222549
2.89250413
1.08527431
-0.09945184
0.96382587
2.32538559
0.74216739
1.34468659
0.92193926
1.53033306
0.89597272
-2.10531277
1.86219871
0.76980502
0.71229471
1.83955082
0.44876102
0.98220782
-0.82564299
1.65477593
-0.02733628
2.70504941
0.24946222
1.97077159
