0.32249663
1.57804219
0.86674212
1.75830448
1.12567765
1.28928541
1.27265052
-0.20721019
1.69429279
1.15968921
0.33375524
-0.27854949
1.03402485
3.37988282
1.36674706
-0.73651925
1.07398495
2.13591703
2.28596992
-1.30772210
-0.33289060
0.54670079
0.76628213
1.48452235
1.67095934
0.63107719
2.01715217
2.49971911
-0.58668191
-0.56560372
0.73926483
1.39505879
2.61876284
1.69975217
0.59261773
1.18439133
2.68095208
2.33000775
0.90171590
-1.40415834
2.79252291
-0.44558952
1.43855538
1.08912029
2.53672653
1.32602571
2.17410958
0.66872934
1.77367203
3.13373262
0.85793804
1.85477105
1.10357746
1.00818995
1.24973129
-0.86613094
-0.56417747
0.57862054
1.81659952
2.31755206
2.43404171
0.44691579
0.72396838
0.30447670
0.96820662
0.23124357
0.81136358
1.23485157
0.67779210
1.61058985
0.43461096
-0.59343420
2.08001982
1.75795359
0.04840119
1.17715475
1.27527495
2.51294474
0.34222492
-0.90289520
1.25042906
2.63181679
2.03202068
1.38326557
1.07656584
2.31496821
1.24602247
0.71766074
1.55697223
1.85889997
-2.65617811
2.41978717
1.84345981
1.04253169
1.94265732
3.80393505
2.36066247
2.01682356
0.06664033
0.98729436
