0.82896707
2.12517244
-0.44166995
1.70805315
2.97067842
1.30162476
1.48319195
-0.35977859
-0.14754042
1.38614547
-0.64848228
0.57649715
0.35230846
1.76241666
-0.16638964
3.38356850
-0.51965892
0.53780080
1.29071942
0.67018162
2.13943717
1.99319111
0.31448871
0.91781428
0.81430737
1.04277821
0.14771945
1.09086925
0.23850209
-0.12212051
1.84100710
0.65653031
-0.54363093
2.46434763
-0.33883922
0.72110410
2.42538664
2.39599242
2.19845333
2.24023437
1.68517312
1.52475718
2.21909441
1.59156594
1.34562766
1.40358380
0.12836380
0.95803089
0.78502143
2.12923990
0.84725823
0.60650705
-0.61228032
2.37873339
0.49847345
-0.24653703
1.15402847
0.68657358
0.91676373
1.01080630
0.75866183
1.22513223
0.46947453
2.22635090
0.57800906
-0.46565318
1.05654186
0.40423354
0.68292063
0.92619673
0.87162068
1.48609218
1.11641002
1.26113107
0.20062463
0.10178772
1.97772224
0.54207825
1.04131673
0.41762448
0.11363773
2.50653026
1.69913998
3.02765524
-0.02204037
1.68948505
1.58886255
2.20403270
0.64437829
1.16880385
0.01989775
1.84186962
0.66942941
0.27594852
0.98316453
1.06425397
2.45255502
1.95728889
2.61811513
-0.01057914
