0.50933807
2.60927754
0.72742614
-0.45455721
1.39063015
1.27986895
0.88568396
0.82334513
3.28627011
0.14758286
0.59490920
1.54410766
-0.14114003
0.05343684
1.75807512
1.20258756
1.25575899
0.63110594
0.91864004
0.45375272
1.80146539
0.39779940
-0.74016250
1.72716099
-0.16032188
1.60247560
0.08449405
-0.24203785
0.92229714
0.45199896
0.15551234
0.93459850
0.51423067
1.64616107
0.59620335
1.95327005
0.52634535
1.55632248
-0.49743792
3.02788305
0.55416619
0.89032214
1.08476494
2.64098968
0.81564179
1.79617445
-0.62353828
2.52178669
0.36851003
1.50587604
0.57702504
1.50974247
1.64127353
2.32176534
2.20966594
0.80407387
3.04384824
0.66014168
2.15673743
0.45764195
1.34528612
1.67158339
0.13148287
1.54182797
0.61277234
1.42393964
0.70423264
1.12102481
1.26816783
0.33389728
1.36798774
-0.69030437
0.87063967
-0.26058199
0.17366262
0.85128794
1.78181177
1.73958749
0.97081797
3.29381297
-0.20431286
1.81318931
1.67947641
2.63252104
0.24249566
1.41470057
-0.41827869
1.40795014
0.96252716
0.14448278
0.13078541
1.51338077
-0.63054019
1.04070113
-0.61847345
1.30497150
0.28022667
2.14458170
2.85830571
0.02746417
