-0.61500408
0.21941382
1.48947735
1.31531241
2.20060253
0.02656470
1.66455690
0.46476727
2.19785338
2.15000450
0.79130930
0.42340798
-0.97142158
0.55119277
0.93583658
2.93886717
1.09431785
1.90879255
1.55899833
0.46334216
0.93648734
0.57404525
1.75779208
-0.17544310
0.47016533
-0.09126036
0.94636497
1.45662708
-1.19208658
0.99239583
1.61804795
0.43783071
1.57350232
0.79052566
2.76107164
2.43064472
2.70712210
1.17776388
2.66340492
0.76226657
0.89548622
-0.44117695
-0.41949221
1.59857350
0.84265620
3.14503274
1.91021781
-0.23212042
0.35733281
2.55331735
1.36444417
1.16109940
1.57426754
0.48276011
0.16599825
-0.74605370
0.37993781
0.88363733
-0.03204594
-0.53619413
0.05093780
0.65492929
0.51692950
0.90556291
0.66356418
0.69104798
1.48117879
0.61961130
0.52803950
0.43655774
1.62501281
0.38338726
2.62043612
1.00746735
1.80895876
0.04512573
0.09479210
-0.23746108
0.17734542
2.42842011
1.32066842
1.74053759
0.41320497
0.24165553
1.88516641
0.05060158
1.69694381
1.14151966
0.19180837
0.76605442
1.59390056
1.52348152
1.48769913
1.09693775
2.34652664
0.86838183
0.61922739
2.64394707
2.03976564
-0.24415696
