2.58094100
0.52616303
-0.23304550
0.87298994
0.23588263
0.10133326
0.00791524
1.21404933
-1.01708228
-0.12015804
0.04403309
-0.23193568
0.05320281
2.87069786
2.60847096
1.23544930
1.60032142
2.86495891
1.41378683
0.72630965
0.18180369
1.32479841
0.48208242
0.41297803
1.84262346
0.84573954
-0.02549756
2.32578276
0.98441569
0.29925721
1.84615156
1.61976119
1.21866658
1.92066083
1.14465791
-0.01708407
1.04195782
1.82964212
1.46015641
0.32924356
1.89179699
0.60531227
-0.04151977
-0.16115496
0.63962087
-1.34713986
1.35683528
2.03292229
-1.14028871
0.94928799
2.06647096
0.78096612
-0.00071304
1.62560511
0.86995360
2.39658399
1.00277436
-0.55802559
-0.67537519
-0.47602023
2.23030485
-0.29019424
-0.22062201
1.71159082
4.16867903
-0.03720045
-0.73553094
0.46914795
0.70309548
1.04745113
0.32361620
1.28013472
0.60198141
-0.28689376
0.27057646
1.09446598
1.87033303
0.06270446
2.33207242
-0.25150128
-0.35469551
0.39231528
1.29545137
1.00393824
0.38081510
0.73391543
0.52084027
0.20294635
1.49759376
1.20737617
0.06557205
-0.89189447
1.72109825
0.07184618
2.17455600
0.71983168
1.96898089
1.40026551
0.00247996
0.44636294
