1.83478121
1.54136963
1.06326709
2.26295200
3.97098054
1.56360376
-0.30680459
2.00982075
1.06563037
1.37924784
1.50255646
1.28452038
0.04626315
0.35356109
1.34688467
0.39477870
0.86349596
0.59666379
-0.22069502
0.16452725
0.86498516
0.29670682
-0.55876211
0.58639967
1.59956646
0.06724797
0.83590199
-0.34995760
1.05108952
-0.11684555
2.09541320
0.35883827
1.96918355
0.07709346
-0.88086332
-0.24520929
0.24762760
2.52083062
0.70730665
-0.56449555
-0.32440283
0.88219082
0.81562820
1.07254299
1.06504544
2.25332520
0.94915505
1.61822549
-0.16662313
1.82377734
1.29226564
2.87544672
1.23319036
2.43774307
-0.67355864
0.27251147
1.11488746
1.74115251
2.09855465
1.38067254
-0.33348627
1.54545669
0.17375425
0.69844476
1.29845163
1.76763373
2.28929612
1.66504015
1.49574431
1.58384817
0.41360699
-0.72034894
0.47116735
1.25384612
0.37113789
-1.18062165
1.20983416
1.78129626
-0.18394095
1.24285585
0.87355808
1.37435374
2.24251446
1.39284580
1.74857028
1.21991297
0.25438011
1.10624893
3.04744434
-0.36368579
2.74544989
0.60776961
-0.15872566
0.52282475
1.22322468
0.90164842
1.45399600
0.90439510
-0.85669489
0.40832228
