-0.10177958
-0.48841153
0.56791803
1.61465603
1.50008051
0.54113709
-0.55747449
2.19901661
1.21217531
0.62952437
0.81716943
0.07332624
0.77530528
0.83447948
0.28030910
2.06365126
1.94318649
2.95794054
0.89722809
1.83104295
1.10318675
2.18385778
2.02696732
0.82659473
2.98761605
0.74364880
1.25770822
0.95022892
2.79642405
-0.21628076
0.66513069
2.10459468
0.64406127
1.74770754
0.65456436
2.85206763
1.53283221
-0.03363246
1.84442257
0.27468501
1.36370061
2.15283863
1.94968190
1.85226613
2.24780724
3.00986507
0.85929812
1.56392818
-1.62624883
1.42922287
-0.06318269
1.13627517
-0.30838697
1.54798035
0.66961009
0.09863847
1.16602710
2.25995578
2.31476057
0.80308626
-0.33002743
0.15966995
2.10537785
0.80051937
2.23654517
1.52121702
2.40626060
-0.48988677
2.24768285
1.20311317
0.00003693
1.46413505
1.94895380
-0.22912975
1.61742907
1.15720396
0.36985625
1.55088869
-0.30901881
0.77153174
1.14867204
-0.48457907
0.13706325
1.72279655
1.39648129
1.28017853
2.41993611
0.04277740
-0.10214508
0.91021393
1.10951907
1.74735632
0.84003625
0.02175123
-0.40332832
0.95252410
0.12563700
2.32755940
2.41903267
0.24074163
