0.28963721
2.46641600
2.94776671
2.86010966
0.45752550
2.46856330
0.04658993
2.06260047
-1.29407580
0.57217315
0.63545153
2.08428091
0.91316622
-0.22926100
0.81356551
0.13909370
1.80646812
0.53862892
0.06079447
1.74710775
-0.21899902
-0.47963870
1.00267306
-0.26097953
0.11157934
0.89807790
1.04229944
0.94832000
0.22155925
-0.23813580
0.02258115
1.19188864
1.01242244
1.34763841
1.69500662
-0.56381801
0.21020471
0.31710635
1.54470204
0.95782725
1.11481851
0.65297062
2.00732480
-0.90863814
1.56305922
0.85386090
1.68779117
1.18672041
1.89939077
0.31353536
1.37624748
1.65714846
-0.84640830
1.09139557
0.22847300
0.62186126
-0.26335505
0.68000153
0.34809169
0.90524453
1.74569476
1.06112034
1.54014558
0.23405551
1.04565342
1.43370442
-0.51134189
1.24029243
0.49667982
1.46252910
1.40432179
2.66350996
1.35173235
2.79823282
0.91198607
0.12704968
2.84922919
2.39265409
1.81047675
0.21066846
0.82690830
-0.97134320
0.56142881
1.26682061
1.12055045
0.64507469
1.91175709
1.49260068
1.52048506
1.74845966
2.45416695
0.05117344
0.68225724
-1.62719284
2.44881564
0.68893386
1.37775698
-0.36299685
1.04637718
2.10906757
