0.37936174
0.49187114
0.33300431
1.23191021
2.92267031
0.29000981
0.58234593
0.35550776
-1.31620954
1.18916944
-0.11009376
1.09695789
0.55390497
1.48318715
1.33097228
-0.60273380
-1.58716568
0.77082926
2.52432489
0.24661879
1.33078207
0.42330948
0.51500477
2.68590435
1.10755214
-0.49493205
2.61685338
0.76694141
1.79367784
1.74747185
0.49732830
1.55173798
-0.05159664
-2.74543795
2.92520419
-1.12898577
0.69334812
2.25817943
2.21481148
2.18682716
2.43567427
0.92441241
1.23553181
0.29360602
3.20951384
-0.85944596
1.71604330
1.17261413
0.55203831
-0.11807563
0.02821202
0.35746081
1.85120326
0.88641946
0.02000058
3.04447353
-0.91462332
1.40960249
0.17525790
-1.24444965
1.99048517
-0.00437361
1.63950194
2.54046965
0.67257114
-0.51474193
0.98032199
0.64256991
0.88502268
2.76675547
-0.33205214
0.80072292
0.25784048
0.99520862
-0.30059421
1.12368635
2.07242771
0.36508946
2.14566206
0.46496924
1.04526003
-0.13174832
0.09319924
1.40889200
0.85392175
-0.92857347
0.83001096
0.37542723
0.16376954
2.55036743
0.91597266
1.84409975
0.74800098
-0.18972388
0.94683307
0.82163689
0.91400675
1.04930225
1.21912960
0.24433824
