3.03472965
0.22548887
0.67750743
2.16083903
-0.35972393
2.10308850
1.90599919
0.16423749
1.84980496
2.04533077
1.29451048
0.57586360
1.40543009
-0.04329670
0.36884202
0.72593233
1.46656504
1.08671967
1.50637961
1.42918213
2.64163576
0.53334316
1.04170533
0.90295282
-0.48598462
1.30178787
-0.17115635
0.21186334
0.18100792
-0.03628150
0.54411689
1.26375948
1.37152523
1.18774786
-0.73927567
-0.95326643
-0.06264908
0.42654867
-0.64843761
2.25255403
1.16331035
3.05981953
0.00924406
0.78057828
-1.08067681
0.63967345
1.82094058
-0.02334752
2.27527079
0.60416931
1.88114226
1.31810187
-0.27131182
1.69407188
0.80271061
0.18362672
2.52539663
2.18540002
-0.32278623
0.16384503
-0.62889485
0.92152179
0.67103656
0.40746720
0.56287847
1.46733755
-0.76636326
-0.18757579
0.88428294
2.40597868
1.18989073
0.21509371
0.70490009
1.81159902
-0.02885454
0.81373075
1.33178884
1.24628755
1.82731601
2.37390861
2.61972091
0.73947052
2.10109008
0.89132113
2.14026154
0.83179433
0.22864257
0.45770861
1.99680746
0.09310082
-0.40094922
1.30078107
1.25638093
0.19947353
-0.73973048
0.60428498
1.85004428
-0.05484096
3.41695866
-1.18386319
