0.69485654
0.84254490
1.03366761
-0.32787310
0.30569898
1.03119149
1.09588468
1.52371555
0.15835522
1.37884233
-1.37237232
1.08723966
0.90084433
-0.41783528
1.53018947
0.51635006
-0.57482860
1.59121071
1.99597859
0.57010845
1.51214426
-0.45842764
0.80538650
0.38981748
1.07653295
-0.23317458
0.63724393
0.71357417
1.50565824
2.08719823
0.64254699
1.23294607
2.51759230
1.62038267
0.50793492
0.60397944
1.31609138
-0.60999158
1.50455585
0.56601136
0.23713301
0.30000556
0.60959538
1.36665240
0.79740816
0.93257264
1.18185000
2.49876981
1.14590837
0.79064894
1.11067288
-0.14465458
2.44046203
1.70524489
1.60357912
-0.34574315
1.70440992
-0.20719003
0.93791433
1.44072769
-3.00667812
1.99793312
1.04865167
0.84672529
1.76388402
1.32199422
1.05606833
-0.94128315
0.37217007
-1.11832193
0.35949820
2.04141773
0.42496767
0.11577383
2.76659404
1.40839231
0.78175280
-0.32994646
1.87429192
0.42805742
3.32528477
2.20004539
2.37714123
2.67664904
1.73080269
0.31447279
0.48908378
1.64415957
3.41089758
-0.53383937
2.91560283
1.03343410
1.84368847
0.77763116
-0.62599849
1.31641836
0.33697370
1.89074281
0.97031211
1.88737006
