0.94720259
0.93524309
2.74218267
1.10892138
-0.26518171
1.76500725
0.57693908
2.28429292
0.99905065
0.46986778
-1.01979392
1.61138347
2.33653263
1.46001725
0.74857578
0.30136157
1.16343056
2.39951305
0.12914906
1.47094419
-0.80689920
1.02459682
0.31034231
0.29635816
2.83293268
0.43741295
0.50644670
1.54752542
1.82655585
-0.06730877
-0.60641854
0.53805088
0.46087755
1.31763858
1.03750845
0.43021844
1.62103029
1.91561390
-0.07803605
0.75621929
0.85710128
0.46764146
2.65401012
2.30007499
0.91404840
0.06803568
2.42606749
0.69892812
1.22637597
1.65414145
1.59375386
1.18382838
0.84067778
-0.45494156
1.00193574
1.45704854
1.68318792
2.18597648
1.94726204
0.68386773
0.42689312
-0.03674352
0.92228957
1.21462010
1.31683540
0.59463106
-0.87487089
1.86506810
0.90518823
1.77831800
0.49007409
-2.13617309
-0.44610178
2.29305711
1.19849697
3.07098579
0.80377575
1.24329515
-0.05033333
-0.50130690
-1.56714492
0.61236395
1.64963932
0.45758041
-0.66266218
0.67793327
0.53805793
-0.17089051
0.77415774
0.23675256
0.45331406
1.86634625
1.21608427
0.81339274
-0.54617107
0.99393639
2.44967566
-0.40120427
0.08057198
0.34955454
