0.26337135
3.04731472
3.04096471
2.54410745
-0.76970714
1.00606917
0.19949335
0.77367815
1.77020301
1.67904709
-0.40227307
1.51560356
1.02229526
1.55907942
0.41788429
2.85562580
1.74681858
-0.71077773
3.43266344
1.11610192
-1.26538919
2.11507426
1.67636264
-0.63919920
0.89871077
1.31503890
0.66161413
1.17927201
0.25793243
-0.40283237
0.78498979
-0.12172812
1.25164870
-1.08388290
1.37616374
1.00653354
1.39487615
-0.81317360
2.75942006
-0.25915104
0.93433681
1.37216398
1.73636961
-0.21461048
3.10327708
1.64233237
1.16161316
1.06959001
-0.08769022
0.38990373
1.31561032
0.64247442
-0.46169893
0.82411826
1.11495844
0.31711057
1.13510550
2.86832212
1.11367564
2.25022673
-0.70376479
1.72401966
2.86530739
-0.99008692
-0.24065556
0.88699948
1.16813839
0.70518900
2.47584765
-0.14019851
1.43019689
-0.28585127
0.61388314
0.10212037
1.73567936
1.05129049
0.33808263
0.36738858
0.49268592
0.79310305
0.56704716
2.02193799
2.17348806
0.29239418
-0.09846290
0.35683564
1.22031895
-0.05049517
0.41019549
1.01235908
0.58392364
0.69020633
0.91291659
0.30549371
-0.59696355
0.06174120
1.52980808
1.84780578
1.53922766
0.87476746
