1.17350414
-0.73197859
2.06921189
1.45256831
1.69367835
0.30770632
-0.10821284
0.32675017
-0.72541032
-0.15796249
-1.15845788
1.31797140
0.97345169
0.96116962
1.90875270
1.22046156
0.06691498
0.11419593
0.45102673
2.23723433
0.64443800
1.74572349
0.51281334
1.83770675
0.29141053
3.19112306
0.71234736
1.08238505
1.50845226
1.07647203
1.09992261
1.34398621
-0.66076368
1.22349122
1.74890231
-0.40438362
0.62786138
2.26140816
-0.13774932
0.89551981
-0.61377106
1.44693635
-0.24786695
-0.37493139
-0.09735994
-0.52794031
0.11451118
-0.84794479
2.06458144
2.31338574
0.24952534
2.41563764
0.42522672
0.05977005
0.28431033
0.88933802
0.66987404
0.94504041
2.24023397
2.25351753
1.14185856
1.29170762
0.76146290
1.32222046
0.73453156
0.38422095
1.45330806
1.96482119
0.39554189
2.06871042
3.63555536
1.25778400
0.85740732
-0.70773500
0.04931650
-0.14667991
1.72453221
1.53300022
0.44614507
1.30296107
1.30871739
1.65053681
1.77186423
2.33219960
1.52207778
1.61424155
0.46701373
-0.16007661
1.94700484
0.90595354
0.79227445
1.98424826
1.02582387
0.07466820
2.77509770
1.90081770
1.01107241
0.25556238
1.86434299
1.38370177
