1.17920352
1.35253035
-0.37911566
1.56931961
1.53460606
1.04059843
0.48732323
1.14819291
3.13507742
2.26912052
0.16687928
-0.81655776
0.91659445
0.94320189
2.39736197
1.28324030
-0.28458842
0.48807366
2.06179809
3.41682737
1.87066197
0.54579662
0.16680851
-0.50685102
1.40773282
-0.40256401
0.73682662
1.99040660
0.83697541
2.47974956
1.32410183
1.92973325
1.12434457
1.79143344
0.31245591
1.78969410
-0.53247735
-0.11187030
0.30793442
2.07384573
2.47026413
0.56918109
0.69822393
1.02351478
0.30177533
3.23663391
0.57933353
0.33419010
-0.20195552
2.87787579
0.59729984
0.78479502
0.02620450
1.70832250
0.89895345
-0.04415694
0.91430986
0.10472818
0.80394780
1.85100196
0.90245445
1.64783398
0.96087826
0.08562769
1.68344532
2.27820202
-0.30001844
0.78040938
-1.13030574
-0.34059835
3.27341888
-1.54607513
0.65975538
-0.53729936
1.31911582
0.34038548
1.72841013
1.73290908
1.01838603
-0.55995129
0.43509331
1.14657920
0.62672963
2.37686582
0.40411607
0.00611101
-0.03639509
-0.51336764
2.50114166
1.73312330
0.09405803
0.81816586
1.36023283
1.98835946
1.05129112
0.17011862
0.12861442
1.55706991
0.56934470
-0.48017904
