1.54338629
-0.00278839
1.91889712
1.11534603
0.81620782
1.87892259
2.21649075
0.58281570
1.40496546
1.28540650
0.52692130
-0.38004351
0.52671416
0.22534382
0.78953881
0.67362241
1.29286380
0.61106091
3.32589771
-0.65202125
0.01374298
1.13606542
2.50043146
0.45763871
2.03309618
2.32702112
-0.30110106
1.31095872
1.68980402
1.03057857
-0.12402201
0.99517961
0.19381121
-0.28692532
1.32319310
0.03905012
1.10261038
0.94858372
1.76008298
-0.21806897
1.61856368
1.03883978
1.08888978
-1.61263303
-0.15457726
-0.43028069
0.69038100
0.74167160
2.60270642
0.99062774
1.23798288
-0.16502211
-0.64813747
-0.27897688
1.94553933
2.26542805
3.14303967
0.05307103
1.02799188
0.94015840
0.20047813
0.81965402
-0.37908154
2.77394195
0.36469366
2.21237826
0.90121777
1.70074226
0.72812653
1.50063978
-0.23320897
1.30266616
-0.39982353
-0.62600300
0.06160961
1.51479538
1.09476896
1.71321878
0.76272063
0.07609316
0.94767696
2.46741216
0.81713854
0.83947287
1.32474236
0.67677188
-0.19868064
0.55113060
0.74792870
-0.92870330
-0.01868678
1.28473079
1.46552921
1.45300264
1.51088292
0.29555478
3.24660262
0.72009827
1.28805949
1.73295089
