0.95172830
1.29592982
-1.33600489
0.28184986
1.48200833
-0.34128742
0.74432466
1.97429678
0.68353212
-0.27723442
-0.74792814
1.32086632
1.13392296
1.08372111
1.12979809
2.23579427
0.72848097
0.39972588
0.23245992
-0.99937371
1.22067748
0.90180489
1.63784107
1.16324060
-0.69484312
1.75027855
0.75673955
-0.95404707
0.29360222
1.71110029
0.93300839
0.84294646
0.68340346
2.29151363
0.68617786
1.35144019
0.01006939
2.02870142
1.49771552
0.30680766
-0.99600082
2.97019506
2.46237344
1.30825555
0.44206405
1.14263070
0.86531467
1.69342846
0.47872855
-1.82519658
1.11669831
0.04326891
1.35104504
1.95446492
1.73537073
0.29723295
2.73041736
1.64074036
2.20908126
-0.13218428
0.41592420
1.23665646
2.11007621
1.81501761
-0.27378695
2.02609981
1.92717273
3.09666579
0.43292423
0.76160852
1.93678114
0.46824888
-0.01472961
0.93362360
1.79810456
0.74220357
0.82210876
2.39012037
-0.39242143
-2.20419471
2.60233240
-0.29659287
-0.68543483
0.70229910
1.05753645
-0.33269053
-0.10869019
1.95891057
0.11318095
1.44427735
0.17302203
1.53531650
1.66108157
0.91596936
-0.28921034
2.80915216
0.52914496
1.83807082
0.69373342
1.51454972
