0.41801410
4.61522658
-0.08433033
-0.47620078
1.52038006
0.09303544
1.50045741
-0.42024179
0.83741292
1.27955419
2.80178529
1.23046701
-1.06188040
0.92717260
0.53450241
0.23265814
1.50129734
1.12573930
0.42591061
3.37581205
1.18248464
1.21123839
-0.13637769
1.87844444
0.48875817
0.22162863
1.47952398
1.55662763
-1.04931339
0.36758715
-0.95712524
0.65219405
0.01275972
0.82772959
1.79094308
0.26388160
1.06452546
0.94517724
3.06478506
0.61045477
1.94893816
0.74864603
1.73549863
1.54997583
0.51616170
1.25711364
2.22220670
1.51575146
-0.21547735
0.82259560
1.37379550
-0.01684007
0.26285985
1.12165466
1.52771213
1.54775198
-0.24394589
0.51699508
-0.25745672
-0.18301718
-0.05056013
1.56040563
-0.98778176
1.29134388
0.46572057
2.61060549
-0.12841021
-1.03394068
0.69726571
1.73528472
0.38814335
1.25128610
-0.69954943
0.50421336
0.46956312
1.47529115
0.95812458
2.02427438
1.64448951
0.89258019
2.50903867
0.37179779
1.64931893
2.32898729
2.03942387
3.25526356
0.23503698
1.23237551
0.74721300
0.91221923
0.06247266
1.74375168
0.71206411
-0.23068477
1.60444508
-0.83698819
-0.03655300
0.79690816
1.31068697
2.62102292
