0.23864109
0.11147160
2.30899953
0.40611632
0.64669390
0.73859371
0.41856420
0.12375723
1.35810184
0.40979271
1.89898284
0.74576960
0.19559035
1.77865372
-0.48183087
1.65367466
1.40097598
2.62968500
2.31652153
-0.38528299
0.16357342
1.61182438
1.63026111
0.20675000
0.62933300
2.02597654
0.24305057
0.99951473
1.53402682
2.06336271
0.07666828
1.81414984
0.56272107
1.70559778
0.58776499
0.04243184
4.01560515
2.11929720
1.95648864
0.46098112
0.79670763
2.14652587
2.51955016
2.41564016
-0.14923734
0.15854882
0.96713175
-1.05161586
1.56197021
0.23788573
1.58654364
0.30519876
2.28920647
2.05658053
2.15771542
1.22223860
0.13902765
0.93521609
0.67551245
0.41397924
0.22218241
0.21894123
1.67572865
1.34269358
3.15048677
0.30841336
0.04688689
1.98374708
0.56023189
1.10281163
1.03494283
1.53356383
-0.10251699
2.31044273
1.38026832
2.04624970
0.96302276
0.20054531
1.64052175
0.08142172
1.49714811
0.61654956
0.51318260
1.58461407
0.12920294
0.79575516
2.11939136
1.71908619
2.20359490
1.48104673
3.64700559
0.75704391
0.72642241
0.56390946
1.65888442
1.92493567
-0.35709876
1.97267838
2.35235098
2.92529969
