-0.24458045
2.74646309
0.90233910
1.25988187
0.26845377
-0.77979655
1.55924338
0.86068663
1.78129937
0.52680032
0.78492241
0.35328440
1.26975995
0.93713948
0.11503059
0.55719071
-0.01863449
2.30605743
2.07846017
3.00534984
0.65795276
2.41914942
1.05694805
1.07611165
2.15463938
1.16580695
0.09043821
0.72396266
2.91669917
2.38812440
1.68172247
-0.58783832
0.99672779
1.68745617
-0.65790573
1.48238007
0.97964925
0.60771564
1.44850476
-0.11649792
0.66143125
1.63195604
1.34882023
0.85436833
1.67914976
0.17050405
1.11800180
0.31955604
0.44301864
1.21397245
0.68533002
0.72455250
1.29286541
1.24612839
0.96008288
0.45920929
0.68688118
-0.48892424
1.21003123
0.76458166
1.66873088
-0.55039941
0.05970693
1.51664772
0.00248508
-0.08171500
1.44238835
1.38025670
-1.47936766
0.17470416
1.46441421
0.57441254
0.48416744
1.36087929
-0.44667846
2.47060687
1.94451264
0.90813142
1.97816844
0.20193055
1.68941100
1.16133052
1.38045943
2.28708508
1.01511101
1.51000667
1.63490083
0.29902393
2.40683998
0.99549084
2.47230582
-0.45985290
-0.30312238
1.81071732
2.16937402
1.34933171
1.89662527
0.43994378
1.90593318
0.20774602
