0.88883692
0.87200709
0.08992039
1.81427167
2.04780475
0.47822209
2.58121574
0.85609192
1.48403344
1.48804329
0.03812044
2.87048856
1.15985413
0.34296010
0.92491264
2.57480592
0.65560441
1.85269200
0.38124291
1.82748215
1.90327375
0.23638320
1.62103424
2.00944356
2.81211561
1.34152846
-1.27043225
2.68176891
0.82805870
1.59306951
0.13173105
1.78274262
1.98522859
0.93817557
0.40930681
0.58196038
2.96280732
-0.25743824
-0.40395762
1.33287814
3.44788778
1.85056332
3.50931541
1.39729863
0.58706789
1.17149500
0.94534020
-1.17936580
-1.13337352
1.91632666
0.68834407
1.37884481
1.51432123
0.39192739
1.91308899
-1.76853787
-0.42943387
1.58783003
-1.77640525
0.52140146
1.25223950
2.18014167
-1.86238753
-0.39389775
0.43569992
-0.18951078
1.37328348
0.05731920
1.13149159
2.10978026
1.63121297
0.32870073
2.09055163
0.95975747
-0.46215512
0.95832666
2.21298924
2.46114372
-0.01827410
1.78807684
2.15012650
2.33008437
0.19271704
1.79221477
-0.42337796
-0.19048026
1.63414799
1.49671449
-0.87189681
2.26115631
1.55608890
1.24093922
1.11709355
0.58925116
0.79206113
0.63664525
1.46911668
-0.74901062
1.18796338
0.74766694
