0.71105868
0.16306558
-0.64417421
-1.12792507
0.65360297
2.63936016
0.84083884
-0.58385996
-0.51692254
2.52215324
0.02205274
2.66250763
2.04444825
0.85826202
1.38436035
0.46557160
0.87118027
2.05954450
1.80520092
1.96844191
3.71389336
0.90711153
1.60374440
0.74454610
1.77155470
0.43093684
2.29383564
0.77668610
1.67626786
0.99369497
1.19229638
-1.69920582
1.41763826
0.36193099
3.56792975
1.11214570
0.43614046
1.52752956
1.74657941
0.68865362
0.62995135
-0.51336907
0.04239189
1.72376511
2.38587224
1.09024581
2.35196446
-1.02992769
1.46563143
0.19363408
2.52075072
0.28187496
0.68598179
0.73978295
0.55627488
1.21474775
-0.05604379
2.50213560
2.58030836
0.83866182
0.32902636
0.55820431
0.96252874
3.25759162
-0.02291874
0.98880932
0.60245428
0.67443458
1.49568015
0.74014853
-1.37069144
2.24320197
1.59443473
2.41925805
2.92799250
2.27941800
0.93308950
3.06080223
-0.19784510
1.34342628
0.52310955
3.53842315
0.90219947
1.10934603
0.45470187
0.46368313
-0.40243276
1.62759176
0.09731214
3.98587651
1.70031765
0.54660883
0.21340710
0.57692991
0.68266393
0.78689212
0.62877809
0.76083201
0.62578899
0.00879016
