-0.47191258
-0.37989670
0.62416351
1.28523877
2.09308585
1.67422475
-0.82404319
1.43873589
1.15619934
0.04463960
-0.15003849
0.58166883
2.51311583
1.00111173
-1.33450954
0.41459821
0.45771783
1.94168163
2.59878313
1.55347520
0.32547209
1.55811732
-0.08506436
-0.66249319
0.93815404
2.09558516
0.34674634
-0.34043230
2.18673899
-0.18701878
1.79676652
0.02069394
1.78316173
1.40730987
-0.17523713
-0.95522096
-0.57248599
0.40662485
1.74368892
0.51917914
0.84824301
0.41799739
-0.38673720
1.51798025
1.37113552
0.93175891
1.42643947
0.81064942
1.01850327
2.75787186
0.01370782
-0.70053527
1.79567929
2.08347512
0.96148393
2.66993434
0.97549018
1.14358094
1.79611347
3.54310547
-0.19685391
1.92518153
1.57098810
-0.13241036
1.95304565
0.72359349
0.96418203
2.45236723
0.50960086
-0.78441483
0.46006733
2.13325795
1.77916958
-1.84496638
0.79977703
0.65554987
2.31938883
0.97067820
2.61571336
2.16956870
0.37184888
0.09700313
0.71924959
-0.03132882
1.15920625
1.29666046
1.35650781
1.40602284
-1.58976915
0.53726860
0.25195842
1.06299015
0.65831476
0.50302359
1.07308608
-1.20073496
2.03176289
1.55505951
1.55344424
0.96128670
