0.80057985
2.22490000
1.80627239
-0.76121713
1.12428621
2.18085702
0.65380620
1.71743047
1.82554899
0.03615107
0.59250653
2.01752839
1.18382761
-0.39033623
0.76024088
1.44158612
1.11041168
-0.50294848
0.44303390
2.66014033
1.22085080
3.36193895
2.71489958
0.69328562
1.15152818
-0.07596737
1.01570659
2.01151396
2.48726635
2.13454099
-0.74631418
0.89314296
1.83452161
0.58564547
0.94032459
1.76827859
0.59888930
1.08926225
3.70740158
2.75953847
1.67803052
1.05108956
-1.08442568
-0.06196161
0.35571087
-0.20283760
-0.39031121
1.63692612
1.64430980
0.14687390
2.19798785
1.40508060
0.31772688
2.82975940
2.30163168
0.46269302
-0.12592904
2.05405111
2.06676643
1.45845853
-0.13243409
0.47239679
1.43618646
1.14578217
1.12924383
-1.14322937
1.02326358
2.65374690
1.73608069
1.75867410
3.19054286
2.39926108
1.27699079
1.50604800
1.88802581
1.84028530
2.75232755
1.83851729
0.73442127
2.35603534
-0.33333426
2.23600421
1.37081011
1.05036340
0.34156654
0.21785138
1.93660744
-1.15600258
2.12203598
0.86770541
0.95868213
0.44518507
0.37592628
0.81564094
-0.13494239
0.35364351
2.06317123
0.45694843
0.34147316
0.34418371
