0.85313484
0.76793260
1.52013769
2.15433932
0.81326726
1.99624649
1.12736926
1.59022519
1.16541026
0.26443911
1.49886957
0.57258309
1.01043641
1.20459162
1.21967206
0.63170400
0.46950268
1.08691906
3.32053898
-0.96807308
0.79069638
0.81143236
0.11075307
1.53015662
0.49210810
-0.00719303
1.21383231
-1.04666938
0.80263360
0.96186938
1.89263741
0.73535714
1.24942877
0.27271167
0.89302751
0.71402432
1.09899964
1.14422283
0.53459966
-0.73356927
1.24108875
0.12176984
-0.15452491
-0.53627050
0.72333491
1.23072218
2.18564351
2.38730997
1.47614496
1.82737782
1.22498894
2.58667375
1.82338239
1.03798386
1.97124825
0.31346251
1.81586759
2.50744760
0.64491872
0.35287396
1.43839314
0.54835298
1.94981199
0.37484199
1.18472549
1.50408285
1.06204654
1.51695227
1.78030828
0.65058885
0.20810325
-0.22802778
1.91258179
0.72286738
0.84243687
0.20598517
1.87357715
-0.21368185
0.95225350
1.00676338
0.93362665
-0.41728630
0.46206401
3.85342970
0.70553319
0.79863077
0.93513348
1.87766040
0.01883086
0.24013371
-0.19975023
1.29518850
1.49427583
-0.05161077
3.54970728
0.84402322
2.49955388
1.69626142
0.27347566
0.51719029
