0.40807752
-0.28718046
1.07918497
1.80374268
1.25485927
3.52067669
0.94823570
2.25988760
0.87341432
2.38079428
0.80943097
-1.12116936
0.58412815
1.42199580
2.03448451
0.70015955
0.03359589
1.96979852
1.16255820
1.98177528
1.62848367
0.88737168
0.76375523
-0.04362919
0.73709691
0.68917640
0.88516049
1.14033069
2.68263747
2.36451763
2.10899852
-0.05077357
-0.85373585
1.02774517
2.41172551
2.44794869
1.82143441
1.36078373
0.33612366
0.68339936
2.54151484
-0.90370389
0.35823616
1.28141813
0.79697007
-0.97629545
-0.00565260
1.12347618
-0.97960436
0.82693237
1.23631548
1.59645989
-0.29864990
1.14967176
2.04457724
-0.33597422
-0.69608645
1.91946994
1.46612366
1.25349545
1.29146405
0.45899833
0.09179292
1.71442106
1.39979778
1.47061438
-1.38304102
0.64145897
0.69187768
1.73554468
1.68506885
0.97609126
1.42278692
1.26420472
0.16828168
-0.62957141
1.39989404
-1.28354638
0.46015767
-0.30364022
1.07468234
-0.14106287
1.42205466
3.43218237
0.74540964
0.85691974
1.81910847
1.75586144
1.02033818
0.40855332
1.87927703
-2.07187346
0.34130213
2.02689212
-0.17682494
0.19181921
2.11911168
3.49858009
2.45342269
3.48973083
