0.21879883
-0.76151208
2.59919130
0.54986707
0.25965487
1.34610778
0.54995823
-0.05653151
2.24468558
1.00505974
3.18660854
2.12551624
2.59778511
1.00850525
1.19139557
0.75370441
-0.06715184
-0.23850301
0.73354073
1.50437228
0.34266295
-0.50202898
1.00703650
0.38715421
2.02073298
1.00009576
2.65362059
0.95709706
1.43958472
0.15274271
0.74079086
0.44204467
-1.05330146
1.83528267
2.01234067
0.79563634
1.82217209
1.22550615
1.28560578
1.39050251
1.00500318
0.74549377
0.58846832
1.40689813
-0.13481272
2.38038685
1.55868773
1.61957293
2.36685014
0.80610828
-0.20313341
1.11795688
3.27781720
-0.02913931
1.10599061
1.22098307
1.24290341
2.82034155
1.52491133
0.14779099
-2.35574568
0.43276034
3.04738076
1.44406141
1.23793727
0.36367799
0.99607047
0.60755637
0.80534987
0.80449608
0.76896879
1.54153679
1.64709802
1.36243077
-0.82260383
0.05944889
0.41588053
1.86232995
1.43057593
1.03786742
1.20182615
0.56058860
0.67460055
1.03729081
0.96935177
1.25177926
0.57767524
1.51659618
0.43002589
1.08904243
-0.15710457
-0.21781358
0.31574959
1.07442596
-0.15951671
0.22962126
1.00828567
0.20680455
0.42983896
0.51533447
