1.28607494
1.17454891
1.41205282
1.28521257
0.44681057
1.38348086
1.06444810
1.77768972
0.08479332
-0.30198623
3.16039095
1.71468880
2.55238616
1.35097608
0.16177234
1.30931853
2.40594618
2.51516227
1.15156877
1.42029634
1.04620407
1.82884206
0.94833989
-0.04348778
1.40700323
0.79923191
-1.14029383
2.09925350
1.14390699
0.42602578
1.28972866
-0.28797808
1.16183423
2.51961300
0.61226887
1.70853582
2.02280982
1.87520520
0.56435961
0.56373938
-0.22577134
2.40623482
2.40280910
-0.25051905
0.74903426
0.32629110
1.41489486
0.68496934
-0.48545416
1.95444201
1.22509041
1.05815476
0.14047589
2.27462710
0.29323917
1.61218471
2.07912098
-0.06428988
-0.28381531
1.13090054
0.96143287
-0.91641962
1.30156597
1.06254130
1.27271300
-1.49969104
0.06798723
2.57872568
1.14385773
-0.17363666
-0.24112900
0.48487039
1.37056436
0.21459764
2.23570737
1.16597999
-0.72536306
-0.40824000
2.16943528
1.69393117
1.72874224
-0.56422262
1.21825066
1.81057384
1.71437208
0.36286696
-0.31944894
1.61403848
3.53164875
-0.09844837
2.02568173
0.95117805
0.28081642
1.81712320
0.93451335
0.56822996
0.48042990
0.32098234
-0.13673876
0.78227545
