1.16418572
0.29204147
0.30075614
2.46451975
0.29433027
0.90823436
-0.21730356
0.92727447
1.65712939
-0.44359135
0.63886542
0.46265802
-0.33449802
0.63620147
1.84676527
3.73002298
0.13830965
0.46469219
0.46289077
0.15996365
-0.48728360
0.42681476
1.57953512
0.48338586
1.51589961
0.48377741
0.63294982
1.38467543
-1.10902620
0.44490440
-0.78932250
0.72389999
1.47089230
1.38730042
1.01046289
1.69777703
0.83231275
0.72262469
1.47089822
1.16285961
1.56090257
0.75655515
0.82073868
1.65586981
1.73665231
0.73362122
1.37219201
1.52255409
2.73117381
0.19072360
0.79357048
-1.17437061
0.70623908
2.33459954
3.06401082
1.87487461
-0.35410930
0.90601854
1.68610157
1.12669731
1.68075885
0.42906720
0.81594804
1.40561384
2.14331827
-0.07358632
1.09563057
2.42461920
1.19964765
1.50257992
0.97042255
1.95874153
2.24835454
0.84302974
0.44677229
1.89976640
3.02450198
1.07439458
2.94351134
2.35303476
0.43546460
-0.35917821
1.19295950
0.02357565
1.88744831
1.88714369
1.99823891
1.02042343
-0.16807626
1.41896855
1.32840522
0.51445496
1.75672373
2.21433798
-0.39840116
0.04616940
-0.36315367
2.44140822
0.86468980
1.84826778
