0.91789947
-0.33000146
-0.77797084
0.73344522
0.60002885
2.29317016
2.68021420
1.47419020
0.47195788
-0.26313407
3.06680086
0.02241926
0.90664320
0.22229256
-0.36953484
1.40404353
2.04014065
1.58182586
0.16971925
0.74970603
2.18825173
-0.54217879
1.52603408
1.20309220
-0.52835185
2.00471436
1.80309371
-0.66106268
-0.87813597
-0.16245750
2.13529120
-0.25007898
-1.69292848
1.95326963
0.87392531
-0.18324933
0.43735727
1.80944404
-0.29100075
2.15092650
0.30830051
1.80124744
-0.95335365
-0.37259324
1.05578938
0.22333843
1.93113098
0.35108330
1.17431900
1.20289935
1.68993025
1.59492069
1.32241469
0.65529478
2.35407207
0.03001460
0.83480620
0.30885881
2.24024586
-0.27953379
0.98181891
-1.16312597
0.11857176
3.84287772
0.31117570
1.34676896
1.55473682
0.28213722
1.55644485
1.37163970
1.49945079
1.24782607
1.38790066
0.01987660
-0.32921878
1.81971336
2.14579662
-0.08582608
1.13806004
0.64215606
0.87052860
2.18427916
0.61379480
1.68658391
0.85522920
0.99833492
1.25369248
0.46296584
1.99406048
1.61751481
1.39928853
2.09141104
1.26815645
2.16323676
2.14323309
0.20811542
-0.38444959
1.14349478
-0.33685569
0.27246992
