-0.09098090
0.25821907
-0.15762195
2.17938927
0.98753034
1.17920924
-0.68763050
2.48160583
-0.84393456
-0.14521128
1.37413294
0.74195992
1.26377549
3.23820716
2.16475575
0.58335623
2.64062265
1.59811677
-0.01260015
1.76642250
-0.46012728
0.67330122
0.26404517
1.40279592
1.40608672
2.73736510
2.24645021
1.07083642
1.56318134
-0.34924199
0.95397493
0.88442453
1.90801802
1.59502324
2.41742871
0.61094849
1.84702200
0.03219886
0.94576517
1.88840100
-0.88818147
0.51607413
0.92328675
0.14224483
0.34694228
0.77518016
1.88347743
0.74643015
0.39571629
1.90027359
2.04140145
-1.06401012
1.26489649
0.20014212
0.12770036
2.35026089
-0.15268420
0.08953593
-0.28565902
0.07920689
2.02272266
1.52276145
1.24410195
1.30763595
1.92702481
0.39550175
-0.34688810
2.18053196
1.72185420
0.95336440
1.19796991
-0.15796357
-0.56968055
-1.01183196
0.02204793
1.17570419
-0.55141002
-0.19618299
2.53104189
1.74216914
1.98071007
3.01496791
1.17504662
0.09010325
1.28897848
2.34888608
1.34868390
1.62639104
1.14453168
1.73443344
2.35761067
2.38799811
1.75760471
0.86203119
0.64403396
1.45884893
1.45718263
2.10097575
1.01496949
0.45355741
