1.12591230
-0.42017819
2.43559287
1.79441020
1.03460724
1.76622818
1.15868419
1.79803865
0.69006715
0.66420053
-0.00820936
3.38066141
0.31491713
1.68647166
1.41548612
0.66187395
0.74643086
1.80244931
2.21650972
3.06561611
1.11941513
1.97698324
2.02178252
-0.71150802
0.43922856
-0.37704594
1.73284562
-0.59580993
2.51806087
0.53771000
0.71958319
0.46149621
1.72532393
-0.11517576
2.36551565
1.58150580
2.98851098
0.27311368
1.61884727
1.93191402
1.68901432
1.79654723
1.24839851
1.96076949
0.43282859
-0.08411283
2.32241101
-0.23455026
1.94396335
0.32199375
-0.76912679
0.68289891
1.97456543
0.62094034
2.00843661
0.70916873
0.95170527
0.75208105
2.91304549
-0.05678672
0.21973579
1.57144049
0.28343168
2.16462655
1.28610397
1.36174423
2.07558852
1.97058687
2.14603277
-0.08450515
1.29386190
2.23395826
0.77160651
0.37470338
1.85862509
2.14497607
1.72414893
2.30641234
1.34949961
1.68602227
0.49713952
1.43349952
0.24056821
1.95077420
-0.22783615
0.86055097
1.42221728
3.28769588
1.41111659
1.23953908
2.70409313
2.06303792
2.44835441
0.56525102
2.05420008
0.07598179
0.30355830
1.76380239
0.54028346
0.91949980
