-0.50398439
-0.67768095
2.44972595
2.42324382
0.85173495
2.10266619
1.39885933
2.34077688
1.82095393
1.03425887
1.31680530
0.11308388
1.49773271
1.29917027
-0.10635808
0.99051975
2.66965933
1.34182935
1.44011769
0.96645023
0.53261542
2.53052904
-1.65414761
-0.08735300
0.96023958
1.51059226
1.40569993
-0.50970127
1.00554335
0.03378743
-0.40082728
1.97486124
0.96604747
2.21208401
1.27373863
-0.38303243
2.01986972
-0.10497968
0.35744981
-0.42514457
-1.01199338
0.54436612
1.35890071
2.11048133
2.16882228
0.28018778
2.26878253
0.17869464
1.53926749
3.15239378
2.56878156
0.43079771
2.68583572
-0.08401852
0.38626745
1.08498245
1.21774250
-0.99409676
1.19133526
0.78252628
1.40199393
-0.52539070
2.90987718
0.71136362
0.67715965
1.34303598
0.37367936
-0.80736909
0.17830419
2.48851343
0.68637888
0.92414899
1.65939104
2.42628499
0.40746562
1.69829818
2.12859168
0.78208333
1.12050195
1.34615876
1.82306412
-0.41993890
1.97721934
1.72443630
-1.33825544
0.55833455
1.09107247
0.44984479
1.37547648
1.24289213
0.09989109
-0.03016183
4.12073509
-0.07547653
0.57629324
0.86527059
-0.03908430
0.32228257
2.63984269
-0.06317151
