-0.66937932
1.68221063
1.70731516
1.02556835
1.96165352
2.24430306
2.20540666
-0.52744204
-0.70887232
0.81212614
0.35825099
4.04722372
-0.88101682
1.37591386
0.47063263
2.20466133
1.73755343
0.33975775
2.41367853
0.24318970
1.66877647
2.39302038
3.62457288
0.97007554
2.21356251
-1.07697109
1.81902868
1.49494670
0.67419711
1.30149971
0.52986726
1.55442216
-0.64948671
0.52470770
1.97862249
1.20868433
1.18961092
-0.09297779
3.55455545
0.58759319
0.90306206
0.27115555
-0.43084322
-0.52531218
-0.43383106
1.87964299
0.79373259
1.69199056
1.46327442
0.47782485
0.26959792
0.04951403
0.78103500
1.14513817
2.91787451
-0.31094194
2.09894202
0.00354968
0.16254694
-0.45705651
2.18244177
0.83316580
-0.05281230
2.41684390
1.09319852
0.36320046
0.39884258
1.58856612
1.98478524
0.46542284
1.22583109
0.20711039
-0.09711026
0.55881421
-0.01962360
2.52665558
1.04770041
-0.71642984
2.35415459
0.17299052
1.37265996
1.91677647
1.61033343
1.14614243
2.05962250
0.22057632
-0.49131530
1.33160587
0.77578543
1.34936724
1.76957825
1.31618009
-0.03020326
0.98550890
1.12592722
2.11665414
0.01597563
2.69223080
0.36598558
-0.09925815
