0.96570975
2.24985717
0.78158547
0.64386844
1.41724243
0.27449275
1.21173326
1.81183811
0.56998945
0.37179601
0.78161930
0.76392999
0.70479745
0.81640303
1.33056390
3.26804116
1.96455885
-0.39522962
1.10084165
1.07649941
0.28623995
1.21799066
0.20875455
1.76444334
0.86597439
1.74563968
-1.06598511
1.99215322
0.33787113
-0.32428183
1.32192278
0.42816103
0.00186493
1.55449090
2.71883160
0.81822981
-1.68659259
1.69194140
0.21812447
2.20312532
2.70099883
2.47423652
2.80038527
1.40704222
1.32923095
-1.49720272
0.70610483
0.46659485
1.82274690
1.23823036
0.65763420
-0.08048643
0.84750746
1.75014331
0.02005560
0.75322451
0.60038914
1.45165441
0.99470220
2.37933260
1.19683258
2.36026591
0.89812076
0.91315132
2.93094463
0.64520531
0.60784796
1.16690243
1.63147115
-0.12618888
0.59831430
0.35108341
-1.14059133
1.58118541
1.74920895
2.20719420
1.75371602
1.01937616
1.76311456
-0.30239447
0.92064523
1.51479747
2.70788216
0.09564678
-1.00041005
1.50946637
0.99011344
0.11996191
0.84582068
0.91721194
0.98197298
0.87788056
0.59159422
1.11881225
0.62893832
0.60171724
1.19389863
0.49261255
-0.12566310
0.87487827
