2.29974812
0.76267356
1.15989204
1.58600112
2.24509250
2.88211223
-0.63300028
-0.54086543
1.41339930
0.72862524
0.17267686
0.06100412
0.37704485
1.02481413
-0.04911883
1.40694514
0.61288651
0.82296818
0.19611511
3.25078789
3.02881165
0.77947075
1.11820622
1.83862580
1.50933042
3.16676079
-0.19544422
1.12661563
2.21042175
0.98954895
0.15142804
1.36194144
0.62319963
-0.60058287
-0.16025991
0.05100004
1.32810426
2.47975139
0.28497360
-0.41092247
1.30946454
0.41589389
0.61376319
-0.00289452
-0.62390906
0.29882343
0.63143559
1.08109414
0.31020155
1.81377051
0.94778255
1.42421211
1.58615705
0.55524489
0.63076960
1.91844310
0.70270329
-0.38404946
1.16831958
1.63003004
1.68155555
0.85570331
1.57980003
1.14345022
-0.47933450
2.31061542
2.23340645
1.25754913
0.40069439
0.52260804
0.03922121
1.01194347
1.32859767
1.15421693
-1.01301334
0.39827063
1.55165505
1.17525741
2.10121231
2.17339689
-0.61362249
1.01022351
0.69427567
0.51214895
-0.21384538
1.61664785
1.79359682
0.70371784
1.26424990
1.74369460
-0.70466309
1.16942148
2.65127658
-0.29608918
-0.03129624
0.38167978
1.54796767
0.61598766
2.18084488
1.80795375
