0.68224048
1.59175759
1.16144481
-0.49433462
0.17361412
2.06559669
1.54023134
-0.68730336
2.61287469
-0.08697841
0.91665134
0.98440646
2.50777230
1.24190904
0.79317321
1.59297359
1.80578525
2.78119091
1.83856333
0.75211985
1.03301693
0.41579819
3.21576668
-0.07518844
0.80812376
2.81851682
-0.12451963
1.06411630
1.65149837
1.15119089
2.41668754
0.78901964
2.08426989
0.77226464
1.02460715
0.80282722
2.08340951
1.54423790
1.78684535
0.79614038
1.81924059
-0.84532316
1.75062194
1.80087116
0.24187234
0.37219275
1.23641582
-0.34367694
0.28886855
-0.76943942
0.67676380
0.14124453
1.41492138
3.10976039
0.46251524
0.88044840
-0.85364614
-0.89528405
0.30009935
0.09015092
1.88349009
0.96004599
0.92938776
-0.81278346
0.95373351
1.44524271
2.13648566
1.95541159
1.37272699
2.46327717
2.48913407
0.11025751
0.54648431
2.04618637
0.91339102
0.83510666
1.15312285
0.41956569
-0.18534443
1.51737107
3.69983684
-0.13643521
0.20649161
0.23205680
1.46732920
1.99227798
-0.45161570
3.38260089
2.22174634
0.08013705
0.12224938
0.58090355
2.80970500
1.45190919
0.12516645
-0.62361158
2.53887573
0.64516770
0.76592481
2.45663323
