3.49618360
2.55333668
-0.65428438
1.35628769
2.56895848
0.30222795
1.31230714
-1.44312673
2.51531111
1.93710546
-0.13069453
1.43856744
2.03196215
-1.24913108
1.71031182
1.15292795
1.26423536
0.48466561
0.98882638
1.55371978
2.01647902
3.74139530
0.60946018
1.71594858
0.43539037
-0.04406403
1.64277831
0.00559311
1.40167264
-0.10394078
1.19266808
0.54619937
1.11664185
1.12401151
-0.61310818
2.89519865
0.56652200
0.90695359
-0.48652356
-0.20690918
0.76610888
-0.70402518
-0.09153664
2.01113141
0.59661461
2.98061328
0.36361467
-0.56817924
1.97293833
0.92283300
1.55314576
-0.90281933
2.15977247
0.18690698
1.01995195
2.74650582
1.12977134
-1.66436878
2.86606949
0.60392111
2.66984550
-0.69346853
1.18086787
1.62161490
0.88719338
1.42551057
1.09707217
0.96905462
1.80748455
-0.17464918
0.37793061
1.38223830
1.60053593
0.04802930
0.32074995
0.27291799
3.27048327
3.94467605
1.65167559
-1.06739387
-0.24772790
2.05964596
0.43290882
-0.16756292
1.33786548
-0.02396075
1.39817337
-0.45632665
0.14057412
-1.46457795
0.37209586
0.53789009
2.52499983
0.36408101
1.31704432
0.10304535
0.21836823
1.39374964
1.39453238
0.35368560
