0.25268980
0.48400783
-0.37075470
-0.08272878
0.26872713
0.27150949
0.78263292
-0.79507320
0.41011742
1.75914381
-0.13967358
1.11955243
1.99688786
1.63964333
0.53983805
0.44440801
3.41032550
0.86660692
1.27620673
1.69244027
1.57623937
0.35530930
2.30979109
0.03774043
-0.74219231
1.65468473
-0.32431519
1.02743028
1.06622290
0.90903079
0.72822626
1.58496446
0.72779257
1.40169292
0.32456454
-0.07928148
1.58270085
2.16498724
2.86828707
0.62731375
1.48753012
-1.49802183
0.71972011
1.82972865
1.76185368
1.42711352
1.98731631
3.11394390
0.64535835
0.92841880
1.21360950
1.55869410
0.08225332
0.00557194
1.62161416
0.79223226
2.21481888
-0.63141404
1.09677427
-0.95636522
2.96112336
0.25455336
1.15921662
-0.91109180
1.50222698
0.69358031
-1.21973698
0.92562233
1.31403851
-0.47280670
1.81686546
1.70958533
0.57131159
1.44560412
0.49282009
-0.15643564
0.01719838
1.64439063
2.17828041
0.46771672
2.14787127
0.39582800
1.13424441
0.42926028
1.46987945
0.46236431
0.60681034
0.62585242
0.34849174
-0.22350396
-0.05253838
0.76855698
1.22008877
0.43740541
1.86618367
1.31039831
1.33382747
2.13350013
0.92602983
1.01023900
