1.63883201
0.40119930
-0.46752471
-0.80038831
-0.22588785
0.81573507
1.93424821
1.86753078
-1.07125342
1.39324353
-0.31384135
0.49746674
-1.03048494
1.58903145
-0.99714666
2.23019350
-0.08594167
0.62675827
0.57093507
1.46109119
2.14924277
3.13063030
0.37448179
1.31434681
0.70266613
0.20900273
1.82324558
2.22821584
1.05256106
1.12081940
-0.07934130
0.91909368
-0.14826236
0.83296039
0.88407289
0.82530485
0.71517617
1.46703586
1.69988914
1.57595175
0.33342409
1.86612294
0.35664606
0.27781632
-0.05407976
2.36925561
0.73788848
0.35051633
1.71748639
-1.16729237
1.68313576
0.28717261
-0.11691335
1.11211808
1.74095533
1.31254346
0.63301575
-0.52155159
0.43747868
0.82121393
1.57067540
-1.80320844
-0.01019980
0.06802941
-0.46799359
1.53671984
1.25344211
2.08446620
0.74243170
0.34811780
2.94294382
2.24770300
1.78174944
1.46455367
-0.20340037
1.40746217
0.94188293
0.02060887
0.88027327
-0.18047029
1.23450772
1.93803111
0.07136613
1.72639238
0.59634027
1.59232286
1.72023108
1.42707448
1.88835439
-0.96213954
1.34201391
2.83186848
2.58589673
1.44977391
1.02627376
0.73685063
-0.75173476
0.94050819
2.11571808
1.85641205
