0.69465283
0.34262142
1.37656379
0.68553016
0.78368542
0.94363453
1.27327435
0.96360482
1.08238890
-0.14764478
1.38540187
-0.24108856
1.83895922
1.81813512
1.13764578
1.23254094
1.59899763
1.28549197
-0.38406086
0.94128017
1.14783217
0.81806300
0.04582304
1.03516665
1.63801726
-0.50120522
1.70910071
0.70112624
1.09564435
0.73593926
0.26178749
2.42736774
-0.50862393
0.34086185
0.42338615
0.89495558
0.88495340
0.50499442
1.59900919
0.87175947
0.62484008
1.71820022
1.57692551
-0.06853718
0.90819989
2.98385595
0.73888152
0.91650913
1.63960475
1.30784548
1.86635957
-0.32664367
0.37834967
0.76081556
1.75346802
0.55545188
1.81642694
2.30342769
3.41899008
2.19341597
2.41428976
0.79841647
1.94885751
2.93389393
-0.10956493
1.44181868
0.30792373
1.79041939
0.51443886
-0.66102859
-0.22424086
1.05839149
0.64989692
0.26866743
-0.98061063
-0.94281034
1.24084223
-0.50659515
-0.35678098
1.08287961
2.74639003
0.33510624
0.76197119
1.05804188
2.22915323
0.72417582
2.10488435
-0.13992893
0.05063990
0.15430429
1.69356084
2.22202578
0.64053141
0.37940163
1.10928503
-0.97849387
-0.17171299
1.03162484
1.41187305
0.68844986
