1.50986902
2.06358941
1.12487643
1.26198573
1.03904842
2.36184233
-1.06168635
-0.57117355
0.30127882
0.43781265
1.05755922
0.03183779
1.76184095
0.88587006
0.56875059
0.64602976
3.22575302
2.30445343
0.60082078
2.15727573
-0.68860069
-2.06978022
0.58328950
0.76052821
-0.00264781
-3.41078351
0.96556327
0.21449499
1.13067016
2.06756616
0.28576277
1.69649796
1.91606087
-1.33497630
0.67132408
1.00402792
3.21404640
1.45061045
0.20242341
-0.81862471
0.76487637
0.31718439
0.28072518
2.77094947
0.93413970
1.50673452
-0.17096074
0.76409374
2.42262490
-0.30347443
1.44820187
3.02159985
-1.07385064
2.34713650
1.79478333
1.71447295
0.67602161
2.13273775
-1.45379648
2.37805231
1.87874902
2.26279256
0.51523129
0.76487003
0.73794721
0.76804859
1.25236610
0.92667174
2.61678450
1.45427735
0.55801543
0.86728483
1.38690114
0.39437324
1.41044308
2.07282810
1.54218873
2.09813500
1.57783794
2.21935090
2.03892916
0.48727918
0.37448095
1.72241411
0.83706974
1.93461221
0.31972815
1.66979534
0.69298065
1.69537338
-0.54870751
2.98479108
1.09071166
1.73325020
-2.05293060
3.12614135
2.81599626
1.58535158
0.80088652
1.06668760
