2.08891623
0.25846443
1.13730802
-0.08211299
1.50560931
1.09361321
1.90023295
0.21280187
0.07475089
1.57335290
0.16228780
1.65298899
0.36176774
0.69636860
1.12482846
0.66588169
0.51080038
0.59348773
1.29047426
1.49842443
0.30859801
0.32134178
2.68683335
3.39402240
1.99849909
2.28848219
0.52080843
2.13750808
2.37984823
1.23273781
0.10602970
1.89286072
1.54274586
0.78795473
1.20999191
1.05131142
0.39376410
1.69524978
-0.24624690
0.12741909
1.05685485
-0.10619630
-0.37667218
0.85580457
-1.66576659
0.69988104
1.88855001
1.90251264
1.46425137
1.59727190
1.92184342
0.16172216
0.94378457
2.18606987
0.72388434
0.92342878
0.79104057
1.43422009
0.28091625
0.78239461
1.86506249
2.50215945
1.61201635
1.08274089
1.27539863
0.81540208
0.21260644
2.14436855
1.52365671
1.89930742
1.12255625
2.48358073
3.83314645
1.20741862
1.67395652
2.93990814
3.51471187
0.07739036
1.82367953
-0.34448869
0.13294176
-0.70553515
0.24103047
0.79373962
1.68247595
1.90863409
0.88571486
0.45681629
0.71909686
2.30512821
0.96801296
-0.21016666
0.89001812
1.88031696
1.83819528
1.58398685
1.02693614
0.31122465
1.73463767
0.80603241
