0.36832732
2.30606147
-0.12183717
0.69112723
3.10410990
1.83502744
1.12260042
-0.38139015
0.35149694
-0.63218531
0.02643912
2.39251405
-1.08543206
0.06169039
1.25164508
-0.34357053
0.57751717
1.34087363
0.70391649
1.57081198
1.08130340
1.78792335
1.19365674
3.11570844
1.46669495
0.13105978
-0.16154733
1.86954817
1.18055501
-0.04518120
1.72602687
-0.30129992
1.44279529
0.72841960
1.78745119
-0.58056765
1.32117500
2.58668828
2.98061645
1.29727312
1.33081466
0.84899740
0.82034917
2.24328080
0.94511094
1.37033422
1.37141426
0.86242835
1.27557714
2.27608776
-1.13230960
0.80376732
0.44159596
2.03752721
1.83361866
0.17381981
1.61192574
0.83837097
1.37739352
2.85363310
0.80441970
0.00221754
1.21874913
0.76613793
0.78373476
2.23181123
0.26058975
0.21724030
-1.79274594
-1.18836371
0.33179036
0.05907914
0.72664469
1.63861070
1.62534800
1.13636450
1.24657042
0.42299638
3.40628194
-1.45848914
0.82247164
2.60577658
0.70665627
0.28442394
0.67151854
-0.84301996
0.32792857
0.17722438
2.58713180
1.41187156
2.39127793
1.28418273
-0.68129009
0.60171647
0.20528195
1.15002749
1.40150844
1.00771963
1.70772272
1.76928421
