1.24347065
1.23363886
-0.54280492
0.99661620
1.34204575
0.97293047
1.66438129
-0.20489392
0.93240755
1.38286970
2.34698801
0.02715754
-0.23690858
1.62665548
0.89225155
1.46956707
1.09636196
2.29176563
-0.42355958
0.00093475
0.01693453
3.03562987
1.39832842
0.07175559
0.10936959
2.33523410
1.34294375
-0.57148203
1.00405360
2.59735863
-1.09113544
2.46197362
0.69664258
0.51354903
-0.29711514
-0.04567498
-1.08441555
1.45199166
1.26318797
0.91293316
1.55265141
0.17477169
-0.02257347
-0.62304013
1.88647300
0.30145865
1.77725823
0.63139675
1.13902800
-1.12882044
0.73084022
2.97241785
1.43913333
1.01094943
2.64731034
0.79743662
2.40961371
0.64681394
1.97032389
-0.18885478
0.14125014
1.02803989
1.51112428
0.05766507
0.31602110
3.17472003
1.90634569
1.10458083
0.78743699
-0.23027961
1.62085053
0.47450087
-0.18391799
1.31105581
1.24545197
1.12845654
-0.28827060
0.71686539
0.24272577
-1.05514946
-0.10644013
1.23190870
1.64317954
0.41427291
2.25478023
0.87648858
1.38931946
0.66836456
2.01999843
1.78749811
0.97205089
3.74169394
0.40853793
1.62689832
1.63696975
1.18487227
1.56440074
-0.02431449
2.38988840
0.98581670
