0.69361123
2.02551287
0.42697987
2.00117729
0.15648033
0.84314738
2.16232344
1.55297220
-0.89382060
1.51264618
1.13367570
2.44036432
2.07979782
1.40199990
1.80396607
1.79790117
-0.37352167
0.44563692
0.73817041
1.55908987
1.55819714
0.45830466
0.19108073
1.35981471
2.83453747
0.53335933
2.02918893
0.05658013
0.79292883
0.13635228
2.27099561
0.78413476
1.41842720
-0.09834334
0.58782421
0.89284671
1.32113974
1.30556387
1.07811600
0.14781935
1.42198355
-0.38843792
1.62302647
1.17575437
0.08145632
2.47534003
2.07527680
0.68843071
0.12277528
2.21035364
2.34035522
1.77366858
1.29649320
0.04966152
0.81699374
0.62372448
0.73529854
2.74772543
0.47131046
1.01874907
2.75071693
0.15370138
0.56393400
-0.77202314
0.51254470
-0.56320961
1.99212577
1.51249529
1.14263816
1.23774169
1.57937025
1.10420999
0.96593329
0.81940110
1.33977403
2.26774193
0.94882669
1.59117542
3.07803549
1.68513368
2.36783590
0.11722005
1.09065277
-0.02662633
1.76365514
0.77702401
0.07049131
1.01399047
-0.71636643
-0.64169415
1.87191433
1.72687253
0.54112649
0.59243265
1.58830633
0.37210386
0.59149922
-0.37562259
0.67011771
-1.27056755
