1.91043639
0.14129559
1.98942473
-0.27693239
1.23433576
1.18636208
1.23069388
1.51809184
1.37935365
0.64896249
0.15071788
0.61593736
0.24138622
1.41562039
2.89527661
2.58883186
1.89277378
1.09713344
1.30250940
1.38804166
0.86062403
-0.97141293
0.86329374
-0.16556173
-0.55509481
-0.01900620
2.01007647
1.21537137
1.75551134
1.18755308
1.94599956
-0.18728394
1.43942034
1.99448336
0.38431726
-0.02448406
1.64547201
2.64082951
2.44719014
0.05624575
2.04081559
-1.01335219
-0.13539239
2.44421595
1.41124406
-0.74981079
1.49881050
0.63878830
1.64482245
-0.19055863
-0.26240943
2.81602886
2.62320435
0.58529840
0.48890623
0.88604820
1.67598849
-0.93183766
1.92910886
1.06674251
0.57759057
3.56367274
1.30027054
0.59213083
0.83623874
0.79248382
2.45666951
1.80298319
-0.51562706
2.53919079
-0.08181008
1.58131433
0.92491010
0.66612035
2.94833042
0.49404396
-0.49106684
0.91587104
2.37170684
2.32928239
0.48061548
0.23819178
2.23501160
1.86889541
1.27631033
0.14813571
1.21109811
1.97390876
1.98827674
1.04949047
2.18584823
0.79394155
1.80507273
0.47638330
1.12676149
1.04976170
0.66157014
-1.20431991
0.65893240
1.08955119
