2.22441215
-0.28621839
0.39803455
1.99761129
1.60974547
-0.92738524
1.49921278
1.32878171
0.80882257
2.41887850
0.26436535
-0.10016522
-0.28042267
-0.01923901
1.47636513
1.36742965
0.29995151
2.15064409
0.81884901
1.60498564
1.38804292
1.61650238
0.11771454
1.35735293
2.47953067
2.31398024
-0.13147074
-0.41643255
-0.60089666
1.46094243
0.33879073
0.93458023
0.30325890
0.85374318
0.97536601
0.24431042
-0.42637794
1.71251501
1.25713371
1.60604319
0.75588958
2.43289205
0.49337002
3.46932384
-0.38857348
1.45696546
0.28363596
-0.14297589
2.29808037
0.00035356
1.54037541
2.29130875
2.03637243
-0.45766676
0.07697320
1.48100245
1.61512966
1.95418317
0.91296645
0.53160545
0.25387515
0.33711419
1.28693574
0.31367117
-0.25549349
2.58975844
1.29589007
-0.02991836
1.78516432
0.57855485
0.79315672
2.11474006
0.43369282
1.08432604
1.27561125
-0.04041131
1.29458163
1.63543178
1.09089270
1.60872952
-0.48759000
0.31067766
1.20273478
1.23286596
1.39188745
1.84485801
0.61706961
1.25709812
0.93164261
1.14856133
-0.11183653
2.31703976
1.16377026
0.49857994
-0.67191465
0.87713830
0.69281202
1.21765828
1.13766385
-0.00753405
