1.35346050
-0.29297889
0.67897318
0.79353345
-0.11419554
0.80512368
0.97128957
1.68872132
0.43377243
0.71923887
1.24690574
1.25565106
1.46123058
2.26296728
1.11952478
1.89140085
2.18567508
0.96520697
0.05467104
0.96291665
0.77563011
1.06026837
-0.50100176
0.86585319
0.99835624
1.73784763
0.24744092
2.18530269
0.26602249
1.84732405
2.64782543
-0.05989947
2.19829023
1.38656278
0.47664999
0.99061711
0.09608113
0.30094061
1.39880639
1.23628086
0.19759750
1.57451338
0.35742034
2.04730099
-0.01995025
1.81812572
1.96444596
0.74239314
3.53220936
1.27594533
0.47515954
1.57334781
0.12101858
0.91702264
0.36495438
1.92665918
1.60185852
2.12201310
2.39119005
0.04242806
1.27550092
0.49745498
1.40888865
-0.23765077
0.17428748
1.85812134
2.18544398
0.89646129
-0.30665879
2.07005260
2.08610407
0.42508842
1.35439019
1.68447508
0.10571478
-0.17172216
1.02422158
1.95057111
0.48825406
2.50149206
-0.02747693
0.54544904
2.50076545
0.32736454
2.91693312
0.12286070
1.14975218
1.23670420
2.05806250
1.68141814
0.15854182
1.83974747
2.84648097
0.20175624
1.40065745
-0.56352755
0.42905210
0.55894454
1.74880271
2.99994688
