-0.15010006
1.73216493
0.87538999
1.31981874
1.28179671
0.82952403
-0.41826533
-0.08549335
1.19239708
0.45474968
0.93331679
0.07084606
0.02926173
0.93013290
1.72286971
1.02614796
-1.19961596
1.88554448
0.69185543
0.26113724
0.35993454
0.33758430
1.07808078
1.37430475
1.02721476
0.31091942
2.93942572
1.92391316
0.54972442
1.86738130
3.16854435
2.19782469
0.04765464
1.73123624
1.17766224
0.57901978
1.79871674
0.96863957
1.41873635
1.49934533
-0.13932673
2.43199959
0.08345203
1.35136849
1.32006636
-0.47020182
0.51651096
1.47277378
2.68059451
1.24420162
2.62493481
1.79020630
0.50549521
0.44531142
1.94390483
0.48137083
-0.00961860
0.14547252
1.75560615
1.84890926
-0.73758633
1.02608946
-1.18519539
1.06998592
0.47475597
1.01165998
1.78163031
0.89936091
-0.12682342
4.38775362
0.58380976
1.73397452
-0.18800473
2.17938389
1.79173082
1.96280666
0.50054425
-0.11236284
-0.30058525
0.02683173
2.02835453
0.93201818
1.36052110
1.65378476
1.26805381
0.58892849
0.86024948
0.62200318
1.40524719
-0.27614250
1.61251942
-0.05950572
0.14903440
1.05691618
-0.62554377
-0.12112040
2.07141026
0.23665740
-1.01569639
-0.10234665
