1.42506364
-0.19526242
0.03494834
3.26418771
1.32835864
0.31507615
1.54197366
3.83786395
1.08841654
3.05937042
0.99038822
1.16377524
1.19849592
0.57883750
0.54497740
-0.61419278
1.66433343
2.78308439
1.25740622
0.47922093
1.74216421
-0.55612808
1.99644972
2.14657735
1.77526129
0.60191270
0.65848524
1.05888862
0.12996601
0.54304534
1.55922787
1.26716543
1.20152669
-0.10913893
0.79491212
1.75706273
2.54788945
0.61218733
3.10744142
0.40677432
1.35179089
3.37818827
3.27991739
1.38366204
0.12897998
-0.51158268
3.44010330
2.91567505
1.31583832
2.80668050
0.22685439
0.99480836
1.68726302
2.54734776
2.41029110
0.15682254
0.05020308
-0.74408068
0.00967562
1.83384608
1.08519448
0.11559542
2.52889975
1.50325601
0.38738108
1.79537277
-0.61609463
-0.32626321
1.58714797
-0.35378413
1.25188251
1.52790727
-0.18636853
2.39858000
0.62150957
0.89295594
1.44723810
1.12812463
0.26971252
-0.29928684
0.98182736
-0.39283139
1.73954502
0.15521301
2.39156166
1.64655016
-0.35099080
3.16232385
1.38432458
1.45403395
2.04387495
1.29942352
0.88300808
-1.10654218
1.44232184
1.81973968
0.51925470
1.39874927
0.85552273
-0.22535313
