0.83742088
1.04355690
-0.71191113
0.36012274
0.60701240
1.00230146
1.49127174
2.86722193
1.24548185
0.74911330
0.28960889
1.29049765
0.57367838
1.53834763
1.06926669
1.15523532
1.46047576
0.87725725
1.91193006
2.59869261
1.60413417
0.22629497
2.21765272
2.16759559
1.48276502
-0.07036236
1.26002927
0.41850645
-1.22500917
1.41540707
2.08086884
1.96279027
2.22927730
0.53786788
0.79712228
-0.32694985
-0.42200324
1.66403098
0.62813954
1.55972848
1.19019835
0.05646870
1.25163801
2.15615641
0.54169225
1.02833933
0.71178012
0.31694758
0.84903439
0.12046847
1.90991671
0.28279920
0.35835364
0.90460786
1.02176532
1.24845645
2.12139559
1.48727485
0.67903917
1.66097572
-1.11889352
2.77320975
1.51478632
0.36072818
1.77002819
1.50782067
0.79700783
1.03353670
0.47185804
0.66264445
0.48965453
1.30664735
1.28509291
0.47686493
1.35771137
0.25795487
1.84016778
2.05926295
1.24607037
1.10190656
1.21365606
0.32030376
1.47821203
0.33182992
0.73651746
1.85461416
1.14692079
0.78213146
0.44601059
0.76095113
0.85992371
-0.05732250
0.42627215
0.41988195
0.27075529
0.19287521
1.89419802
2.45770082
0.92392142
0.05832463
