0.56745485
-0.21897620
0.78417414
1.59608056
2.35798503
2.31478713
1.75908115
-0.94795440
-0.33887643
2.53243067
1.75606669
1.14320319
1.84983375
1.75060954
1.11649545
1.76967700
0.48530427
0.86103774
0.95358629
0.81688509
0.49316029
2.53811066
0.94330870
0.98580341
3.23297493
0.25920424
-0.06472257
1.38633705
0.02421520
0.66253178
1.51764715
1.68156476
-0.27491114
1.18803657
0.62776775
1.26216586
-0.10949112
0.65389924
1.37312356
0.35724015
1.19131760
0.39205978
0.22164103
-0.95183534
1.09745401
0.20160232
0.26867357
1.90240739
0.82889708
0.42871280
1.40890766
0.60872862
1.41527502
1.64087690
-0.94894697
-0.17131041
2.30122191
1.37135490
1.39402040
-1.16339302
0.67092410
1.83350374
1.48168001
1.74146516
1.66170844
0.84413278
3.20436476
1.79747537
0.72850055
-0.26488401
1.08867883
2.61326097
1.44468942
-0.07563746
1.55215522
1.38234752
0.59176396
0.62574857
2.36200475
-0.24166212
0.22391743
2.05992388
1.83648496
1.56179406
1.34237672
0.66217571
-0.02135220
2.04640097
0.20396624
0.91992535
0.19487836
1.54111735
2.11073804
0.65075778
1.05708054
2.35713173
0.85068869
0.77356512
-0.99523132
3.04297440
