2.83349391
-1.34020945
2.67564038
2.78832623
2.51043869
0.29835156
-0.25334272
0.86286751
0.80582952
1.73362542
-0.22544825
1.05467972
-0.52798423
0.51797254
0.43247054
-0.07469252
0.73129759
1.75760830
3.21511928
0.83288674
1.31555876
2.44628244
1.29068209
1.23159404
1.32732429
1.04398252
0.53105290
1.97469873
-0.92870294
1.08676799
1.10862500
1.99782167
1.54166927
0.65045207
0.88048324
0.60830263
1.82338943
0.97152980
1.38744646
0.57788293
0.52360242
-0.05860585
0.74357356
2.62125366
0.84035086
1.25300197
2.21629455
2.73572295
1.68967653
2.83099248
-0.01723835
2.49911272
2.23688839
1.41630909
0.49246653
0.43041330
2.01685833
0.40823701
0.37576758
2.30502129
-0.28341258
2.19148294
2.38594628
2.61329306
-0.37650351
-0.24131166
0.69150589
0.94641346
1.75703771
2.63652865
1.43283697
0.47938633
0.70880029
1.23920958
0.49081141
0.74738430
0.16477059
1.73533438
1.45238899
3.04716867
2.23233843
1.33576899
1.05270499
1.63996053
0.65972060
1.24229739
-0.53804258
0.46456802
1.45042833
-0.19452220
1.45739717
2.40696895
0.83523549
-0.88129170
1.68429751
0.53245589
1.49193178
0.65216049
1.32485626
0.40769130
