0.06599783
0.76859410
2.57492107
1.78966296
1.06667360
0.31216379
0.74473168
0.74920415
0.77268832
0.73272742
2.16185890
-0.82426052
1.16612297
2.53956730
0.64741363
0.90046688
1.39779019
1.13777097
0.43730957
0.49977223
1.89247110
1.04516195
2.00832277
1.20693265
0.67833609
0.50164847
0.89589638
-0.32440993
1.29698491
2.29843183
2.12138550
1.72794355
1.46827979
-0.14929889
-0.49111167
2.55177546
1.45449140
1.64905722
2.02317073
0.54261039
-1.18861627
1.83020935
-0.79547690
2.20518223
0.67323173
1.00830532
0.23250757
1.47098230
-0.07985053
1.34062900
2.52322075
1.30408288
2.05384503
2.59051055
0.74991455
0.67464950
0.92591074
-0.85819591
0.10625343
1.71351269
0.82485677
1.66001084
0.21535161
-1.27622095
1.66517054
1.94632056
0.59597156
-0.31939360
0.79850347
0.10032589
1.24514019
0.02502916
-2.10396496
-1.01961889
1.18671893
0.50659486
0.03887802
1.34676199
0.08320424
1.87764439
1.42852760
-1.08722203
1.14793305
1.43616147
2.24001269
-0.14466350
1.28923528
-0.06328011
-0.63969571
-0.11062426
0.01024226
2.67344436
3.53450378
0.02340171
1.08151598
0.54058511
0.26312208
1.25944779
1.77172973
1.27385405
