2.03850120
0.32585857
0.84113446
1.08990663
0.16085669
2.49518855
0.89605116
0.83826032
1.71060603
0.62591836
1.64773786
0.87425161
1.69243327
1.83262268
0.38386778
2.55572654
0.83083325
1.59947008
-0.61404229
0.27695961
1.63957861
1.90311860
0.61476913
-0.72870653
0.15044513
-0.64935220
0.60492597
0.83388824
0.93156013
1.76950815
0.67842894
0.33267197
0.03577964
0.02802692
-0.82579357
2.41175487
1.57136334
0.65207090
2.24616861
0.40910380
0.63991131
1.87648012
2.45227028
-1.21591324
1.32986917
-0.23775381
0.28666961
0.47991195
-0.06283863
0.56171068
-0.35300764
-0.03019162
1.37541211
2.01001674
2.06142027
1.09258723
0.32737286
1.73065898
0.68080653
1.71263075
-0.76646328
3.12739666
0.63249949
1.95721251
1.69646078
2.58743686
2.57946371
-0.69132126
0.55587924
1.55047100
1.33547358
2.28463722
-0.69653901
-0.53979515
1.89999696
0.42198563
2.44303894
2.28039449
2.56040745
0.75286918
1.39656417
1.23826967
0.57531103
2.00801874
0.68322525
0.35129566
-1.05682212
-0.42979441
2.25428109
1.82791371
1.59679913
2.11478894
1.03360107
2.84848245
1.43957474
1.91112535
0.79647759
-0.24624458
2.38428136
0.22319351
