2.00778907
1.71981928
1.53647762
1.17644016
1.22849456
2.12167418
2.13162142
-0.42363622
1.41774605
1.84149953
1.24763652
-0.96647808
1.87771435
-0.30530119
3.02856257
3.73617587
0.36405376
0.32588093
2.01252860
1.43192040
1.87224100
0.06348882
0.25725453
2.27797081
1.18832245
0.21579647
-0.62096225
0.84094488
-0.17583860
1.50254049
0.75124131
2.05284104
2.00045755
0.77131754
0.69674353
1.41580587
2.98208807
0.82089056
0.48083559
0.57272559
1.36114069
1.72843085
-0.07466419
2.34102673
0.46427438
0.34086940
1.86356342
1.96190068
-0.06454231
0.03473331
1.34809327
0.18943998
1.79733390
3.95157222
-0.03452336
1.43002949
-0.08480580
0.84788644
1.22863510
2.41702730
0.96358536
1.30460951
-0.03080235
2.14957074
2.58245212
0.86523067
0.26810908
0.81566515
0.68401125
0.48220817
1.67553104
1.53501031
0.59326159
1.31324509
1.19334967
0.19617267
1.17757741
0.95481546
0.11724758
1.51355575
1.37786230
-0.42908788
1.83973754
0.03028825
3.13391549
0.82625295
0.52344941
1.01367763
2.25619273
1.04268673
0.53991461
1.06958904
1.93844607
0.03558820
1.59547755
0.30798087
2.16824105
2.72977727
0.26031546
1.34751428
