2.33768042
0.84338596
-0.14876342
0.18522842
3.08365466
-0.08357802
2.09543881
1.27322855
2.62841734
0.36092959
1.88253854
0.38149510
0.09651315
2.27767871
1.02839305
-0.17025245
1.91345484
0.41735894
1.38929851
2.45170398
2.06672843
1.41591034
2.29591768
0.71106461
1.04439024
1.62092747
1.42163148
1.12606859
1.50573863
1.16715713
1.72227663
2.90241044
0.64498678
1.27152634
1.50834586
0.12542893
1.86758964
1.92845775
1.38113365
0.66139119
0.84554106
0.79152281
0.47013273
-0.45729452
3.07001366
1.54590633
1.42742692
0.75508972
3.00081476
1.41421809
0.60135446
0.39333090
1.30975726
2.36153099
0.84815746
2.73299791
-0.27211615
0.48279629
-0.17668253
0.43999375
0.92953480
0.67668165
0.92160831
-1.50900031
1.69522944
0.59386604
1.22580535
0.70666842
-0.27624129
0.81705785
-1.32886780
0.56803176
0.00414756
1.62673327
1.18623308
0.73200889
1.46618839
1.92353683
0.53728210
0.03954542
1.03149588
0.91150239
0.97430920
0.89582822
1.43587208
2.00128078
1.06900054
1.35444057
2.38580149
-0.30034795
0.62418644
0.06781080
0.41757051
-0.50110130
1.20982182
1.51088256
2.19364393
1.85443394
-0.01491773
-0.18753175
