2.34308082
0.60083518
-1.04244391
1.73764237
0.59613180
-0.54622086
2.60538130
-0.59176499
1.34784629
0.98086918
0.48438846
0.83826087
-0.23948831
1.39725363
-0.74075360
1.48842127
0.70136050
0.93250827
1.45372392
2.14522665
0.41523119
0.72645785
0.75434868
-1.43507123
1.32470300
0.87396133
1.59994930
-0.00951023
3.88089393
1.24223455
2.12123124
1.37266280
2.08143131
0.43298308
0.70671403
0.65987541
1.57844521
0.93307387
1.02918088
0.42329463
-0.01237583
1.34771388
2.55132502
0.37646681
0.93321234
0.43865668
0.61222231
0.63480419
0.56239300
0.69731881
0.48871554
1.60160687
2.36171081
0.15210531
0.94625722
2.05189842
-0.57175760
2.24408177
-0.37537031
1.28935426
1.16257053
0.38603894
1.60679483
1.26045144
0.28011735
-0.29112753
0.33433752
0.42193367
1.27160958
1.03622820
3.01270445
1.95565396
0.64227134
1.62635484
2.11120527
0.42865480
1.88625354
1.47821420
1.39256612
-1.47310129
-0.32458296
1.81227592
2.22677271
-0.13897918
3.02221320
2.20725451
0.84777959
1.20465690
-1.12543460
1.08175536
0.76928954
0.45589952
1.40533077
0.69982116
2.30414943
1.86237275
0.08092523
0.97514425
2.29434532
1.02134069
