0.65856547
0.75024145
1.30991099
-0.54860171
0.98875446
1.49243179
1.23526235
0.36701518
-0.41640387
1.08657064
-0.96798590
0.88062761
-0.58637532
-0.76688864
1.55202483
0.03943723
0.83712321
0.51391013
2.94767912
1.57128770
-2.71052494
3.16272713
1.96945390
2.13762914
1.12590460
0.32456908
-1.54623719
2.03735858
0.16250578
0.56850103
1.44176703
1.67706115
1.68297926
1.77846950
0.22338205
-0.67503099
0.56197676
0.25120169
-0.04967210
-0.00091850
1.77668365
2.51546877
2.18805110
0.25560284
-0.51707681
-0.12981646
-0.23058043
1.81867227
0.42346794
-0.28538843
2.22173925
0.55613710
-0.49582238
0.48969484
-0.89983466
1.65456610
1.09491857
2.30392491
0.60459798
0.34131757
1.18285853
1.07596783
2.12506085
1.58494077
1.11967046
0.07068883
2.96394155
0.18194224
0.90705554
0.15080533
-0.51789310
0.74855814
1.29943635
2.26597113
1.91881223
1.55474394
1.22572944
2.16830721
0.93451535
1.10978424
2.08333261
0.85618564
-1.83135083
0.67666473
1.54949443
0.66044819
1.21318999
0.80276567
0.50868881
0.40132171
0.71461508
0.42867006
0.21659829
2.08254871
1.33702741
0.00947753
-0.92396552
2.39201162
0.92144252
0.48021852
