1.64925101
-0.44076410
-0.34538184
1.69619191
-0.00169889
1.18867898
2.44637875
0.86533564
2.55732323
-0.14733811
0.57740364
0.78222860
0.82732113
-0.57973252
0.98384524
0.94432109
1.05358795
1.18859130
-0.69954389
0.56159760
0.39902121
1.14908873
2.72910850
-0.12856421
0.18435928
2.33129538
0.20342653
2.14541727
1.68956264
-0.85453445
2.49530023
-0.28128020
0.23072440
0.65436339
0.34392823
-0.17092088
1.53219429
1.00195737
0.79028765
-0.55483815
-0.13513987
1.37393228
-0.77437911
1.22006613
1.08953391
1.87099743
-0.25471664
0.98303851
1.17952619
2.89577923
1.80657525
1.71681371
0.35476473
1.66416488
1.41044919
1.43222547
-0.28267397
0.86335583
0.99097463
0.43765769
1.44345126
0.90552561
2.30447894
0.06894182
0.96667418
1.77655260
1.59878411
0.64139238
0.30499616
2.21229745
1.21126081
0.42234319
0.26420108
0.60369824
2.20450874
0.44283125
0.62697556
-0.41894954
1.44346319
1.37058015
2.02537618
1.41059914
3.35260964
1.41102407
1.62483878
1.82942061
2.40112586
-1.92807119
2.79218390
-0.85669423
-0.45250424
0.08403987
1.68918495
0.51659425
1.10327972
0.49188825
0.98265731
1.19622686
1.56307325
3.31215210
