0.65640227
0.70355969
-0.20599748
0.82757974
1.29969779
0.72256888
2.88303397
0.08886805
1.02938945
1.16820513
2.63842370
1.70663602
2.72382352
-0.37301930
-0.63404640
1.17583852
1.21619660
0.96009621
1.49719524
0.62504096
1.22495195
-1.17044146
1.35760303
1.81420298
0.29336344
2.73442096
2.10906717
1.93537525
1.50730645
-0.81314209
0.09583060
-0.55785205
0.21646819
1.13441789
1.25956597
0.09890299
2.58738876
-0.85946057
3.54246464
0.76638062
1.62257812
0.72976506
2.05117644
2.10641367
0.80078501
2.70003199
0.87116200
0.61490169
2.48464290
3.00668949
0.00127089
1.52399251
1.83586861
1.84445086
1.32668694
1.27299926
1.72703103
0.92902272
2.08711282
0.32344231
0.48804905
0.03808916
1.74443806
1.79911780
0.36599777
1.99415285
1.21169619
2.79606564
1.80446492
1.90648731
-0.28313597
2.19611882
0.29872363
0.18895579
1.39993269
0.79778544
1.35530921
1.33488767
1.16633040
1.53275109
2.93069835
1.35786802
1.35913162
1.43775061
1.86618358
0.93623656
1.85183976
1.70888442
-0.20134791
1.75796190
0.40450623
0.20405400
1.77177265
0.30774665
3.08008776
0.22046496
3.15833540
1.32344198
1.81540711
0.18219889
