0.92009485
0.90316833
1.27062949
2.12179782
1.79642791
2.19487819
1.11508839
0.92159681
-0.41418137
0.92936639
-0.14027479
1.84398731
1.33339772
1.79973732
2.00964714
3.23948363
0.32817417
0.19304406
1.97918211
1.16053335
0.91710361
2.93947624
0.01275868
1.89456339
0.19433981
0.69987718
1.50433620
2.34975233
1.76251183
2.48463677
0.87169357
1.15415312
-1.19238374
0.20989674
0.74084835
1.36548671
-0.11921991
0.51286328
2.52975664
-1.09989553
0.87489268
1.25098684
0.13324038
1.85013151
-0.93156202
0.41762640
0.90574952
2.23261339
1.17996010
-0.80586124
0.03383012
1.26031811
1.30925662
1.45253945
3.62943366
0.61048812
0.69509197
0.75037710
0.70484217
-0.42305476
3.26296971
1.23952608
0.94885277
0.72146846
0.12202897
0.37172453
1.79463475
2.71641582
0.26334255
1.89345343
0.14173709
1.25939678
2.12238765
-0.86533284
1.87003138
0.79251949
0.99129716
1.18261852
0.98251374
-0.57431433
0.56581049
2.09287464
1.89866369
2.22848630
0.43443207
-0.09931212
-0.10577337
0.18793731
0.50888389
0.11117583
-0.67344950
-1.23062784
1.06011611
0.80853882
2.14146665
1.05407331
-0.10418669
1.07694059
1.54344964
1.48621619
