2.84473446
-1.73416481
0.82780214
1.47660745
0.73425132
0.57952818
0.10458920
0.00977347
2.39835651
0.87180867
-0.78549518
2.94080837
1.83043902
1.43814685
1.72054536
-0.37085096
1.23838089
-0.51681923
1.09079981
0.57665442
0.82616082
0.63766474
0.47200855
0.17535901
0.43926959
-0.08770982
0.16705473
1.38575345
0.46668270
1.62005926
0.50322073
1.09789779
0.40346911
2.11391491
1.35322297
1.13636053
-0.08885737
1.57651818
2.06201583
0.98412898
1.65176919
-0.26589582
2.27457956
2.69038792
1.51234842
-1.79861273
2.90646653
-0.50666058
0.71757385
1.60872429
-0.31240880
-0.16500348
1.57397445
1.63766835
0.28858642
1.39219008
1.18649287
1.21677491
1.68191476
1.95113671
-1.06875172
1.92021049
-0.40517957
2.48255956
1.84376988
-0.21084081
1.87309273
0.22906840
0.94928489
1.11946074
1.36957494
-0.36637575
0.72525249
0.13559013
2.05888771
0.55904779
3.43348524
-0.27474828
-0.48999909
2.09365020
0.86756552
1.67337284
2.09445382
1.02954432
-0.47100247
0.17358712
2.71348497
0.83632678
1.73610881
1.44373370
2.17111101
2.83272995
1.02731603
1.52754959
0.18482119
1.46382441
1.51952762
1.40596089
1.74818555
-0.19377988
