0.12939011
0.51944381
1.52457704
0.65387943
0.98879961
0.41698383
0.36905721
0.68409324
1.17985890
1.68001176
0.92534604
0.78835692
0.75880930
0.42507734
1.91682448
0.19344286
1.44683474
-1.11998368
2.68800181
-0.20437881
0.37443813
1.20258665
-0.05566824
0.52309503
2.05770778
-0.07642661
0.64601190
1.72260365
0.53019862
1.46728484
3.85705066
1.15536761
0.76737835
0.02433151
1.68873126
1.45027937
1.20294813
0.69771659
-0.04940614
3.44149043
1.43245366
0.40957918
-0.55933011
0.37641295
-0.88558140
1.53525025
1.63686084
2.76409931
1.27967952
0.11966291
0.68191569
-0.30865480
2.47680695
2.02164244
0.02569044
2.12382505
-1.74062875
2.94446466
0.84367805
1.79504485
0.81627748
0.26574920
2.03951881
-0.53246677
1.13600295
1.68990944
0.14308086
1.55666310
-1.40372851
4.11156036
0.05438517
0.19433105
0.46767216
1.28396353
0.13519106
2.22799755
-0.48183264
0.40567113
1.99391002
1.04398235
1.58690502
2.09185774
-0.14896449
1.42574720
1.20571516
3.15741550
0.31230865
2.58705805
-0.92967805
-0.19732547
-0.13321833
-1.17292393
0.46971300
0.48408321
0.69334625
2.14001913
0.19842469
1.29117764
1.35923687
1.67413471
