1.02154967
0.28100863
0.95473869
-0.52483462
0.46391973
2.26252283
2.22959493
0.99447198
1.02960702
-0.20242961
1.73409728
0.27610784
-0.74391358
0.51591390
0.65093387
1.46949700
0.95068870
-0.14554676
-0.88234177
-0.00062047
1.08841478
0.63725799
1.52944487
0.52055686
-1.03532989
0.33167560
0.08490584
1.86240644
0.89028665
0.85236895
2.84073249
0.88179305
2.47178136
0.92788179
1.28593020
0.52918093
1.22140930
1.72827836
2.04830083
2.99008560
1.00536384
1.22293660
1.01518259
0.09661754
1.63446850
3.92419866
0.88934485
2.30283445
-0.99512055
2.97521091
1.39088323
1.15043043
0.01824711
1.16254229
1.58683390
0.13356051
0.21049424
1.18168299
1.49345695
2.06198033
-0.37421628
-1.08068828
-0.10608596
1.56021583
0.28247778
1.36330185
2.19307338
0.39512803
1.24342175
1.65782063
-0.26407711
2.40987070
0.91047770
1.57042976
3.04687164
1.16356677
0.90643753
2.82826292
2.02751867
0.34175215
1.72050637
2.21844393
2.20885515
-0.26553215
0.25595717
0.68242697
0.82949554
1.69719894
2.22382934
0.98357014
1.53214441
-1.27283686
3.23908423
2.37490457
-0.41813449
0.60655205
1.33233944
-0.38655060
2.18924520
1.07604038
