1.41214373
0.42798748
-0.10255868
1.49252165
1.59434326
2.60046571
0.13396772
0.36837451
-0.27187504
0.24604684
-0.19576392
1.00321619
0.03510729
0.42173939
3.43386395
2.24136183
1.21713119
1.13245282
0.16764207
1.29976954
0.54415406
-0.14612162
1.45298990
-0.73536931
2.85823363
3.51904517
-0.25781063
1.64037169
0.07862201
1.33513591
1.53240925
0.38130495
0.35953457
2.30398319
1.99451961
-0.32009342
1.02676280
0.42393892
0.85435844
1.18638182
1.46671316
1.79098942
2.24944907
0.77811421
1.87173367
0.22317022
1.93245178
0.85645005
-1.37080781
0.77992434
1.21894004
1.93345898
-0.26774289
2.26762377
1.29462833
1.29589086
0.93924977
3.53199288
1.84264271
0.34320200
-0.10214168
1.25692684
-0.11471067
0.28164131
2.57186109
0.67106134
0.41090116
2.33802700
0.21889720
1.02099734
0.27406750
3.17291304
1.18883884
1.85531356
0.64723639
1.35380510
0.27019470
-1.04158520
0.31728898
1.72946100
1.32952784
0.22628375
2.20224183
-0.47549593
0.82254238
1.45142571
0.85245303
0.37086594
1.25852664
1.29579137
1.92778670
-0.59956069
1.02253813
-1.83765806
1.99713264
0.37977480
1.87246998
1.53635302
0.44019552
2.56795001
