0.92295665
1.11862052
1.05573951
-0.23128746
0.15738718
1.70742610
-0.20804933
0.47742812
1.38711963
1.89338289
0.31897317
1.41486756
1.15954175
1.45152566
1.28029135
1.57031119
1.52281255
0.10242751
0.24846385
1.42492972
1.30326264
2.52492706
1.10523879
0.72118911
2.52041950
-0.26683217
0.37414246
1.68875733
2.02749965
1.39606725
1.65169315
0.78493732
1.60825371
0.92242111
2.53385234
-0.33296205
0.80483344
1.58670616
0.25597347
1.72651321
1.02128807
-0.14550915
-0.58712758
0.67202816
0.26600564
0.42216948
0.12735315
0.21003443
0.01509242
-0.43108434
2.71798642
-0.48676506
0.15290337
1.40389020
0.83345495
1.54281476
1.67812011
0.76326740
2.94853640
0.78255596
1.96579144
0.40264233
1.29825648
0.10280368
0.92479431
1.68476169
1.85081362
0.62408390
0.46484406
0.69603377
0.07564521
0.22527137
0.29016336
2.02364585
-1.06184916
1.82797483
-0.11716949
2.16632191
0.41876278
1.67324782
0.64880695
1.04656471
1.85555317
2.92804796
-0.26844260
1.73830709
1.31791766
1.02336541
1.88496558
0.45887574
0.97791075
-0.96727557
1.31693660
0.54609265
0.34970344
0.69889628
0.79960682
0.59337793
1.31662231
1.34916678
