1.18065198
-1.22507595
1.26740156
-1.18165944
1.49684466
1.77893278
0.63954489
2.40632790
0.00383908
0.13885185
0.93517448
0.12048026
0.74976472
0.49749589
0.57837127
1.62334592
0.28229314
-0.25525636
-2.13233239
-0.43785751
0.77560421
-0.71829332
1.66908244
-0.98997495
1.05114778
-0.27729010
0.21033540
1.80893388
-0.57675959
-0.53243356
-0.35037028
1.89304525
1.12238476
1.88940589
-0.00537776
0.86115325
0.08365363
-0.12781582
-0.56695067
-0.49681215
0.83836466
0.22201051
0.71123461
1.84934979
0.35130288
0.20410291
3.20537486
1.71378607
0.85453902
1.70456349
-0.60787325
1.31054484
2.34379984
0.54948793
2.27230096
-0.35341022
0.73759878
-1.18931681
2.41336151
1.16226970
0.08746727
2.95771191
1.45795685
1.88814887
1.53305650
0.52432165
1.64194329
2.48202606
1.39258597
-0.14263760
0.83008310
-0.20479658
0.91748783
1.80976079
-0.26581609
1.44885455
0.73316950
1.81852641
0.73362209
0.44398610
1.91485115
-0.11322963
1.72062720
0.23302703
2.16477727
0.39155322
0.04209945
1.44404351
2.62379030
1.32614441
1.09138582
2.41499523
1.35566030
2.12690971
0.54051148
1.30686047
0.44388026
1.32113129
0.48022477
-0.43590263
