2.07891176
-1.41037805
0.65170942
2.02712520
1.22758696
0.50032809
-0.38528228
-0.10814724
1.57274286
0.04686368
2.81240713
2.76365807
1.06745246
2.43449375
0.93512248
1.67768913
1.79094166
1.71960396
0.67234986
0.40558595
-0.40638252
-0.62076971
0.40545223
1.29953422
1.49979639
-1.22379374
0.03349511
-0.63398809
0.15253967
0.66118101
0.97242539
0.63107439
3.35894157
1.19665070
0.88382711
1.58058278
-0.18620102
0.47222210
2.13523678
1.02178446
1.22984967
1.01434877
1.28192969
2.54195283
0.36926536
1.20486533
-0.34355433
1.43695388
1.09841334
-0.63197439
0.09916128
0.37997479
0.36861155
0.97640461
1.42249420
1.63677153
2.68628161
0.33167484
1.12639750
0.92108653
0.36000444
1.14835328
1.69722565
0.51153076
0.06456159
1.66213155
0.40606620
1.26429723
0.72847665
0.45282609
0.32668250
-1.12163445
-0.59797594
1.06341104
-0.63131221
0.46329583
0.53004632
0.60950886
1.25164458
1.33686117
0.05402937
1.18884953
1.20584958
2.15257904
0.27920299
3.79283605
1.72553390
1.33575755
0.48561867
2.31535886
1.08972542
0.70751670
1.86377012
-0.27907718
1.28446396
1.15942572
1.85662392
-0.46129318
0.69527813
0.92986556
