1.57462453
0.95341853
2.98482937
-0.71770947
3.63336582
1.09340588
1.73133320
1.45504780
-0.75578512
0.82081999
1.88796559
0.70461185
1.08975943
2.47137964
0.36144635
0.75151468
1.00973119
0.00301840
0.33725317
0.27672767
3.85651841
1.19704729
1.44874894
1.90803163
0.45492686
1.94204555
0.92121218
1.26077060
0.55936223
0.65867995
0.48400776
0.30487031
1.57288811
1.06141035
1.10653538
2.80164775
1.35017214
-0.19895067
2.53993103
0.44372864
0.76087972
1.50991581
-1.82277877
1.18736187
2.11198660
0.97587384
0.91441431
0.80673899
0.60974430
0.54020780
0.70612267
0.97306616
1.41338939
0.21051918
-0.83652286
1.41993352
0.87235612
0.50151120
0.27944216
0.83706951
1.95825792
0.36495000
0.72077060
2.08235832
1.88011512
-0.36880445
0.17447241
1.90345307
0.94603155
-0.88048399
2.49532267
0.97220349
1.75351757
-0.73034690
-0.23647741
1.59355532
0.89557197
0.86049681
2.47287684
0.92764212
-0.98766066
2.39397456
1.25515383
3.00609146
-0.34937610
0.87504991
1.52404881
1.14575210
2.17729131
1.89993392
0.63576839
-1.69221884
-0.21030304
1.52616940
3.31055164
0.48295760
-1.18941415
2.34190550
0.07134373
-0.60330379
