1.72714078
0.62862181
0.43318282
0.08451157
2.21883090
0.52588005
0.15686434
0.14447293
1.29590387
1.94805882
0.55870787
0.53464971
0.26465276
2.37752300
-0.24626264
1.50724423
1.57144414
0.31287629
0.36216525
-1.33862173
-0.23776542
-0.36968373
0.68014703
1.08982790
0.86708973
0.01000438
0.11276298
2.06364484
2.95144283
0.02182984
1.32258090
1.98828064
2.10427861
-0.36474827
0.46139870
1.95696158
0.02784345
1.96579409
1.85043776
3.13422616
0.43307078
0.77508073
0.34578386
2.00695209
0.64463039
0.19674234
1.85696220
1.40928670
-0.32590864
1.31530114
3.02031825
2.06514983
-0.13600849
0.62818068
2.84691141
2.68145617
0.56950210
-0.26856297
-0.35368694
1.40924768
1.17306260
2.60172521
0.39113842
1.01906028
2.59044791
-0.58418819
2.14389469
-0.01687328
1.59352157
1.38263541
1.13356844
0.41948051
0.84589268
1.64122605
1.46251120
0.18323454
0.86285300
1.13744523
2.45843967
2.53530866
0.46989785
1.53657265
1.16186867
-1.97487858
2.35204129
1.85732670
0.37080146
1.60438231
2.10329698
1.01705401
0.72624499
1.67815073
-0.30871461
1.13490495
1.35713263
0.79914209
2.38873775
1.32967130
0.37593647
0.98609223
