1.46005652
0.28937967
1.54684203
0.59470549
1.67785625
0.97446721
1.43392845
0.28412354
0.40556919
1.72776603
1.64949466
0.94208795
2.98219860
-1.34114496
0.51813623
0.77620285
1.76487938
1.14567906
0.51507278
-0.03565502
1.72439842
0.67783557
-0.66603854
-0.33657906
1.38776334
-1.05666755
0.87009001
2.40491031
0.95593586
1.49489415
0.83192211
2.48284688
0.89689004
0.28073210
1.85641297
3.02466734
2.79302107
1.15261046
0.21385865
1.90370437
-0.59226647
-0.14442124
-0.81131580
2.13786036
-0.01498452
-0.25062290
0.01921978
1.34265298
2.27938498
1.94912473
0.68476686
1.05157013
0.29305249
1.41990477
2.33978367
1.51397912
1.05036058
1.49325996
1.28747602
1.24169808
2.19859271
1.81528371
1.14906743
0.61439987
0.90377961
-1.20303739
-0.21287537
0.34896146
0.81062141
-1.99313964
1.23756325
0.49224002
1.15546993
1.97006652
2.95844288
-0.17061040
3.06057111
1.57062244
1.12258447
-0.69613858
-1.01459859
2.95754479
0.81095926
1.69712612
0.79402880
-0.00077586
1.38939540
2.18505395
-0.64955254
1.42057373
0.29077256
1.23304981
0.86262473
2.16508449
1.27273042
0.87855597
0.74820866
-0.18148082
2.27893033
0.68100491
