-0.74843897
1.01474989
-1.50964981
1.41289708
2.09988724
0.35451578
0.94051838
1.84527003
0.61628281
0.46182677
1.10726084
-0.47883302
0.71611135
-0.18050251
3.71191706
1.06272696
2.96261099
0.79953260
0.04359822
1.16824493
3.07098225
1.23525016
1.45449736
0.89306777
0.44992006
1.45821874
1.22774242
1.98208870
-1.00879158
0.29794469
1.27677836
0.31745653
1.04049801
-0.86227915
0.51254471
0.73717840
1.45011838
2.44950105
1.95230510
1.10641024
0.27930777
0.54827648
1.89379754
0.84399206
0.94455730
1.07577867
0.68675021
2.01670065
2.01290754
2.37016321
-0.45074257
0.93344812
-0.20447671
0.17441767
1.05966978
1.51134596
0.36859476
0.80367033
1.24764864
1.03047904
0.43833106
1.07240864
1.84421321
1.03115539
0.33825357
1.39949880
1.44472161
1.74831072
1.36334151
2.95457830
2.11031378
1.67724959
0.39263714
1.38013273
1.00500569
-0.12983552
1.70435623
2.05645946
-0.84021908
1.67526369
0.68235289
1.34379687
-0.90667686
0.02006063
0.53908510
1.83518838
1.90485238
0.68501984
-0.11266562
0.10704872
1.01418386
1.17408595
0.83057810
1.15970396
1.65527061
1.29272214
0.84610879
-1.43116545
2.38660114
0.74528818
