0.15511603
1.83147751
0.58259881
1.93901714
0.36447626
1.72176219
1.84603069
1.36716794
3.02305303
2.05062650
2.16411825
-0.01665298
0.94679387
1.26110422
-0.17260543
2.27030328
0.23094749
1.42753398
1.00230513
-0.28383486
1.86106961
1.94171757
0.37726662
1.13764133
1.49619984
1.47705577
3.05292949
-0.98334998
0.14774708
2.66279765
0.51024095
-2.01022091
1.02524716
-0.32073711
1.20073951
1.63388667
1.68675759
1.44406733
-0.97666522
0.18718351
0.73936456
1.82124806
2.13909690
2.99330555
1.96434998
2.17376625
0.82417893
0.97508088
1.07954091
0.59845856
2.87903921
1.53099882
1.12632911
-0.10155166
0.01182484
0.88206926
2.73395290
1.77860504
1.81713696
1.60821131
1.45575894
1.98315185
0.15428962
-0.26161595
0.66440241
0.28074091
-0.40929946
0.15293381
1.62732653
2.58188012
0.32868554
2.08556773
0.48359631
1.29546476
1.58847384
-0.53549728
2.35130785
1.43792580
0.57653949
0.45154360
2.24440772
1.98720192
0.76508802
2.58429955
2.94601701
0.44142070
0.61423438
0.42136381
2.00161547
-0.57653767
1.45266774
-0.33109685
2.23509232
2.50912888
-0.89378228
3.45575840
1.29163988
0.65360975
1.65538694
1.02694448
