1.60379534
3.01125931
0.70181427
1.18025208
1.21619090
-1.13175466
1.78876973
2.18437935
1.32082935
2.51907795
-1.03188395
1.44990782
2.01275360
2.53261795
0.00940550
1.25022408
-1.09460036
2.33985100
-0.61826620
1.25418499
0.54253901
-1.84973439
2.83907690
2.03059194
2.82527876
0.09922786
-0.78112255
1.54425252
1.15888266
1.41847956
0.82464704
0.26916548
-0.09936899
0.03749289
1.63184265
-0.61669295
1.20371768
1.19140173
0.86014659
1.29129036
1.43536969
2.25147954
0.68734952
1.29933896
1.57556947
1.62998220
0.98235299
1.53730565
0.12846921
-1.02471147
1.84916052
2.01933045
2.80708693
-0.58847696
-0.66437980
1.55588487
-0.16610404
1.12793543
2.03186474
1.60397517
1.93690054
1.37180989
0.64233484
0.38074676
-0.37876479
0.98712488
0.63272544
-1.15196776
0.16438325
2.71112798
1.42329357
0.64513698
-0.45136771
1.79956514
1.32174821
-0.46020750
2.08437899
0.26202325
0.90224369
0.02489484
1.40142817
0.32236524
-0.10159443
1.48691497
2.06259577
0.97652904
2.11061140
0.60879932
2.44612260
1.50897779
1.42998882
-0.73879579
1.86873975
0.78670675
0.59673638
1.32329369
-0.74191608
0.61431622
-0.44523217
1.67734705
