1.62482713
1.56131185
1.89961846
1.61354086
0.02022431
2.27067488
0.33665369
0.14357193
1.94142271
0.29919972
1.41457472
0.86584274
0.79403626
1.33445279
-0.42596248
1.75046336
2.59005322
0.36743774
2.76931902
1.74357834
-0.67988217
0.00016816
-0.11233143
3.07221088
-0.01226743
1.12929937
1.05861932
0.31819020
1.45778814
1.09105799
1.69392897
0.48076322
0.39971351
-0.75849460
2.69812789
2.35526156
0.64637237
2.07450703
1.31438925
2.00533184
2.03199071
1.52026513
1.09536729
0.37310849
0.66316798
1.06593839
1.54371124
1.61902680
1.00828937
0.27761461
2.34645554
1.21397661
0.02936526
1.59459396
-0.56686351
2.88549983
0.08930260
0.08714177
-0.56475290
1.49680031
0.48174587
0.60807938
-0.36304234
3.12326119
0.55386476
1.16728679
1.79691115
0.84333012
1.91922549
0.81927947
1.73097442
1.79057876
0.15979524
1.45828193
0.48354377
2.08462629
1.16841711
0.24925852
1.94575333
2.81444779
1.50805272
1.74696408
1.21058113
1.95853377
-0.94763977
-0.05250859
1.28320506
0.44561246
0.28132576
0.64248747
0.89492487
0.91587003
-0.90089284
2.25208140
0.82245650
0.63232598
0.99438816
1.07412977
3.60120648
0.05023658
