0.14718635
0.49406283
0.70079863
1.03999109
0.25639730
0.83769293
2.79342059
1.89871353
-0.17023254
2.54591944
2.25252267
0.88530889
0.03800027
0.99762443
0.06342614
0.34402456
0.85389303
0.44732643
3.30112657
1.43478421
2.33856604
0.24878326
0.36791788
1.00119981
2.28866770
0.79143516
1.37665810
0.82941550
2.15915739
1.13272408
0.11582680
1.18222025
1.06297382
0.77295029
0.84797048
1.52462136
-0.24871297
1.52088450
2.99215695
0.99756421
2.41980869
-0.12011724
1.94744356
3.04592686
3.36256195
1.43617379
2.05384723
1.82116451
-0.37387847
1.17002778
1.25414612
2.73957141
-0.01429439
0.55198439
2.34992521
0.02775461
1.28212355
0.86128889
-0.64530265
0.37811612
1.37523044
0.76357288
1.63301083
1.43941883
-0.98201502
2.05966907
2.56093666
-1.29698442
1.88151037
1.17835051
1.95175771
2.77182569
-0.22289658
2.79014545
1.02446449
0.88792283
1.32388118
0.04150145
0.20948921
2.18265836
2.49765134
-0.60075423
0.01593517
1.35114879
1.35088573
-0.19562517
-0.35624061
3.33521831
0.08111145
1.30615942
0.74817123
2.32386088
1.07680413
1.65224286
-0.15799823
0.28955111
1.04516330
2.41961751
0.29864894
0.56629569
