0.84584961
0.54392872
0.86703189
2.02473353
1.51327112
0.68739966
0.22594019
0.48111370
1.43087642
1.21532404
2.58703100
2.24721530
-0.08629889
0.54605145
1.72993860
0.59880675
-0.85642494
1.97789017
0.69539087
0.59840138
1.47264430
0.12484614
1.65109763
0.56056513
0.40914505
0.64606727
0.77458403
2.84585768
1.66560275
1.55388745
-0.84494079
0.38382335
1.45463464
2.57543237
2.55599353
2.09240726
1.04378656
-0.43107936
0.73224136
0.42864295
0.55792313
0.60541606
1.14343956
1.23724838
1.90799941
2.41150812
-0.46355736
0.68582883
1.50197974
-0.20369976
3.54653698
1.42399607
1.56264707
1.73141046
0.93421751
1.63774643
2.25772757
1.18465321
-0.10716236
-0.31068470
1.29826258
0.82238263
1.68531602
0.68231124
0.41516973
0.98540692
-0.22871404
-0.06825611
1.00008378
1.57627806
1.92203779
1.05885835
1.10464097
1.90813336
-0.08117455
1.92749311
1.86987597
1.31543668
2.11295307
1.51498812
0.14057251
1.19512091
0.96340637
-0.09334194
0.96491994
1.43970296
0.09468920
0.85564266
1.79769762
0.70847107
0.98701982
-0.63347365
0.33057424
1.12979700
0.42400931
2.18335652
0.06234793
1.27348333
0.55113367
0.01330733
