-0.10310687
-0.80427392
1.30434741
0.87192776
1.20062283
1.82095187
1.52659568
2.00123519
1.60157592
2.03819597
0.08810373
2.10628296
0.83877493
0.66055332
-0.21301372
2.04455559
0.79773130
1.20810384
-0.02551215
0.94773722
1.41866847
1.85371317
0.93542543
1.02039194
-0.32357157
0.41779938
2.64695639
0.77450801
-0.58318486
-0.27775853
2.15593739
1.60561368
0.37880139
0.60351612
1.45539383
0.61990086
1.06792106
1.32877495
0.91147577
2.03916300
0.90631535
1.30981379
1.22381691
0.86541731
-0.97528175
2.43560561
-0.25838892
0.27250088
0.23899380
0.43238652
-0.86288729
1.69999010
2.08784699
1.01078540
-1.11728978
3.35214350
1.50825477
1.63232582
2.90715089
1.09293050
-0.57133806
0.06743531
-0.07958595
0.35859825
1.11605955
0.73940478
1.25260090
1.19583971
1.79538421
2.18842565
0.78766890
0.81568049
0.80446162
1.67797322
0.24711282
3.04698153
0.85404039
1.84056305
2.52794653
1.24007163
0.65874384
0.21089956
-0.22354364
0.96810067
0.10119983
2.28189697
0.43904470
-0.25873943
1.58870218
1.32267827
1.31585154
2.36432010
-0.27759080
-0.59923975
1.46312921
2.14002781
1.02260948
1.43515692
3.07134297
1.06419266
