1.68476328
-0.70968969
-0.61262738
1.16566678
1.10727799
1.56332585
0.71956632
2.43116619
0.70719504
1.54803187
2.69422997
0.94788997
0.78343808
0.92916795
2.11108769
2.61052353
0.81943772
2.63048877
0.26192885
1.66900217
0.96111631
-0.12292631
1.65740249
0.42107758
3.42095018
-0.02961266
2.01374472
1.45939196
0.63886228
0.31295413
2.39918235
0.76259117
1.58950579
1.39262502
0.77027202
1.24581070
0.71311567
-0.50990100
1.14089374
0.55274458
1.69245326
1.61525782
1.36245155
1.12288806
0.67254053
-0.24272524
2.56539685
-0.17586083
1.13146004
0.86467762
1.74033973
0.65819975
1.93299973
1.19625064
0.67206794
0.16929721
2.38156644
-0.46640893
0.09140266
1.26564332
0.63389251
1.98115576
2.74551453
1.15003487
1.04912183
0.02102207
0.88337990
-0.28201508
1.98876785
1.15580587
1.25905944
2.31934648
-1.15500368
1.68106695
2.72566473
0.99544413
0.47978593
1.09950527
1.93543412
-0.25416928
2.67030364
0.50048247
1.11452205
0.76993810
0.38941087
0.84457872
0.08993547
0.99352875
-0.12311323
0.71679404
2.90013286
1.93324632
-0.54653745
-0.26077219
1.04148162
0.96494969
0.82819525
-0.60647299
1.83722580
0.60932804
