2.06315788
0.90453187
0.32678671
-0.21213500
0.59031645
4.13494301
-0.17739251
1.09289383
0.17091220
2.83766029
1.91981572
-0.04767695
0.32399574
-1.29345567
2.11743610
2.09789744
0.37910294
1.55787918
3.54839417
2.33453520
1.53400145
1.98000808
0.44633262
0.11299775
1.87199644
0.68158511
1.38167621
0.75432684
1.75466398
1.04077792
0.61836288
0.31663726
-0.45223759
1.84825119
-0.25227529
-0.44822043
1.30337586
-0.61420897
-1.03853946
2.14574511
1.27417662
0.66760054
1.75439422
1.33005091
0.19157838
1.28991682
-0.82979192
1.88039928
2.22609050
1.68127273
1.60719612
1.99276716
2.48544497
2.37545710
0.71464010
0.73979084
2.68669673
0.36898263
-0.21131996
0.95857377
1.47440251
0.71335197
0.54503610
1.14171003
1.14648025
1.84919947
-0.50609486
0.25474573
-0.04423207
1.42138923
0.37568026
1.65681125
0.38306889
0.95230462
2.05792255
1.92009277
1.48760523
1.26437643
1.02215597
1.02395717
0.05659055
2.35465580
0.26161326
1.59237645
0.85401307
1.46111079
-1.71751339
2.07694522
1.23263278
0.50272856
0.17994487
1.38026376
-0.75535998
0.06626496
1.61647924
2.16351936
0.11139456
2.17622088
-0.54690661
1.83363320
