2.38242939
1.68161631
-0.55444439
1.85900461
1.78747347
0.10807333
2.06275227
1.21973295
-0.65082659
1.33308073
0.09855255
2.25787236
0.86122098
-0.64208123
2.29897344
2.39822279
0.85327375
1.42861552
1.20102008
2.25699752
0.68699413
-0.35562937
0.13853587
3.48295262
-1.66438206
2.20510952
1.01422421
-0.16134608
2.10831949
2.83274714
1.81431921
2.76801587
1.43732699
1.32281772
0.88406329
-1.41812468
0.93349982
0.43082069
1.37411516
-0.57188624
-0.29158346
1.42154660
2.21481309
1.22586888
0.62820755
-0.15622131
0.15512021
-0.56362546
0.58838022
2.35187223
1.70234551
1.36676577
1.79651718
1.60380090
1.41761948
1.70992787
3.22745938
2.77287456
1.25309689
0.31817910
1.80755768
0.44836127
0.65408409
0.69833457
1.09202541
-0.12624048
-0.27624849
-0.19907344
-0.55023531
-0.77718080
0.81678024
1.05293100
-0.31276257
1.14801456
0.45761998
0.71373195
2.14965831
0.96142830
0.17514967
0.02667027
0.49253475
-0.13596224
0.62541905
1.71889571
2.08681048
0.97881756
1.07980158
2.13937743
0.41563823
-0.64380086
1.87656773
2.20221804
1.79499438
0.37641411
-0.45654929
0.15715705
0.80540619
1.36287991
1.55951055
0.38340014
