1.18323479
1.74962890
0.76740514
0.52055972
0.24514841
1.56535731
1.41430543
1.44569633
1.44429356
1.13264117
1.58631830
1.04707410
0.60602847
1.64524039
0.98968051
2.40557854
-0.00861639
-1.31481792
-0.93522667
-0.00754822
-0.23085032
1.14990896
1.44737128
-0.26459058
0.80385363
2.97727803
0.23924499
1.49132159
0.99501952
2.03205197
0.80624232
1.52666675
1.17757519
1.30790528
0.24944866
2.04361974
0.94044277
1.35037769
1.49166981
0.59544161
0.75143972
2.18642403
1.91602806
1.70475395
1.88079862
-0.31220624
0.51933770
0.62605324
1.05347417
1.00624109
1.66701367
1.55856374
-0.45725019
-0.47965381
0.29008561
1.43888632
0.10658387
1.02624650
1.22753282
1.73039420
0.15441869
0.17773396
0.55496068
2.16590286
0.75719492
2.14073129
0.97988507
-0.40456078
1.30885329
1.09925475
-0.65273710
3.96758265
1.44287483
-0.52295410
1.27615569
1.77198867
1.30975357
-1.94995879
-0.27668772
-0.83147379
1.12993066
1.42877085
0.39514853
0.55732425
0.47852556
2.08813098
2.43841362
0.02701433
0.81842217
2.36216461
1.03382638
1.98193710
-0.91576652
1.59096622
1.95767571
-0.27162641
2.66620857
2.29278467
1.05182750
1.70493865
