1.01369618
-0.85290143
2.73342458
1.66532414
0.94791678
1.53616901
0.46788420
1.63117019
2.85238254
1.20075996
1.80408630
0.55982952
0.39400775
0.88229850
1.45419727
-0.61944288
1.72171255
1.46848232
1.25049518
-1.19511684
1.95144873
1.43107049
2.42770766
1.61248671
0.66668075
0.52275522
1.93125988
1.87488186
2.25730272
0.69987433
0.01460551
1.58381415
0.36548602
-0.43278978
2.37364790
-0.12622136
0.11897658
1.08554018
-1.06963874
1.27892682
0.59478772
0.01701902
1.99372233
2.44150680
0.82727855
1.40931119
0.43207372
0.95923033
-0.45120662
1.80928172
0.27336516
0.04267908
0.12060747
1.42021276
1.19756443
0.79721601
-0.89445000
2.69700721
1.23021962
0.82886506
1.52509977
-0.48453098
0.96865689
0.47053890
2.58336588
-0.14727334
1.09682332
2.32323776
-0.50513536
0.34522598
0.59388087
1.06341056
0.88999867
2.28537143
1.18740875
1.46877094
1.53265422
1.43021682
1.65462276
2.03328387
0.72072448
0.72013213
0.65717675
2.79157766
0.49026839
2.08120293
0.26931549
0.31473118
1.16166091
0.41717830
0.82279108
0.91789596
0.17334792
0.04923417
-0.47098774
0.83800756
0.18354591
0.75604301
2.18368779
1.16836225
