0.09533204
1.94994308
0.09362455
0.03900513
0.34105829
2.30646934
0.51399902
0.16469535
1.71798209
1.36331061
0.33125525
1.12595319
1.54183270
-0.17099708
1.45905259
1.74173058
0.59565482
-1.85909057
2.68894179
1.48237428
0.52213662
1.98986551
0.89109206
0.20301433
-0.06524204
-0.19353005
0.44683045
-0.16340208
-0.77524232
1.48476830
0.50747238
2.01422598
1.93404807
1.04124197
1.67634234
-0.04152791
2.35447472
0.43363998
1.21414785
0.34357119
1.91077608
-0.34314609
2.42969945
1.47562691
2.30778672
2.44932006
1.75166254
0.31366411
1.04128596
0.45453850
1.92729600
0.46523475
2.66553689
0.36223078
-0.65675464
1.29992100
1.54270372
0.67296573
-0.03942042
0.77369778
0.29949331
-0.33821437
0.58934026
0.17939199
2.70231453
0.00289292
1.66127529
-0.56209588
0.45237371
-0.40472611
1.84400519
1.17732432
1.27744212
0.38965284
0.42089095
0.03847994
0.19011519
1.11554740
-0.26517564
1.51229635
0.52136534
0.99394494
1.13563877
0.12016671
0.26229530
1.29918070
0.71159434
-1.04784163
0.17998900
0.36823265
2.05780578
-0.18011188
0.30432261
2.34054921
0.56666326
-0.33545495
1.72940898
1.17300884
0.39939225
0.47230177
