0.72145769
1.32134817
1.89583731
0.72186714
0.67905757
-0.39197410
0.15304922
1.41580327
0.66321050
-0.17809951
1.60905071
1.50054975
0.64255198
2.46980226
1.45111615
0.59874710
0.91607440
1.55378711
2.36056932
-0.54515664
2.03436567
0.69932440
0.83431693
0.77748398
1.13149618
1.96982679
1.26333871
2.20094586
0.78929947
2.64394635
1.80212055
1.19664373
0.58339789
-0.70044798
1.11001939
-1.03076993
0.24330702
1.23555152
1.46611565
2.46452728
1.22038363
0.67344204
-0.39833093
2.97279484
0.86345946
1.34959270
0.49918635
1.59780163
0.29168099
0.81879615
2.18174412
0.63221725
-0.29470942
-0.00982673
1.27247678
-2.29734049
-0.04448015
0.21769337
0.09869554
0.66541424
1.51585367
1.20467749
-0.00418274
0.56825142
1.89221653
1.91196972
-0.72451191
0.38075141
0.33713394
1.00434187
0.68599719
1.36212337
0.41991430
1.87110844
1.07011366
0.07999439
-0.46753999
1.65461534
0.77342863
3.09518832
0.40634153
-0.00472302
1.22008072
0.39356990
1.87999015
1.70552418
0.12708671
1.89070725
-0.05296488
2.77527640
2.37044277
-0.05320406
1.76866085
1.64749223
0.08992207
1.29563039
0.78338460
2.37527267
0.16361256
3.25795918
