0.32947643
2.09715944
2.52215830
0.55878817
-0.12735744
0.51650718
-0.52855048
2.59320153
1.25769813
0.62621086
0.51096669
0.00826944
0.90437898
0.54905098
1.52910877
0.55197155
1.69658979
0.20621031
1.08003179
-0.00418465
-1.18145573
1.55868980
1.86901894
1.91546982
-0.20891840
0.37590368
-0.02892001
-1.30089879
0.39847160
1.15292406
1.62907728
0.42599229
1.68914068
-0.05857889
2.27420280
-0.10324335
0.61910875
1.71950316
0.09056166
1.52064727
2.24445380
3.80758026
0.38371535
-0.08132158
2.19757025
1.76682222
0.05797168
-0.55194657
1.46873265
0.63781520
1.38738389
0.73557066
1.69578660
2.17077684
0.99413635
0.41394274
-0.07164391
1.74010992
0.66624434
1.10810799
0.11265733
2.05696119
-1.20472924
1.93061573
0.40779530
2.20224158
1.32676992
1.42614390
1.73375080
0.47093341
1.02215941
1.06798397
2.54908474
1.03559957
0.09444372
2.39093267
2.07576702
2.00135119
1.85210499
3.30220516
1.01799720
-0.51876991
2.15296771
1.13077957
1.45179247
-0.64806937
-0.46625200
3.28856247
1.33554402
2.83842683
0.75269883
-0.17755293
0.77902901
1.89800094
1.80541241
0.50654965
0.88790447
-0.78904657
1.63947522
1.20926220
