0.09221978
1.90191151
2.03365460
-1.16403918
1.83253037
3.24745454
1.43305505
1.75705674
1.08423341
0.72384944
1.21575727
1.88623981
1.02631955
1.51300367
1.92739346
0.06698194
2.21788197
1.43329309
-0.70526522
2.21899366
-0.46693057
1.23357528
0.33590824
-0.07683887
1.40600819
1.43635949
0.40008039
0.17025763
1.32282774
0.95072374
4.14783833
1.37685921
2.20458249
1.12284999
1.55675358
1.57846523
1.54111971
2.51188332
-0.59670829
0.15864426
0.05726930
2.41261120
2.26167936
2.72634074
0.67101935
1.23810067
1.55667767
-0.42451851
0.69666820
0.74358177
-0.59017074
1.92981284
1.68075482
-0.35346404
1.02345105
-1.01986813
2.98072925
0.02313476
0.37311938
2.15821033
2.28751916
0.34108405
0.69952042
1.02938905
0.71828534
0.40154912
1.13321196
-1.00376018
-0.67426988
-0.26136279
0.85698396
2.35741941
-0.78912480
1.89364888
-0.58749409
0.43062797
0.77106572
0.22830139
0.14017995
0.28100567
-0.63009657
0.90222830
1.22542536
2.69444805
1.68449313
-0.02031825
1.65450060
0.30167921
2.59665341
0.34286990
0.59648812
0.76535441
1.32086893
1.13090138
0.46951146
0.64333355
-0.43523760
0.11787810
0.10626366
1.96006294
