-0.14670256
-1.60789680
-0.95436186
1.06529625
0.47417184
-0.30370544
1.43847089
0.45142173
2.00019275
1.75150255
3.53599353
1.02725793
0.38314896
2.57902624
2.90513523
1.62612422
0.24560757
0.47114631
0.49095399
1.07017874
2.91654541
-0.60878851
1.18009244
0.19935154
0.35664903
3.23238306
1.47167272
0.79371250
0.85722637
0.53542365
1.36332349
0.32207633
2.58586788
-0.05312758
0.67027390
1.97832031
1.64950521
0.65150835
0.39595110
-0.18177940
2.71469167
1.54502247
1.98085060
-0.81430242
1.34760889
0.35172736
0.23768991
0.70711278
0.80794876
0.64956555
0.64494996
0.77750436
1.59992808
-0.37173671
1.47607822
0.80893388
-1.69530772
0.76988496
0.60581847
-0.25567403
0.28658284
0.72456897
0.01635638
1.25643417
0.19909963
0.39953850
0.49282710
-0.81610187
0.67427122
2.45160754
1.27143540
0.92258803
-0.54376113
1.73416820
0.31362209
2.83188134
0.20884249
-1.36401657
2.74874392
1.86022811
1.39334062
1.05210672
-0.36052408
0.76920835
1.44707495
-1.90038749
-0.16262037
0.88655825
0.75697146
0.26140624
0.53629009
0.65495673
-0.45620926
0.96761954
0.66104284
-0.20764937
2.16498588
2.04803572
1.13836667
1.51000598
