-0.25561001
-0.17248209
0.68093029
1.10773749
-0.12119940
-0.00049775
1.86501288
0.02035030
0.76729184
1.35345231
-1.21838002
-1.24395968
1.66643438
1.87527341
1.19730538
1.22195413
2.35502549
0.80146635
1.44609258
1.46692868
0.44635454
-0.49065029
0.37238735
-0.15394568
1.27613936
0.47533211
0.76114536
-0.32403746
2.10987190
1.42227607
0.39004971
0.78347719
-0.72487562
2.06242670
1.65285867
-0.55383472
0.86086806
0.18590427
2.25054994
0.93422055
1.43141345
0.17859524
1.50510469
1.50352791
0.69081199
1.01698422
0.71277702
0.94033048
0.17103399
1.88048661
0.98395548
0.76926261
0.79123373
0.24502523
0.19421230
3.03188011
1.49982670
0.39780043
0.17963907
2.59872862
1.13290390
-0.92972195
1.92260414
2.00179569
3.39773217
0.46692639
-0.50598121
0.97164258
2.20824923
-1.07368353
0.32926332
0.97647200
0.90922335
2.03497006
0.94339721
-0.45156327
-0.58197345
2.05698910
1.56509359
1.41739397
1.66541759
1.41339082
0.93942156
0.80723616
0.85850430
1.74141758
1.66298841
0.74098527
1.99545522
1.27332971
2.00470491
1.28472587
3.30654272
1.87639504
1.81134984
2.80554205
2.23645463
-0.52495584
0.37148724
2.43210100
