1.31623330
1.98550486
1.50524483
2.67658358
1.85735424
2.19747350
2.78555751
0.19513115
0.84599077
1.53349173
1.19353835
1.75679891
1.08741271
1.88563566
0.77051636
-0.00874952
-0.67437489
1.01623911
-0.08669373
-0.34758512
-0.00506765
1.28539683
1.21129182
1.83823529
1.62653761
0.15454064
1.82003253
1.58505685
-0.92242121
0.72206048
-1.71866524
1.42372904
-0.18714309
2.88741684
-1.79048942
0.77101639
-0.07664215
0.26617194
2.57620617
0.74661100
0.45513225
2.25923210
0.16108929
1.11775434
2.05110343
1.89488368
1.34441399
2.48488393
1.07916277
1.73301546
0.85468327
0.44942426
2.79023172
2.18982414
1.34683838
0.27047541
1.79846067
0.17452687
1.79326826
1.51510594
0.30428581
1.57101852
1.91343240
0.38036634
0.92658751
-0.10327012
-1.11876511
-0.91566778
2.03974755
1.51672081
2.21329145
-0.16496327
1.52566843
1.69799533
0.10241232
0.25264107
0.50340384
0.30263902
1.49496160
2.69636711
1.04920483
1.46622431
1.01497562
0.01701093
1.04969812
1.54051679
3.16484158
2.99510017
1.55026836
0.71304459
0.75218901
2.03775809
0.64846523
0.11699286
1.42883427
1.19417967
3.08134525
0.62933726
1.61631506
-0.62152832
