1.00161464
1.22785639
0.85251200
-0.57405990
2.37848144
0.91004003
0.29395385
1.13818038
1.51898960
2.27074416
0.76123971
0.71809874
-0.54977059
0.36302749
0.53553124
1.10655039
0.78445454
1.84725629
1.06983095
0.35494825
1.46987346
0.49890500
0.48249475
-0.37205049
2.32185907
-0.86899444
1.21994524
-0.96130804
2.12476606
2.36367880
1.48664938
0.76297400
0.92397711
-0.65294990
1.65430677
2.90754329
1.76944806
2.31381136
1.96027358
0.71267968
-0.02583037
-0.05266096
1.00179136
0.04180597
2.17131886
0.80864935
0.78750853
-1.40900413
0.03597280
0.08008501
2.26860674
1.36842701
0.28086593
0.01651743
1.53793165
0.25723634
0.02944265
1.49234399
1.49867009
0.21695563
1.01799537
0.14210219
1.50893726
0.86341780
-0.14990518
0.65735570
1.17648925
2.12948260
0.70061270
0.72266046
0.18017717
1.29007794
1.42015050
1.77875592
2.08938429
1.31558242
-1.43771686
-0.74063318
-0.13152480
2.41767385
1.85510924
0.43040927
1.11829684
1.56713638
0.47354067
0.47663968
0.15350292
1.38106717
-0.08236833
0.70011735
2.89761302
1.45645313
1.81745200
0.65593452
0.36054629
-0.28319629
0.51333583
0.00392079
1.54984696
1.49396768
