0.35732657
-0.41385571
-0.19555287
0.76918252
1.67607631
0.84315574
1.03488191
0.25101381
1.34321472
0.45652263
0.95811014
1.71811975
1.21735435
0.76070661
-0.24013995
0.67190510
-0.94211342
1.31886105
-1.01473233
1.45051019
0.64182160
0.91058604
0.81341769
0.86461756
0.37536181
1.48544804
1.12671460
1.14729545
1.11876576
0.87987116
0.00064414
0.23981049
0.81401497
1.41413030
1.46590900
1.61615772
0.51926242
1.66642874
0.68634722
-0.55563565
1.38366954
-0.59409079
0.14733830
0.22718298
0.92139362
2.40636553
-0.61109677
0.40615966
1.70471062
-0.71121341
1.64503624
1.02275067
1.42762823
1.18736444
0.56122514
0.46172757
1.05096549
-0.79281348
1.52876934
1.50936523
-0.39589213
1.08491276
-0.22065537
1.34563690
1.62917280
2.86211849
1.22634521
1.23299634
-0.46391197
1.26549612
1.22237986
0.80226613
-0.10172231
1.46752327
0.41018498
1.48187152
0.11624732
0.75905190
-0.65858178
2.34222235
0.47014594
1.67459798
1.07788493
0.86434602
-0.09190631
0.73520013
1.49559388
0.02502326
1.80676125
2.61159305
1.09831913
1.62550986
2.05130879
1.07868371
0.97057744
2.97412160
-0.05576525
-0.08710587
1.89645421
1.25858649
