0.58210920
2.24928840
-0.06328494
1.27601145
0.41382288
2.10680482
0.47885709
1.07635416
2.25789575
3.23551813
1.17240970
1.09227615
1.02096706
1.87242498
1.42826896
-0.63890897
1.41626176
1.55488877
1.86307753
1.88810993
2.06774258
0.39173854
1.88515684
1.54728492
1.76440600
2.03725814
0.34274882
1.32439661
2.10473044
0.95166312
0.49075570
1.89934955
1.21836840
2.10028869
1.08077653
0.28492020
1.05739227
1.40256241
1.13475861
-1.48272592
0.79283316
1.74263185
-0.57343632
0.30769591
-0.01164683
0.31454491
1.53018497
2.93131222
2.97321901
1.00000464
0.10790382
1.53291059
0.71611886
1.17359560
2.16006190
0.05999252
2.09350673
0.65894849
2.29899713
1.75457926
0.68044774
2.18890233
-0.64359117
-0.84655501
0.48025021
-1.94460585
1.18456541
-0.11200723
2.71476584
2.36155227
-0.46892318
-0.44094896
0.41526984
1.12425449
0.68534195
-0.92530239
1.08213317
0.23700843
-0.64587934
0.33570286
-0.50912927
1.41690290
0.14004747
0.68670217
0.66355121
0.71758455
0.76901007
0.74695703
0.58249608
-0.93051237
1.21085771
1.37843633
-0.04181380
-0.12401334
-0.44501622
2.29667821
2.29917041
-0.83191114
0.82719949
2.66800012
