0.99134963
1.77240887
0.41961246
1.31066346
0.77939636
0.92413740
0.12365783
1.62636744
0.45337192
0.67177382
0.89825912
-0.62687586
1.77095549
0.60706254
2.70982495
0.46504097
0.43626804
0.72848666
0.79446082
1.65058870
2.17948524
0.62214695
1.14075851
1.77878519
2.13321823
-0.99376412
0.31194830
1.14827076
0.87520408
0.66902214
0.84331614
1.28009245
1.03489305
-0.17404221
2.50135806
1.52390733
1.07050622
0.24663373
0.12801149
0.90722314
0.57796612
1.06130028
0.62089850
-0.09919397
0.44960327
1.73964858
1.35838656
1.31418643
1.99315435
1.79149422
0.07427317
0.11060321
3.26310360
0.89933077
1.14281898
-1.76066426
2.57538438
1.34605000
0.65848031
1.32316994
0.87969600
-0.19497627
0.19576800
0.44513440
2.40612813
3.00986056
2.56268063
0.51027550
1.44212640
-0.16718217
0.93192781
0.21723934
0.25869599
1.53291670
1.22349146
1.43753007
0.53534331
1.33806555
1.93127513
2.39873430
1.83271782
0.36701925
-1.39285123
2.02961506
2.81827112
1.02201264
0.87770141
1.05407548
-0.78018479
0.83708023
0.71448717
0.48772533
1.77614754
-0.25899158
0.74871700
2.46534090
-0.13084724
0.74041404
0.67953382
0.59371051
