1.82167616
-0.25004845
1.38985545
-0.03357665
1.99145966
-0.20320495
1.36000071
1.45001596
-0.01362536
1.58807400
0.92925693
1.84648946
0.23825598
0.90381908
1.66048306
0.71141314
1.90128215
0.92681197
0.25981152
0.24532847
0.88781315
0.25338125
1.39096751
2.93250075
1.53925880
-0.78968579
1.55047823
0.53638399
2.38877413
0.85121086
2.64197868
1.45330194
1.28831633
2.15794660
0.60492463
-0.30101836
1.06908063
0.87070235
1.13572143
1.13397850
1.62399307
1.77616558
0.93008940
0.57661347
-0.66967236
1.89653016
1.92621601
2.19024326
1.77197862
-0.74450948
0.38152462
2.51490365
-0.40954250
2.04835142
1.67233105
0.21115041
0.75924080
0.86393111
0.82150949
0.15711622
1.33382084
0.63734490
0.11856774
1.33224671
1.27569713
0.46685743
0.71760456
1.81630280
0.68015013
1.11479484
2.44933742
0.56165447
-0.41499432
1.71157107
1.53033098
0.98438857
0.84664571
1.37243134
1.43030716
0.45618997
0.03970673
1.08902112
2.49164615
1.00531089
0.68885285
2.49085510
2.10832871
0.32103503
0.86374056
1.37582486
-0.87672588
1.80585779
1.79396192
0.69711489
-0.39549939
2.11604249
0.95255947
0.76487529
1.24303650
0.77888791
