0.95248179
1.89046166
1.05757550
-0.22839419
0.75283407
0.16072448
0.80951641
1.93005940
1.04389714
-0.15782908
0.92667344
2.02884499
-1.02283103
1.86757753
1.45008528
0.95838396
1.83213098
-0.88062813
1.89132379
1.82573599
0.25712589
2.76849150
0.95048638
2.28094082
-0.32600212
0.55159713
1.21643722
1.51440284
2.41842018
2.31547136
1.23241967
2.33046730
-0.69995552
0.92316560
-0.07601287
1.41446557
0.46272584
1.73486977
1.50801118
-0.88101601
-0.33762135
0.39406000
1.67609603
1.54875874
1.77705395
1.91521045
1.53406871
0.59253706
1.41809589
1.04396464
0.57635094
2.67913944
0.77934461
0.30102504
2.61444809
2.68708923
0.34006470
0.97273155
1.24097085
0.26581791
0.78958652
0.61811262
1.46808230
1.94942536
-0.49779379
1.06250696
0.92490076
1.51434286
0.36462968
0.41870527
1.06460396
0.52245149
0.43022420
-0.19809569
0.87522869
2.28507299
0.41230764
3.49780047
0.57433958
1.86030642
-0.01365189
0.90226454
1.24780618
-0.23138602
0.82028692
1.29956782
0.79058320
0.95246643
1.03993805
0.35359573
0.99366221
2.43952299
0.73596030
0.94132046
0.32585288
-0.78082644
-0.68526212
0.19532774
0.49199336
0.80213036
