1.99758257
-0.35651439
2.50297002
0.51939129
0.04420170
0.23202550
2.85759222
2.39748365
0.24979598
1.35811913
2.70465147
1.58906527
0.69289515
-0.11381344
1.81383820
1.57734115
1.98775220
0.82082450
-0.59260010
1.09419987
0.86266668
1.79669844
0.11513989
0.70466953
-1.01109492
0.82256643
2.31160210
1.61328311
1.18311557
1.25337651
2.39497586
1.21146698
-0.15074827
2.36337501
0.47490584
2.84085646
0.69849049
0.40170254
0.28455333
0.01203516
0.45372928
-0.33486010
0.73341483
2.58238992
0.00169039
0.60789615
1.83226925
0.56250584
2.11106348
0.33513151
-0.44162513
0.71359334
1.89290661
1.36696911
-0.53346980
1.07774747
1.69478941
1.17172053
0.06837780
2.56559436
-0.78182935
0.49212670
0.38257170
0.96839987
0.86803403
1.55818050
0.76763462
0.74942182
-0.33820959
2.64419691
0.77140289
1.24549554
1.89454408
2.04239371
1.89624306
-0.41960804
1.15709875
-1.30767489
1.77253687
1.31463867
0.61127328
0.69344863
2.08085850
1.70599095
-0.23936131
-0.01675771
2.62281403
0.46673075
0.75553482
2.06505410
2.50758396
0.82155122
0.43546479
0.93862758
1.14892965
-0.06209783
1.64355836
0.72920879
-0.93459067
0.79999836
