0.82815439
-0.35095900
0.19526434
1.64829239
2.20769391
1.38878371
1.88784985
1.71118842
1.31637518
1.80135329
1.75968210
-1.90841832
1.96168319
0.09721748
1.38242325
1.79889709
-0.21176862
0.42785365
1.20527470
0.05720013
-0.61055800
1.28804791
0.58491484
-0.55694767
1.36676753
-0.25926124
1.46234160
-0.60005260
2.09354985
-0.45838459
0.35793874
0.12178415
2.39504344
-0.69782353
2.09869574
-0.32883154
-0.97689593
-1.03022864
3.35080157
1.96437730
1.35347578
0.54982506
0.84977828
0.44018775
1.50065371
1.56532894
0.25548781
0.52497824
-0.05368608
0.11790694
-0.05800495
1.01838747
0.11925362
0.04999591
1.32679796
3.12129738
0.37709970
-0.83338633
2.14709407
0.52969859
0.61939539
1.53797612
0.75720570
0.00905779
1.15915548
1.18851316
0.95870464
0.93099992
1.86871849
-0.18884125
1.08887775
1.14899329
-0.31928610
2.32623668
2.73507388
2.00215349
-0.68427537
0.00136201
1.51394370
2.37666907
2.54692681
0.90773746
0.11610381
0.34077208
1.19901570
-0.21022719
0.05430525
0.27066654
1.22499962
-0.58793244
-0.06692950
1.88145766
0.38641838
1.70746356
0.74909775
1.76167926
0.28773629
1.72429297
-0.23158838
2.45907275
