1.03628856
0.29249158
1.95334409
0.87132547
1.73708118
-0.62342459
-0.10708177
1.28708014
2.32498454
1.34756907
0.51100942
-1.05331818
2.35969089
2.12460465
1.79215759
2.67741824
-0.22253155
2.28444972
0.63230729
0.82743681
0.59151251
0.45476887
0.71809163
0.27791444
2.33740981
2.39074250
1.40007122
2.59342086
0.45123407
0.36130052
1.63641982
0.68713446
0.30783834
1.67277646
1.80985868
1.05025312
2.01151079
2.96886422
1.55728482
0.66867852
0.73124218
2.95469696
0.29786573
1.18198875
0.28970064
0.79348062
-0.19499760
0.59280021
1.14236973
0.20419145
2.13392460
0.51395050
3.02357729
1.98513331
0.23923171
1.45542865
0.22112425
2.79014267
0.84605397
-0.08741908
1.16076940
2.94575162
1.75953037
0.51194316
-1.14008050
0.67146176
-0.27467409
1.61228877
1.84157719
0.89208530
1.24050530
-0.52024603
2.10052157
0.76185961
1.60443616
1.67350352
0.69973765
0.71276314
3.65365147
1.32419797
0.87661590
-0.95471142
0.64953110
1.69171597
0.92155364
1.90131392
0.89564576
1.72247022
2.13512724
1.22972248
2.11414467
1.11990003
1.11346306
2.16880362
0.89802838
1.28408237
0.69604146
1.20862052
-0.98835497
0.32573626
