0.58467863
2.20319937
1.52668971
1.47512869
1.79412771
-0.26550798
1.36891761
0.65227882
1.61550519
-0.26069880
-0.04928750
0.91796156
1.20346483
0.50988253
0.45419464
1.73599264
-1.28605352
2.99882282
0.32014516
1.48873035
0.79147445
0.52588785
1.69594901
1.61250101
0.16899631
1.68688991
0.35743908
0.67298197
0.38556119
0.43174610
0.95255888
0.64100881
0.28555837
2.73359715
1.46582261
0.27765097
1.14772302
0.64462978
2.17003821
0.50156799
1.22910344
1.82449015
1.21779315
2.83773073
1.17733527
0.86032509
1.35375800
1.91125132
2.20228180
1.73714151
0.87276504
0.83351671
1.39210776
1.32125809
0.92106392
1.84713450
2.21969416
0.52512594
-0.87082343
0.94936126
-0.07702771
-0.43294883
2.12363760
0.69114618
1.86402559
0.36454065
0.49320543
-0.35166917
2.63365076
0.53573872
0.48465756
1.42978916
0.58280271
2.44077334
2.99285339
2.37307831
0.45671418
-0.24933419
-0.42724522
0.74936100
1.86412710
1.56453649
2.13647583
-0.21318580
0.55873278
0.78080581
0.18880785
1.22862642
0.52830089
0.92316583
1.30990097
0.43284349
0.90037764
0.72480957
0.69567437
1.86832378
1.99419044
1.39271811
0.38705837
2.58399903
