1.21661793
0.92753214
2.58811989
1.40805757
1.74879090
0.26506837
0.73344792
3.10296912
2.89837657
2.03858137
1.42696282
-0.57372063
-0.45665122
1.34169363
1.35105740
0.70403020
1.70932992
1.48626904
0.66149611
0.47682952
0.39811440
1.32550999
1.31097087
-0.02049682
0.40180961
0.88927681
0.09045952
1.27987603
3.00602196
2.45597671
0.59491017
-0.13850974
0.50516978
1.07294678
-0.09715347
-0.28250069
1.45012062
0.86131673
1.20237457
3.07861010
1.13815894
1.91781952
-0.13548167
-0.65072950
1.15543996
0.08034551
0.20209221
1.82924088
0.00719047
2.85287294
1.41328768
1.72579353
0.39684262
1.09176628
0.14025602
1.13125453
0.41023589
1.16747198
-0.05472886
-0.32020847
0.83557386
0.96554621
1.62478819
0.30803605
0.22079793
0.51457558
2.24871123
0.64125349
-0.65444273
1.98029171
0.65969938
2.92498817
0.81681105
0.90865573
-1.08256437
1.42203539
0.32870945
1.47556837
0.58778584
-0.01397952
2.14664152
0.25681887
1.00819149
0.62181926
1.74237457
1.52231436
1.11191239
-0.02895758
-0.03409418
0.65929128
0.95770925
0.04240151
1.86093035
0.06044718
1.38395709
-0.54941768
2.18433235
0.38826508
-1.80570971
2.17756416
