1.68726011
2.03513708
2.81858903
1.58490272
0.96707371
1.52640243
-0.20015196
1.33654848
0.50645892
1.73932138
-0.80178049
1.76057547
-0.11310503
-0.19199974
2.17638513
-0.41497753
0.08105927
-0.30303650
1.41363720
0.71153652
-0.36866049
1.38050751
0.68356165
0.42191739
0.58944033
0.48726555
0.39148648
1.55102383
-0.55274517
1.35715994
-0.51201306
-0.57170192
0.71440062
-0.42513507
1.51195441
1.83537039
1.60410790
1.20592315
1.89651607
0.67028258
0.47030470
1.92508437
1.19862998
0.05197027
0.39719509
1.32155593
0.69264979
-0.84629378
-1.35003966
1.28047761
0.78061830
1.40383751
-0.19638083
3.15878744
2.12220263
0.43548085
1.95920008
0.02063017
1.65238372
1.15948249
1.75729510
0.00450587
1.31068391
1.63717429
2.39641700
-1.33938268
2.37417064
1.66038404
1.11835224
1.74965606
1.76822773
1.02207708
2.19602623
2.23106556
0.06987378
2.53476365
1.30365580
0.05700886
-1.11701860
0.86172448
-0.27672536
0.23521293
2.53858717
1.64558093
1.95226463
1.96270550
1.79965353
1.27605234
1.10746749
1.29655325
1.51644150
0.98162895
2.29602705
1.87922576
2.83485891
1.59771787
-0.00873252
-0.42660489
2.48755910
0.92766761
