-0.23204968
0.84135975
2.46455732
0.00154254
0.98021236
0.16288247
1.29232126
0.13769163
0.68787021
-0.76158725
0.47722156
-0.13527608
0.96792867
-0.48426137
0.85457855
1.03405375
0.36159862
2.10492886
0.95940168
0.69169551
3.87089593
0.93177650
2.12164803
1.17053298
0.58200361
0.44867549
1.20644365
-0.11766202
2.56465504
0.93595804
1.36784795
-0.53549817
0.22864616
0.56130143
0.50180723
-0.36756295
1.12048881
0.97763362
0.94538999
1.32926938
-0.48491640
1.20172066
1.21073849
1.65127481
1.90665304
0.15287922
2.16601233
0.49615702
-0.15187722
1.45958668
1.11136968
0.89913346
0.20074304
0.66293117
-0.59160061
2.01812640
2.85864766
2.56900107
0.43386356
-0.93501240
0.35565381
0.02449728
-0.17828294
-0.07968552
1.56346843
1.93718804
-0.02302313
-0.45159811
-0.66286736
1.05748100
0.49359966
1.74950049
-0.08309061
0.35339021
0.47542487
1.15291551
1.63968002
1.17598952
0.60860169
1.75704864
2.47482754
2.21192898
-0.15259187
2.27164249
2.56827828
0.09067478
1.79194478
1.66063289
0.98245754
0.75636288
2.09700373
0.98264245
0.55211533
2.27924818
0.63756482
1.59801663
-0.03940357
-0.52094670
1.26698622
1.74883283
