0.68892999
0.25352548
0.33916972
0.50561025
-0.94747761
-0.17773458
0.82483750
1.33669610
-0.03630173
2.00190434
-0.23628579
0.05935160
2.36944354
-0.61837143
2.01341023
-0.22271877
-0.20138013
0.47989759
1.81481281
1.25578855
1.26773084
3.28475485
0.47513854
1.69676705
1.62354578
0.89954786
2.01322119
-0.98307589
0.47331825
1.03849981
2.02652131
-0.30530333
2.19136503
0.69544078
2.52976515
1.36747259
0.72597141
0.90255511
3.12829927
-0.23714964
2.19076558
0.92056379
-0.40293968
0.80348472
0.89906160
1.50690232
3.13715487
2.12154144
1.12472006
2.31601152
1.21521814
0.21324834
1.14598210
-0.20452060
-1.89047215
2.76215436
-0.72554155
1.85027830
0.17921313
-0.15517638
0.23419134
1.17536687
0.90522412
-0.90943290
1.51839983
2.05048089
1.16851475
0.55770319
1.58337032
1.44576068
1.20905060
2.33317299
0.86652485
0.84553587
0.94889214
1.04201157
-0.69167371
2.51839197
1.10078869
2.13462225
2.80591041
2.07573507
-0.02526774
1.49173568
0.81014888
1.32592675
-0.29627326
2.24450426
0.24631523
-0.55463729
0.77685797
0.27329722
0.52087239
0.71096856
-0.12428902
3.29580575
0.42176106
1.30539496
1.41303444
0.78121734
