0.25599966
1.18071257
-0.44891835
1.68971022
1.98028889
-0.32732870
1.11650949
1.56833803
1.08494764
0.93286776
0.91102991
1.58472888
0.29150692
1.40971673
0.56558361
0.75503577
0.37007498
1.17016045
2.13430987
1.14126049
0.25875161
0.73133946
0.70088885
1.63290249
1.63912970
-0.63055179
1.81378303
0.26291510
1.02129656
0.12870867
0.41595145
0.28229359
0.49551537
0.14678738
1.04492836
1.17737011
2.06124487
0.69461694
0.69374795
1.19238741
0.39174902
-0.53522394
0.27544645
1.58706995
0.25412597
-0.50257980
1.01307004
-0.03782327
-0.38326108
1.82442056
2.43718201
2.57763337
0.41869743
1.03711730
0.27655302
1.28527201
0.32777821
0.23162509
1.91947133
1.82606743
-0.18266663
0.72493965
-0.75762433
1.35082929
-0.69087110
1.45681560
0.17666219
-1.87138406
1.41103538
1.14733683
0.97597837
0.44514211
1.22980589
0.77695304
1.13642862
-0.26892472
0.67181660
1.31425962
0.08251121
2.11114799
2.13471658
1.00100806
1.27216090
1.02685391
1.93300112
-0.04220261
0.20874696
1.84563426
0.26471774
2.81125242
0.30469425
1.06372080
0.54173100
1.20420467
2.69966044
2.25498372
1.05975556
-0.65057445
1.29584260
2.05359063
