0.98869611
0.29743582
0.92998781
0.64189259
0.60737328
-0.51691467
2.38884232
0.58377670
2.92876104
0.19224469
0.36655407
1.60119386
0.08130794
0.73599315
1.98007497
-0.79906553
-1.55814861
1.44674511
-0.49712378
0.45726996
1.26707720
0.65313096
0.89588755
3.15801536
1.33246486
0.05692888
1.16981829
1.81324467
2.03641557
1.13733664
0.36798948
0.62164593
0.87606065
2.81873884
1.96208940
0.30358608
2.24399361
-1.80079146
-0.12544047
0.00335756
1.98113075
0.37453677
1.11970997
1.21267055
0.47437588
0.02955182
0.71089372
1.11194638
1.27553016
2.40493125
0.88757517
0.17618235
0.79549369
0.35891332
2.56269151
2.97469118
2.10591248
0.32722106
0.18977281
0.74465273
1.54686847
0.15953683
1.29015684
1.13514999
0.38944123
1.42265877
2.32953532
-0.83685947
1.45095661
0.61855743
1.92297092
-0.41547454
1.71631056
4.18387447
2.41179946
2.31451787
-0.08455695
1.42062914
-0.40324651
1.61919238
0.35254500
0.53966449
1.82246968
0.93451035
-0.19732349
1.80233038
2.07603461
0.30300449
0.88724009
0.03880777
0.66740004
1.35039580
0.75907489
2.22695314
1.50131917
0.55615714
-0.76191822
-0.23758830
-0.58860378
0.39341016
