0.11101035
3.69443665
1.28216886
1.38089482
1.58759934
2.73343740
1.72036065
0.14992850
2.02239341
1.93126086
0.70845624
0.58170422
0.21901482
2.03099195
1.10620310
0.59987848
-0.68692400
1.89342233
2.42744612
2.76529164
1.26703439
0.97086839
0.23800659
2.14607067
2.85791742
1.13966957
0.79153800
0.44938647
0.86028523
3.43672205
-0.17867079
1.84655139
2.70749557
1.54885785
0.45013233
1.52185251
0.66594718
0.87709356
0.81121290
0.75722373
1.00820975
1.50886992
1.89325129
-0.09789864
1.00965218
1.59304464
1.26494375
1.54606260
2.02658281
2.17388297
0.51852506
-0.18994956
2.01186132
1.86705715
0.07659299
0.15639361
1.29058803
0.89286001
0.43956788
1.79061083
0.77494865
2.31731041
1.02311579
1.42115241
1.09571108
0.45430062
0.76940975
1.59208250
0.87992356
1.77877601
1.72024174
0.43262575
0.16657252
2.17298792
1.53236717
0.71450924
-1.58808989
2.24462946
1.20845586
1.46293899
-0.21292830
-0.51707467
2.39330425
1.68646923
0.67297629
0.62484000
1.89604878
0.80600682
2.74914344
2.45550654
2.33726738
3.33335278
1.58507903
1.92649282
1.09798456
2.48548536
0.08085630
1.69970999
-0.24975984
0.95671564
