2.37005802
1.53382974
1.38704978
0.03621515
0.80747829
0.18349876
2.66356165
1.53518026
0.74645168
2.07282749
2.60253548
1.19793044
-0.93466054
0.33032226
0.61205813
2.28335361
-0.09671782
0.58676119
2.93052562
0.76527626
-0.37952349
1.14725042
0.70888292
0.63542472
1.89900023
-0.37674156
-1.06389968
1.19300866
-0.24016382
2.28970439
-1.00230854
1.89740166
1.29518286
1.97370345
0.53954063
-0.50301878
1.81489012
1.05626148
0.63728419
-0.73365824
2.29165662
2.30616893
0.13270882
0.72888783
1.27512671
1.86798060
-0.35390595
2.49764564
3.40586538
3.34772568
0.13550509
1.45950693
0.43043598
1.07805314
2.24083548
0.12478489
0.76580783
0.38046823
0.60324025
0.68319681
0.75274819
1.37318553
1.55141808
-0.20945182
0.30607810
1.04706448
1.10034831
0.41625059
-0.86797300
1.80197435
0.62006948
0.88194190
0.30599056
1.53478932
0.86682275
-0.34893772
1.84286774
1.71484621
1.36383281
0.71039821
0.30859180
-0.45622348
1.92417352
1.67293897
2.23341337
0.09232129
0.78648325
2.32185143
3.70816481
0.75200672
0.60471337
0.16713356
0.02960253
1.82450892
-0.25813569
0.11711537
1.13581027
-0.06873956
2.23830163
-0.77744966
