0.86293691
0.14195291
1.62661538
1.70855067
-1.29558362
-0.36323168
2.47645135
-0.59623990
-0.54288312
0.88807367
0.17817317
1.51608619
3.31647253
-0.08123143
1.43373001
0.54979274
0.98421892
1.35709274
0.90939932
-0.12055338
0.76444983
2.07143633
0.19118972
0.50323455
0.50534571
1.55821848
2.08595097
1.58779053
-0.26640317
0.11567692
1.76380327
3.26855826
-1.09167800
1.28276826
0.80287351
-1.31362560
1.52658688
1.62659892
0.31544045
1.54230167
0.85260725
-0.59021178
0.51688698
0.13397722
1.18186578
0.06489512
1.66799783
1.66429301
2.80883142
0.64457994
1.40426225
1.07232956
-0.75293733
1.40793600
0.82350517
1.99273932
1.93869946
0.46666205
0.16700428
2.33311692
0.93180327
2.09222243
1.55115786
1.04609254
0.62115914
0.44574340
1.28114205
1.95892489
1.11498784
-0.01727821
3.17523887
0.91377058
1.67565023
-0.50216492
1.96997423
1.44913955
2.48502427
-0.58003034
3.48618332
-0.23010509
-0.11831256
1.83297499
2.38277252
0.79438877
-0.49193212
0.90922794
-0.64521022
1.52080865
2.05630384
1.22341910
2.28882271
1.20475947
0.68838092
-0.06914723
1.97222952
2.37576957
1.30408858
0.52262263
0.24354317
1.64397172
