1.61767866
1.86082777
0.03160586
1.34383050
1.56077124
0.57864777
2.24121066
0.00814534
0.73920937
-1.08440519
1.09525572
3.30259774
1.11725532
0.11827003
-0.15444297
-0.46355903
1.08358417
3.03771778
0.73997300
0.77944521
0.84901344
2.93580865
2.35560848
-0.17027160
0.88508734
1.93069980
0.50817353
1.51102767
-0.35005899
2.01128439
1.63006493
0.56653404
0.16419129
-0.14984594
1.96145110
1.33940897
0.85224043
1.85282650
0.49341836
0.85844277
0.52901486
0.62801290
1.36052423
-0.02231342
1.87181132
-0.65611184
-0.21346871
1.27915977
-0.86028226
0.34928369
2.00248766
1.97975330
-0.30424163
0.85250891
0.17457602
1.82777383
1.51487099
0.26658075
1.15072664
2.22681626
1.58998433
1.68310208
0.46433002
1.68212359
0.71323838
1.87876214
0.13892508
0.36138969
1.86570254
1.86652020
1.99291025
0.34917700
0.92907095
-0.85183153
1.60230185
0.85597606
0.46210603
-0.18375960
-0.64664057
0.67168042
0.52479778
0.91654277
1.73313591
0.89316424
1.54666573
1.49860400
1.02553175
2.09188325
1.94151823
0.07678605
1.41188947
0.82297765
1.97841140
1.33530865
0.52468615
1.70242529
1.67274516
-0.40627428
1.90760858
-0.14016653
