1.87849681
1.15865990
0.85135948
1.17819139
1.20027527
0.92190901
0.26459734
1.47433396
2.43886154
0.86762224
1.59640962
-0.23576835
1.81300440
0.27001351
2.78168732
-0.39230320
1.66922544
0.12827324
0.22771639
0.84116991
1.44241989
-0.48966009
0.54278471
2.61681391
1.54466425
1.15702787
1.94187931
0.34903507
2.29284903
3.86685075
1.50497870
-0.23221133
1.35114714
0.77423681
1.48810329
0.18652105
1.19560566
0.93739972
1.24946102
-0.38158490
0.02485268
1.21830383
-1.12665992
2.73192512
0.48925768
1.69299075
0.15436469
1.58231170
2.01027252
2.19327865
1.37975813
0.09701891
2.33403192
2.13358338
0.17253660
1.44360784
1.31261852
1.99112942
0.65299897
1.33103698
0.79836459
1.59714840
0.60552683
0.23463479
2.83167672
2.04763763
0.68602200
0.90840755
0.37714409
1.59075066
0.85702698
0.69173241
1.04228884
0.31818439
1.69454313
2.07597356
0.93922994
-0.07649271
-0.22014889
1.34110016
0.63232076
-0.50927857
0.16977986
0.16108409
2.33401586
1.84281669
0.81832443
2.24302215
-0.39290514
-1.45465954
0.59057107
1.24511544
1.30436347
0.10828311
1.17237291
0.27294941
-0.42528538
1.04900546
-0.44826259
-0.46768970
