-0.65240168
0.71525507
-0.92749942
0.55634666
0.30318396
0.00067970
0.65320207
1.19377828
1.31009797
2.43355817
0.07433796
1.24019739
0.30219415
1.13193805
1.25271062
1.73802540
-0.59797004
0.56685393
0.81108414
1.40407262
1.34308564
0.79827548
1.41419570
2.54311640
-0.13672687
2.34538896
0.83315274
2.26563986
1.10098576
2.54133813
2.49912101
1.91912750
0.72248979
0.41876126
0.71404318
2.31852872
-0.39405862
3.09478782
1.12565129
1.56943174
-0.03115990
2.08546766
0.73436867
0.83179870
1.11839313
0.37023070
-0.06443014
0.58698020
0.58221756
0.80179394
-0.63477464
1.59690579
2.43815366
1.78313253
2.67571732
0.35344997
-0.52406481
0.56307491
0.72102892
-0.42355046
1.87891158
0.33448745
1.24876443
2.60037496
1.22532123
2.93416407
1.47569217
0.53249034
0.70964753
0.07782374
1.06067333
0.43196771
0.55791849
1.12255029
3.36814267
0.60882639
1.34111999
0.50159162
3.39074965
-0.89293975
0.63704023
1.33637243
0.92093801
1.56989043
-0.31696503
0.27534970
0.85553028
0.43239778
0.61414667
1.72266692
-0.71118711
0.60101171
0.46914687
0.27117456
1.76482707
0.76312031
0.49307085
0.74780135
1.30940155
2.31773414
