-0.55339380
-0.66786183
-1.26274599
1.06484305
0.87094279
0.39369020
0.10954016
0.10912933
2.18086670
1.95810809
1.26373411
0.77175728
0.62700041
-0.18757625
0.56802365
1.19611280
2.31030804
-0.30893345
1.99763972
2.40969458
1.33343663
1.48702282
-0.01622752
2.38877829
1.70260951
0.32564842
0.84552512
2.35329878
0.77615202
2.38281377
2.34713658
0.40937641
1.93526953
1.61744126
2.45968047
1.04407882
0.62761392
0.09558873
0.97268989
0.68801832
1.11538470
0.66923131
0.68673233
1.90953645
0.63824270
-0.10111790
0.22335571
0.75894903
1.06415517
0.06868190
0.60514529
1.33469346
0.72581705
0.51395585
0.95801890
-0.72323581
4.03210174
1.89545011
0.86624713
1.91169969
1.03229376
0.35886875
1.31142353
-0.09822811
2.40711242
1.36012032
1.98418722
2.23220490
2.51582938
2.57052122
0.37106269
-0.80655744
1.25634126
1.84498654
1.11147422
-0.05534092
0.10176180
0.61793495
2.62321411
-0.14222208
0.77261854
-0.65866867
0.04519906
0.78404406
1.28587884
1.11375882
3.34368800
2.04269286
1.70029878
-0.39559199
0.58766235
1.57628529
0.93365493
0.09861517
0.33315176
0.35328178
0.04448657
0.64904503
-0.44870827
2.39760861
