0.12862745
1.57520681
2.68972386
1.54646455
0.50773522
1.57882189
0.58369802
1.95302820
0.42582933
1.12344388
1.27714783
0.82858312
1.17891189
3.75066452
1.98220416
1.29554677
0.90532104
2.08282802
0.59097200
1.83319976
1.53827953
-0.08131973
1.06341513
-0.46144822
0.96957059
0.82749373
1.87111353
2.31013122
1.94735998
1.59302978
0.56704934
1.54797344
0.60919896
0.74148134
0.54174064
0.21645917
0.30449964
0.65650654
0.82705288
0.95294058
1.40401838
1.19138949
1.96998358
1.17929050
3.18541563
1.66332444
0.84653285
-0.32842103
0.07531697
0.64197337
1.81675567
1.77400122
-0.18567819
0.39481052
-0.17982724
0.85719363
2.31812051
-0.94004925
1.69535258
0.66119968
1.18632029
0.43788073
0.12809320
2.06920343
0.47290712
0.70078812
-0.28210770
1.94656201
1.83336174
0.97582430
1.41956510
1.92675243
-0.64815790
0.19294560
2.59406955
0.08255075
1.17837252
0.49840507
0.75731646
1.05725838
0.45106027
1.05406779
1.88979982
0.03688096
-0.23851305
0.66558693
0.81278262
0.90123169
1.16380586
0.61531016
1.37888352
1.32578206
-0.37489098
0.87616266
0.31826776
-0.80935141
3.42280014
-0.37054602
0.41517543
0.17420077
