0.96717076
1.71953624
1.66913616
0.48370172
0.79235502
-0.14326625
1.98541816
1.66908978
0.62799150
1.66222471
2.75896083
2.26005654
0.17406237
-0.38491930
1.24536725
3.12609011
0.89029522
1.08630634
1.76089958
0.78074767
2.00049117
1.80055428
1.30331573
0.76232985
0.68428966
1.59104744
1.83002455
0.22532764
0.06816661
-0.48476947
1.36962911
-0.13448810
0.82685197
0.74738336
1.63704155
-0.13135161
2.33631686
1.16177716
1.78981370
0.60238533
0.92676546
-0.27873092
0.99674059
1.10024606
3.08807915
1.37601070
1.36153439
1.55326879
0.25167843
0.98294051
2.71635325
0.46231105
1.95925037
2.30971960
0.04517553
3.26215570
0.38188969
1.81410268
0.38731096
0.48994554
1.93857262
1.40549853
1.40909216
0.14808293
0.20956968
0.22801982
2.22143614
1.24171968
1.47170462
0.44038104
1.22442067
2.29037742
2.03440073
2.58429865
1.02880743
2.20651040
0.18304098
-0.35290604
2.08869826
2.39526545
0.99158380
0.18794888
0.66215851
1.68325920
2.74747659
0.82853319
1.53173817
0.74637015
0.06512678
-0.05548163
0.79227234
-0.28353615
1.59539953
-0.00089144
0.62612085
0.55112887
0.67909857
1.08249626
-0.45333033
1.74443809
