1.47717676
0.87127942
1.86853710
1.80064904
0.03762333
1.06538468
0.57998200
-0.16869951
0.83665764
2.32313514
0.09245825
1.27091837
0.75130316
0.94165815
1.37772643
0.08140361
2.20746586
-0.57569097
1.09795083
1.50680646
-0.07887763
0.44726372
0.53223759
2.12379852
1.00400511
0.22657534
-0.63392844
2.08550972
1.32994286
0.81824839
-0.11218081
0.60133040
1.80321643
-0.30036633
1.25293944
-0.81226731
0.50793444
1.20267404
0.46791808
0.72044252
2.05810341
-0.85703199
1.59487591
0.79627816
2.02056516
1.10041218
0.16323512
2.31359532
2.82113776
-1.38329806
0.12985026
1.31493709
0.53658794
1.26523813
0.57043339
-0.36351114
2.94192753
0.86146407
-1.15313223
-0.09488086
2.24834822
-0.51138114
1.29359943
1.75471625
1.37376839
1.36413958
1.22746140
0.54525127
1.72097278
0.97479104
0.69405639
1.41739567
2.19236080
0.72675296
-0.39204022
0.70463372
1.28834033
-0.13281004
1.43892967
0.58694734
2.13557354
2.93597935
0.53982983
0.36650045
0.07445673
-2.30982741
1.44054145
1.44118937
1.68607126
3.45701229
0.84102638
0.98970407
0.94165864
3.57155304
1.17614522
1.68492782
2.74519854
1.79154545
3.36682939
-1.60413237
