-1.14339147
0.48714508
0.48252243
1.34759379
-0.14866745
2.50367230
0.98513771
0.50645500
0.79857118
-0.35708118
1.36106972
2.72061542
0.34471520
0.72211099
1.55010946
1.48769499
0.13001040
0.50902230
2.80490387
1.11101445
2.02521430
1.41904566
1.75060233
-0.57287442
2.01802487
1.66257410
1.43839141
1.71548991
0.77610093
1.72307664
1.13307034
0.91578986
1.12048414
1.47193974
0.92589971
0.80052052
0.90120495
1.97476213
-0.07877217
0.86400616
1.51986572
-0.19479447
0.99409884
1.75729523
1.46924821
0.76323547
1.94203520
2.14500498
0.18716605
0.83881055
0.72808773
-0.02863916
0.95427934
1.61036143
3.75019344
0.96492381
1.95699488
0.50519759
-0.65583683
3.15543467
1.03771464
0.73846648
1.37122514
2.39500632
0.34954517
0.97592352
0.37578364
1.29725885
0.50339868
0.37538743
0.16850035
-0.11409249
-2.22068901
1.23347304
0.99271668
0.71870591
1.42887752
3.05368433
0.55133527
1.36199921
1.26661818
0.80740248
1.01942885
1.28863483
0.07157672
2.42496411
0.38195828
1.91918355
1.99836673
0.52490527
-0.45428633
0.95659337
2.27972109
2.75540736
0.48180697
-0.41743042
0.88473497
1.53332145
0.66297779
1.03809822
