-0.71148291
-2.41163138
2.53984482
-0.36604706
0.02866546
1.08809446
1.89364068
1.28982052
2.05345001
1.24395991
1.46438270
-0.04574546
1.41840288
-0.32082333
2.80039832
0.17783979
-0.14571886
0.34456214
0.73491475
1.42445899
-1.76192770
0.23291457
2.08629734
0.22970404
0.85402879
0.62273889
1.48439939
3.20028115
0.86720533
-0.02752833
2.38079035
0.93369923
1.45986381
1.71843091
1.11019299
1.06418531
0.56180477
-0.74494687
1.22522770
0.17335548
2.34254346
1.73405957
0.98565385
0.31635303
-0.12208926
0.78052112
-0.18601079
0.25400082
0.49108633
0.25742943
1.78885262
-0.96663369
0.94516169
1.36224633
2.29148426
1.54537203
-1.22469475
0.04896644
-0.35808919
0.57014889
1.33354138
2.12950084
1.50418276
2.58240422
0.05670602
-0.73842008
2.68891412
0.12160276
2.47528146
0.16216604
-0.42300851
1.54901071
0.05582671
1.06429469
1.39648944
-0.64673104
0.13739852
2.25670250
0.11937615
1.03635178
-0.53147011
1.74531115
1.08719513
0.20788278
0.78912433
-0.83680667
0.18989879
1.88976627
2.05792174
-1.47991226
-0.07443032
2.55248543
1.05520130
1.80964944
1.61009574
2.98604685
1.51901668
1.28208132
0.39414065
1.27222487
