-0.22512144
0.52625798
2.37126693
-0.75618411
1.06357822
0.81351895
2.21194036
-0.58184273
0.67338464
0.71513626
0.18825255
-0.00445738
1.66190084
0.60465311
2.07592931
0.08066216
0.18197916
1.00161579
-0.31178639
-0.27683044
0.90757444
0.15003762
1.73931311
-0.54589295
0.74862415
2.01763490
1.57556696
-0.24508230
-0.00680141
0.28450768
1.41366079
0.34536185
0.21522678
-0.82995750
-0.31666261
2.81696367
1.37930266
0.92532686
0.23665537
2.00091014
1.74570445
1.02924559
1.51704502
0.33447159
1.05685956
1.91152449
1.21639663
1.64916220
1.31000453
0.55028591
0.68098331
1.68130355
1.26529456
0.77435454
0.37573864
0.16688224
0.86004075
1.50546495
1.91394027
2.43123593
1.96623839
0.73363166
1.93022949
1.49730716
-0.95031821
0.76269805
1.68694865
1.04448005
1.07191980
-0.39576819
1.04682269
1.84852279
1.18430558
2.30129702
0.05160125
2.92000674
0.35380074
1.60442901
1.16202108
2.11339557
1.75831383
2.08323440
2.78598600
1.32544528
2.02818224
1.84388012
0.81609273
2.28337680
1.64868864
0.75096034
2.17944268
0.35644467
1.22099689
0.19574551
3.18341192
2.22931875
0.31106531
-0.76513764
1.23344309
1.05411685
