-0.82098676
1.07539924
-0.52365071
2.17417661
0.96413869
2.66649331
-0.89785293
1.82554069
1.38881774
1.31713078
0.92724585
1.34383839
1.57907490
2.03224051
1.67056099
0.62349720
2.49796882
1.41674855
-1.21309842
0.50983339
1.88053535
-0.81865507
1.22022351
2.27827074
0.29038559
0.71250042
1.25791496
0.59947114
3.13861099
0.19575331
-0.23730656
0.21902504
1.31254061
-0.67258658
0.28008646
0.37105341
0.54847741
0.32482910
1.43197656
1.13851915
0.60235218
3.51246901
2.12630720
-0.88007494
-1.01348045
0.54434577
0.87819839
1.70943139
0.49523127
-1.12136677
3.13386571
1.57233878
2.53102264
1.39988092
-0.34723139
0.39692002
1.07119331
1.02559395
1.03109358
0.74654623
1.90269735
1.48000622
0.40814952
-0.63459013
0.52756584
-1.32222833
0.09281555
0.14361027
1.30500336
2.15176594
2.83096538
0.40785828
0.70440995
1.85860366
2.90609585
2.45192375
0.18957516
0.31794659
-0.14291216
0.64411078
1.42659528
1.04470346
0.75751771
1.00494300
0.79647465
1.78599026
-0.29865000
0.78732784
-1.15201524
2.02826287
0.85395708
-0.50104492
1.12833570
2.38157751
0.26033237
2.03140183
-0.36670558
1.80380550
-0.61819705
0.52373716
