1.16912181
0.24343395
2.08707172
0.86486880
0.27890799
1.29009972
-0.47256958
1.41412877
1.29383333
0.14145693
1.62699017
0.04066298
2.57787728
1.29722983
1.56908776
1.81470875
0.85814942
2.40013735
1.23928758
1.90110060
0.53193245
1.08850295
1.96961533
1.29428152
1.61748648
0.52917658
1.32350658
1.70121086
1.54137214
-0.19792784
0.33266451
0.70094154
1.74383347
1.31976404
1.07385935
1.59541426
2.30506827
-1.12946610
0.93098333
0.50251670
1.52119310
-1.06066670
0.92969340
0.75213951
0.89719829
0.63782862
1.36236519
1.99927857
0.19676377
0.53184755
0.64702146
1.59737438
0.62935801
0.70751148
3.12569825
3.56394964
-1.69026196
0.73539607
1.43947619
0.53033791
0.22364752
0.54287936
2.58971782
-0.29424172
0.06102521
1.98611437
0.41376196
1.13494280
-0.45064614
1.08226790
0.58100855
-0.15948715
1.59485908
-0.92557982
2.15046634
0.61726039
0.66285261
0.22118073
-0.49606912
1.09053798
1.13956985
0.89087363
2.59850592
0.92880725
2.11396028
0.05837135
1.59812865
0.66677680
1.69981403
1.51972019
1.31204975
0.84137982
1.48961362
-1.56523375
0.64350936
1.93013018
2.21579818
2.36103502
0.59212899
1.81953280
