0.84015738
0.46471447
1.14533399
1.11217267
0.19254196
1.58410901
1.48392279
-0.03046693
1.42307091
1.05200224
1.13954837
0.63575095
2.29215270
1.76943368
0.80730206
0.90406888
1.13785136
2.87306403
-0.23267146
1.68131974
1.06654161
1.14297345
0.65841560
-1.76222413
1.81047045
-0.98591606
0.53683882
0.16371108
0.16337515
-0.06051622
-0.65028436
0.96878855
-0.55657739
2.75820585
0.90085758
0.59313291
0.30683370
-0.23654258
2.28202083
0.87494690
2.63001857
1.87169256
1.72483075
1.00718196
0.69419996
1.37554230
0.66011896
1.70720333
0.20496486
0.64503968
1.47601581
1.17552212
1.14257898
-1.10938160
0.24068989
2.72480735
-0.18956581
1.18747116
0.53189033
1.73144335
0.41202195
1.12333634
1.33329092
1.75043560
1.34944397
2.88991744
0.95976714
1.37278341
2.21326008
2.30274196
2.37476583
0.86026585
-0.43397172
1.37635703
-0.72835735
2.61869526
1.72990671
1.37383059
0.54658331
3.48656586
0.16363989
1.68302145
1.27253999
1.34961807
0.58772033
1.43287302
1.59954054
0.08073995
0.46907127
1.40932070
0.62325572
1.60820980
0.72346810
0.80196435
0.89387219
-0.48751171
-0.24285317
1.58937431
0.65877881
-0.19352335
