0.55781659
1.39662508
2.90763124
0.51109915
2.46411889
-0.36224914
0.16553374
1.27434544
2.69373597
-0.24391266
3.28817730
1.13372670
-1.01361020
2.00818086
0.92587568
1.55725990
0.30766788
1.83790804
0.00120464
2.57681553
2.37416645
1.52926034
1.08998983
-0.12469462
-0.36346322
1.56206907
1.96192099
0.82678432
2.20325647
0.23849534
-0.43062199
2.33935278
1.35565297
0.96673507
2.32643966
0.44581727
2.00062789
-1.01783447
1.15202342
0.63703234
1.99737666
0.54780804
0.63345343
-0.79154921
2.98430853
0.82768608
0.52855491
0.23191788
1.25230459
1.56060363
1.47069472
1.45276832
0.97504985
0.24201971
-0.26899819
0.61573057
2.01202715
1.33584425
-0.34973754
0.53326902
0.25656325
2.04821228
0.85007792
2.01047916
-1.32199809
2.78904283
2.46541579
-0.69678678
4.02563011
-0.11965756
1.59803385
1.32244061
0.80430707
1.36911528
1.39202294
0.94792921
2.08667547
-0.07007854
1.10611579
-0.12398527
0.32485571
-0.12530331
0.61474954
1.14268311
1.57157207
2.39267255
0.48973143
0.02909216
2.56259797
1.07254685
2.76482490
0.18389311
1.51629537
1.77306506
0.87974467
0.16579983
1.75814701
0.37235382
1.17174084
2.13926058
