-0.44142576
1.14112731
2.14888278
1.05217370
1.32428638
2.05041648
0.96640058
-0.52480248
-0.38946017
0.29044561
1.26409874
2.58893699
0.66725156
1.11962664
-0.01195018
0.18057787
-0.10728383
-0.12398311
2.85727196
-0.29922267
1.41540630
0.88298243
-0.13105424
0.52879136
0.88329119
0.18701829
1.39747194
0.84333557
0.01646132
1.93801386
0.22749764
0.26581390
0.52659896
-1.57945948
2.85518270
0.81072137
0.81278405
0.64528113
1.08646280
0.41627940
0.39911852
0.20921423
1.19438875
0.56165452
1.01074631
0.86907197
2.81855941
0.33023342
-0.00876234
0.70737273
1.89526634
1.08460039
1.19458870
0.82765456
1.28931004
0.19776013
2.09107744
0.14984007
0.38904316
1.73298359
1.79641036
0.94484846
3.01367015
0.27981264
1.24852920
0.69352648
3.43685987
2.41669769
0.24826602
1.78588690
1.22791834
1.50086049
2.08549097
0.79774969
0.56884476
0.47954984
1.63059459
0.29092823
0.06266168
-0.79712911
1.80840471
-0.15203840
2.61103748
2.23136667
0.80649373
0.48692090
1.44774572
2.53434843
2.67116977
2.08528681
0.48466616
2.53837158
3.83231909
1.73829434
0.02708793
1.05804942
1.08512708
0.59350554
2.05689382
0.19617123
