0.35121532
1.29810604
2.43128722
-1.16533475
0.37372222
0.77387160
0.79103793
0.36991353
-0.75264571
0.47945202
-0.34907868
2.75151029
-0.72283398
1.46305963
1.49254431
-0.17953459
1.33110682
1.31698690
1.28666409
2.51882579
0.94519215
1.77567644
-0.63352691
2.86168528
1.45140986
2.34980107
0.26968948
1.00465030
0.96740833
-0.11591271
2.36584613
2.43847265
1.87884624
0.69616545
0.33763829
1.32895700
0.76606635
2.63804366
2.75247752
-0.02550674
1.95954874
1.06364603
0.98290673
0.33319875
-0.30333162
1.90400147
0.51733452
1.34141332
-0.17262281
2.00350680
2.52735892
0.03631811
1.29084034
1.57165666
-0.89694148
1.52785962
0.33097655
-0.65403444
0.72517089
-0.05064686
1.56370179
0.74046134
2.42537286
0.16186537
1.15897673
1.11534419
1.88970694
1.66315754
0.80365483
1.95069696
1.68543565
1.65660128
-0.26006801
1.27854204
1.65581978
1.45710929
2.40447671
1.96276579
2.40912818
0.24265854
1.10377567
1.38309882
1.01565797
-0.84099738
1.29113235
1.82101007
0.34108336
-0.60193506
0.59736382
1.48716471
0.18500122
0.65135160
0.17654504
1.10244705
1.16162815
0.17362895
0.93508365
2.49221208
1.23882594
0.35291937
