-1.08490130
0.75040410
0.49591283
3.38884336
0.65445490
-0.14744432
-0.03816669
1.50976435
1.74952966
0.89566782
-0.44117130
1.99901754
0.64432459
1.66599628
1.32786481
-0.43138103
1.30570360
0.61677924
2.09776748
1.76126884
-0.10047645
-0.28706969
-0.14237341
1.89639047
1.55636221
1.19475082
1.29417118
1.84785733
0.50417180
1.84831989
-0.00421298
0.43940526
0.19012028
1.69986779
0.63038161
1.46298844
0.24014811
1.82806487
1.77367740
-1.35186554
0.29753178
2.00858150
-0.52921029
0.12253058
1.57119131
-0.79782048
0.45072100
-1.12531761
0.71088497
2.01979763
1.36387062
2.26532182
0.91780886
0.55913694
0.39803728
0.74666693
0.00999026
-0.57665331
1.67313481
0.88721530
-0.62912034
0.10396759
1.96907207
1.17838773
1.11068269
3.08739089
2.36301715
2.79798982
3.07989865
1.82797349
1.36971210
1.96441968
1.53315848
0.93560895
3.27926134
-0.58630407
0.71698190
-0.04567495
2.15319098
-0.04087195
1.19264330
3.06336200
0.12403347
-0.01659620
2.76265261
0.42486944
0.71648976
0.31325574
0.17672077
1.77449176
0.31687359
0.79501152
-0.60666700
2.39329627
1.43849158
-1.05278711
0.34377647
-0.58042528
-0.03427088
-0.77550726
