0.92739839
1.56655842
0.46833583
1.56396753
-0.87898411
1.69235496
-0.75530520
1.91733542
0.26025263
1.15883326
1.36476759
-1.12875607
1.09275644
0.28106101
0.55061440
0.58475339
3.09221922
1.22382597
0.81017188
1.94447895
0.68264599
2.14125426
1.10745766
1.62537477
0.84837866
0.60713959
2.14791606
0.58835366
0.40624190
1.54402701
0.38407074
0.90866192
2.58049970
0.87429383
2.47494268
0.74043347
0.95842145
0.71237676
1.57524260
-0.66912347
-0.28933329
2.41301114
1.26292776
2.01422121
-0.15692082
2.31191019
2.81285213
0.71813876
2.18490602
1.12543773
2.93106154
0.43948085
0.83641020
0.81037593
1.02447907
1.58673408
2.95638644
-1.86128903
3.09019329
1.17477481
1.02612912
1.05514593
0.96297114
2.74250591
2.29863338
0.29737658
-0.76668993
0.56352499
0.73191617
1.25800435
1.21465439
0.60340650
1.78491956
1.24467325
1.92175426
-0.20234740
1.21495886
-0.38699744
0.01527541
-0.63447254
1.47726234
0.45255509
1.96264630
2.00373649
-0.03714621
0.89922238
1.12644139
1.00848492
1.11558732
0.10956687
2.34124075
0.82625298
1.82229555
2.32120840
1.20983564
1.46732898
1.96839305
0.58187824
1.43438971
0.96110263
