1.26887921
0.90136799
2.26101226
2.39274655
1.42182940
2.23566185
0.78281991
0.33117518
2.07727008
-0.73184750
0.10323530
0.95695273
0.00436478
1.88197329
0.09412502
2.12434371
1.31268633
2.73386781
1.57244583
-0.04314263
1.05149771
0.31234875
1.60510058
3.10523365
1.98122909
1.31809491
2.47398876
2.57446933
-0.12285617
0.14326631
1.27669656
2.44207994
1.14477943
1.49121529
1.99987836
1.58594663
-0.03227339
1.48292371
0.35133404
1.37524891
1.73780577
-0.22854394
1.11657032
0.85564159
0.63602387
1.43389347
1.64527203
0.86801609
-1.31108806
2.20784878
1.92031721
2.54907790
1.72686226
1.05794578
1.47892828
0.15312287
0.66928122
1.62640543
0.16349336
1.84123927
0.60231216
1.33063452
0.68715920
0.64243392
1.51572436
1.81381232
0.80510445
0.06803154
-0.15547670
2.02261768
1.28458157
0.85809416
0.96056252
0.86129114
1.94119484
0.49189759
0.95627489
-0.03179176
-0.43504717
1.43008387
0.68737192
-1.37992489
1.66479848
-0.01958188
0.34975863
-1.99183744
2.04703334
0.15347924
-1.58434773
0.80737782
1.39368127
1.83281756
1.43083620
2.13420348
0.22808840
0.39195908
0.93187214
0.84360674
-0.75081225
-0.05290047
