1.53751688
1.67684915
2.46258766
2.40286044
0.53008668
0.46534662
-0.26689089
-0.08087766
3.73861664
0.17714098
-0.17166600
0.94281868
2.33583528
0.54918659
-0.55531798
-1.84607836
1.25768786
1.32245911
1.09569667
1.29676401
1.30870190
0.27102520
1.64871925
2.32496373
0.16627837
-0.45493329
0.79717721
1.07563531
1.73809136
1.32946160
1.30817143
0.85285145
2.82910756
-0.70808452
2.27854432
1.40913835
2.01244702
1.68348575
1.65208625
0.07758747
2.26479649
3.26624188
1.82561493
0.04283145
0.28566514
1.88013595
1.94403027
1.41559701
2.12750420
1.63012336
1.30718775
1.29755615
0.51252533
1.67428143
1.36169899
1.16608662
0.79433291
2.09191353
1.05354566
-0.65093491
1.60584536
1.93696513
0.94941641
0.69793814
1.66210352
2.51887432
1.90919993
-0.04342751
0.60532385
-0.03613782
0.62906435
-0.01417140
2.86031175
1.72469111
1.85142903
-0.18262400
1.01218798
2.91226048
2.12861911
-0.99408395
0.27485284
0.29558218
1.43950486
0.76719662
0.87869883
1.22338504
1.23082597
2.59086929
1.01483659
1.32841609
1.02160322
1.52059433
0.98008644
0.12588138
-0.56933082
0.76664521
0.79477723
0.20124939
2.09325986
1.91242752
