0.05291565
2.35178070
-1.17644984
2.07687536
-1.88362219
1.71864126
-0.23577510
2.63756937
1.07493695
1.21957324
0.64185150
1.41346105
1.67694333
0.49232892
1.93920174
0.30241173
1.72069198
0.68120840
0.24846711
0.80125793
2.67644337
1.04025794
2.06708633
1.41639176
1.72718107
0.65228873
0.79174109
1.09121649
0.64289818
-0.30800062
1.13402393
2.99045720
1.60533935
2.81649262
0.64691335
0.59110303
0.35207299
1.36940586
1.23121177
2.60143002
1.57103762
0.87747319
0.67343365
2.18767142
2.22869282
0.77875096
0.99372783
0.51590067
1.15468644
1.40140132
-0.07542009
0.40595515
0.86542937
0.62200900
-0.19415870
-0.28225702
0.70616283
1.86489263
-0.05314518
1.20663398
-0.53574455
1.49882572
1.36922279
-0.43914876
0.65563488
1.04071348
1.65119728
-1.55539989
-0.91431875
-0.23965157
0.85493072
1.59673220
-0.53843232
-0.03886421
1.33960816
0.80715245
1.69602786
1.56033722
0.04974459
1.68824488
-0.08626413
0.30104148
2.54787376
1.43828063
1.75182011
1.54124883
2.15729204
1.01859309
2.18238828
-0.17256545
1.96685872
0.75307962
0.16440389
1.30157369
1.03111994
2.58512937
0.82148645
1.59612584
2.98273439
2.06627210
