2.11341387
-0.17106618
0.03818433
2.16253735
0.74022675
1.76729885
0.25851403
0.95422678
2.67233854
3.97417205
1.80950637
0.33959270
1.01618543
0.98129777
1.04901290
0.93054592
-0.33414154
0.78861730
1.07883867
0.16065471
1.93003947
2.05070726
0.86572442
0.49282639
0.64097254
-0.58098451
1.55285046
0.22260656
1.07555367
0.37206393
0.88208864
-0.40686266
1.44313884
0.32007522
-0.02233496
1.98523189
2.06961509
0.66073212
0.79605796
-1.14225027
2.17888912
-0.40594343
0.18170413
3.20185956
0.22534451
2.22350817
0.85337683
0.21904389
1.05310097
2.31892578
-1.36091429
-0.28331051
0.65813687
1.17063681
0.59599918
-0.10878254
1.59727491
-0.96520880
-0.41518502
0.66000411
2.42215173
0.95559928
1.63916152
1.79925627
0.66260625
1.05410154
1.53355093
0.94206704
0.95202567
-0.00361319
1.46345559
2.46307183
2.41322771
1.11596747
0.98465556
3.05048160
0.45985244
0.82893626
0.50829012
1.28775081
1.00623890
1.31038890
1.44519998
1.21586494
0.31572619
1.82698643
1.19575573
0.15285420
1.83937875
1.39568297
1.17007867
0.98442076
0.64129222
0.62901332
1.56581572
0.86119229
-0.03003893
1.95501231
-0.03956429
0.65036053
