1.62871436
1.83901773
2.33547922
2.15764315
2.84458810
2.23533619
-1.07561789
2.13298333
0.05771672
2.19292588
0.46324423
0.53283640
0.87098177
2.23453929
2.77492264
0.52958020
1.39744905
1.79822201
0.25910239
2.35731137
0.47318889
1.01790532
1.24472612
0.88155840
1.02192152
2.02070385
0.90306002
0.51645285
2.12252587
1.08915749
0.25669897
1.53786655
0.85244944
-1.49863722
0.18003382
0.56903328
2.89421378
1.56240637
0.39752482
1.58609586
1.96429614
0.85482530
0.15782357
0.60018884
-0.42303002
0.75542353
0.27941966
0.47942310
1.73125386
0.22951764
-0.30645371
0.39833511
1.66029702
0.56006564
-1.00733095
1.53778849
0.81099199
2.41227111
1.88776257
3.59120308
1.48799571
-0.39885061
0.33091266
0.82419617
0.40315734
0.39361065
-0.12514780
1.34853826
1.03723890
3.42089209
-0.35692414
1.79062909
-0.24608153
-0.56520253
2.41908939
2.18426634
-0.44104430
1.39198325
0.40344649
1.09421274
0.09562312
1.49008703
1.12355830
-2.64112520
1.68844494
-1.34762357
3.39730617
0.16399809
0.43995047
1.30695287
-1.28869341
0.89256557
0.09959741
-1.83616936
1.32246400
2.07897022
1.24909366
1.68241481
1.94220567
1.53044281
