0.01934319
1.05643201
-0.22733783
0.84670428
0.14267247
0.20690816
0.73952927
0.91923692
0.07539303
3.16932276
1.49165996
1.13420203
2.31948541
0.81674202
0.24972698
0.50294642
1.37944120
0.24676377
0.22930522
1.04729608
0.11727870
0.29354160
0.94010255
0.46931697
-0.10098866
-0.25502295
1.42814602
0.72739522
1.36837603
-0.19255429
-0.77299507
-0.18673316
-0.30973542
0.63606447
1.37828694
1.78151370
2.65897982
2.36211977
0.76328060
-0.42299239
1.26327757
2.35369918
0.05240715
0.99639957
1.02429092
-0.15131365
1.62620829
1.84456636
1.09430020
0.78697018
-0.35967508
1.44371933
0.21256277
0.51346978
0.38283796
0.71494383
0.46765352
-0.64256721
1.59259145
0.23602712
2.16962741
1.63425780
0.23733521
0.77552674
1.02584857
3.31660554
1.04264515
1.59060417
1.20218697
0.50342834
2.14536978
0.78073553
1.57025670
0.90585308
0.38107127
0.04984092
-0.63059599
-0.57279475
1.50876217
1.27258722
0.79926730
1.18946273
-0.29853149
0.45217078
0.48942935
1.58501967
0.54185125
2.01658750
2.34888967
-0.50933333
0.24558398
2.05553581
-0.21780733
0.15076685
1.66443686
0.89377913
0.61786623
-1.22805055
-0.39217081
1.34699436
