1.59655360
2.05626607
2.37672169
-0.21115960
0.20097339
0.09441239
0.82416775
1.86213919
1.79778225
1.89691791
0.46627325
0.82431027
0.73722479
-0.25735585
1.09445793
0.36354660
0.94862272
0.61369880
1.71341451
1.46833803
1.69519178
1.65561574
0.75787913
-0.14784538
-2.00640223
0.51716793
1.23452952
3.27674099
0.99647871
0.04383488
-0.39881157
0.16822015
1.14883415
1.86223473
-0.17341531
1.54427337
2.02936393
0.73797766
1.75845305
0.86897864
1.38123547
1.47528572
1.33104242
2.66332477
1.46389223
2.73696293
-1.09069395
1.37619368
2.94125755
1.32360629
0.04252323
0.29838490
-1.00461149
0.80684406
1.52375306
0.56913434
0.29482142
1.25453319
0.98673615
-0.33414351
1.01601946
0.71368073
0.39977858
-0.86044109
0.91095442
0.82307043
2.41355434
1.54055230
1.37748042
1.02668196
1.06519575
0.60419230
-0.78241307
1.20126066
-1.20965044
2.05865210
2.10185463
2.76912593
-0.48213924
2.34052843
0.62556921
1.59098939
3.33950468
2.32523011
1.86567563
0.70979003
0.19940102
0.99715125
0.81106593
0.56799954
2.36312318
0.81122475
-0.54451817
1.97938253
1.41705724
0.86404590
0.42040204
0.07149456
-0.39262705
-0.84459066
