1.22797369
1.95330900
1.72620495
1.43162834
1.08547531
1.58219964
-0.08498383
0.71286074
1.29279393
2.05052226
-0.83709122
-0.68199127
0.92392319
1.49224695
2.05645627
-0.19670461
2.53660922
1.71440330
-1.87276853
0.87735818
-1.23841126
2.14916439
0.62699558
1.77246348
0.92083334
1.09904659
-0.56463134
1.79808360
1.24894321
1.71186554
0.87318419
1.97312464
1.20937301
1.29039487
-0.38449342
-0.37918131
0.36405285
2.89883051
1.32275178
0.61161533
0.44347991
-0.58646643
0.09433225
0.99824452
2.56521155
1.07510338
-0.70612905
1.04656832
0.66634103
0.67218191
1.15131787
0.96893267
0.45604918
2.39354158
1.75365244
0.49559159
1.65701783
1.23640724
0.99596624
0.16889362
1.01350771
1.65944023
-0.09554890
1.23088001
1.83563309
0.69768314
2.07202124
1.91487729
2.01058824
-0.57470768
2.22376225
0.56394574
1.28613234
1.41880921
-0.35708766
2.00856387
3.59222478
2.05518730
0.89873878
-0.11434655
1.27295572
0.96922753
2.20740599
-0.09195235
2.04962412
1.00436824
0.25163938
1.52753103
0.85449911
1.47579150
2.32658376
1.10948368
2.49674058
2.66988603
1.07535397
1.40784476
1.31614071
-0.44648886
2.52121351
0.31314926
