1.01464039
1.86753054
-0.11107856
0.30760131
-0.85345281
0.50415680
3.88503620
2.16361509
1.29060982
0.54123755
1.19950527
1.09212096
0.33026878
0.86867865
1.58243835
-0.47248069
2.77529550
0.25498179
1.70288319
2.71321018
1.57903636
0.94116830
-0.07005834
0.63831988
1.59180335
1.17340352
0.42912308
2.03261616
2.52683321
1.22856669
0.55637764
0.54659891
0.25727314
-1.47723310
1.00337286
0.90231275
1.52449396
1.68180058
0.51463917
0.31552037
-0.59798507
0.49123681
1.07387148
0.32460857
0.90551325
0.23802626
0.32003073
-0.09061853
1.23700227
-0.31975660
1.31770410
1.42540945
0.86596978
1.29992004
1.77299156
1.84038612
0.48994955
0.46729163
2.42904649
0.71794465
-0.60131418
1.98320654
-1.01421144
2.05950633
1.65181325
0.32912120
0.60586909
1.15182695
2.86257994
1.32601088
0.68803779
1.53109908
0.40600407
1.15101842
2.03881099
0.17323624
0.79341510
1.21433212
1.40632148
0.19649588
2.17932281
-0.79249411
0.98750971
2.04105240
-0.26542524
1.03436733
0.87719980
1.02118284
0.87330170
1.03778877
0.92655946
1.08149178
2.30436418
2.05618149
2.09297219
0.61904599
2.03994462
2.06131672
2.55129223
0.80820051
