0.10082252
0.68368941
-0.06246238
0.33156806
1.43138779
0.69534352
1.09516362
-0.19280257
1.10536762
0.78137086
2.09486442
-1.03546388
0.92117623
1.74082153
0.60177272
0.59341998
1.06551621
1.96391578
0.14147442
-0.83824646
0.35065048
0.21384727
0.22339612
1.84811255
1.74690825
0.54853725
1.90696929
-0.75141141
0.43091588
0.80797833
1.45087333
0.93535989
-0.18290288
2.48685296
2.46870725
0.20220281
-0.70024533
-0.09856382
0.07189920
2.45625713
0.23645969
2.15289629
2.34007182
0.92602054
2.03120734
1.00642229
1.06049629
1.05649532
1.18825864
0.37352809
0.22106024
0.77905842
0.98902656
2.83886527
0.83604703
0.49676209
1.83294095
1.39956291
3.86127479
2.36940809
1.82936118
1.61227986
-1.95409233
-0.20000563
0.89723797
1.18840580
1.28399191
-0.12296563
1.36070913
2.09549723
0.16226826
1.29176312
1.62829267
0.74660137
1.26319666
2.20676787
1.73015692
1.20675620
0.45438388
1.21343031
1.04363640
1.62902399
-0.01212310
1.75515692
2.47281875
1.23368745
-1.05237314
1.15967907
0.64388537
1.69052415
0.73999557
0.99175216
0.02449623
0.08750102
-0.39334100
1.30412640
2.64486086
1.54124859
2.63145773
1.66647066
