1.67064561
0.80628926
0.62819392
-0.28173477
0.12597871
0.51094503
2.02054582
-0.83692877
0.83946384
2.55342511
0.97730504
1.03947416
2.03003476
-0.27510395
2.44488712
0.22850391
1.39320337
1.70182989
0.79466286
0.85491745
1.28011536
2.45804754
2.26415325
2.78217001
-1.19790099
-1.24138980
1.19596127
1.17807647
-0.99026307
-0.34568198
-0.33856512
1.73583188
1.05509076
0.79207183
-0.18703612
2.48068401
0.98838110
1.71567713
0.30058328
2.59739697
2.17470676
-0.46492888
3.49514649
1.27844480
-0.33928514
3.14615946
1.14160011
1.73718297
1.17845079
2.32943211
1.06064411
-0.07826742
0.75575229
-0.04010497
0.61214275
3.25342592
0.10795257
-0.36530134
0.55242057
2.16152193
2.22192049
2.53289806
1.01860660
-0.18997161
2.87871369
1.75152165
0.94901842
0.84881307
1.97515041
1.58076414
2.16763077
1.29113392
-0.31423054
1.25142419
0.69323174
2.50140905
1.45098868
2.38826171
2.39225892
3.10149378
0.85001025
0.17684833
0.65660237
2.27132383
0.12064243
-1.16713112
1.10720209
0.80386583
1.39784357
2.40535218
1.19441650
1.19326856
1.62788099
2.48593657
2.04862530
1.37987542
0.11000841
0.33883055
1.69963116
-0.46461581
