0.94150248
1.86576817
1.16509804
0.49672747
0.14509231
0.82965422
2.53554795
0.88406763
1.44516116
2.74313116
2.73215401
0.91989629
1.57339115
1.59868632
-0.07508799
0.01508060
1.99903634
1.54319582
0.42167363
2.81205490
1.42521454
-0.70799709
-0.17174035
0.04016684
0.45125154
0.82288364
1.30469466
1.10723331
1.36256739
-0.09593945
1.83918825
2.58409807
2.02179962
2.39445339
1.40457960
-0.73703369
1.26326710
1.18280640
1.43254385
0.15157386
1.88261764
1.40835423
-0.59414420
1.85851001
0.48791363
2.34102379
2.46217146
2.92164192
0.94823151
0.39632891
0.13451020
1.82466155
-0.12190599
-0.45373800
1.43337422
2.11911238
-0.53989227
0.63000541
0.95597529
1.11475887
0.70448447
-1.19520977
1.39280709
0.63473689
-0.48493036
-0.30520434
-0.24309289
-0.20673356
1.83526647
3.55792838
-0.20685406
2.97870691
1.63809576
2.44821915
1.60863080
1.74753411
0.07911688
0.53616920
1.53839254
0.30570274
1.50073697
1.72369273
0.80916723
2.62004989
0.47348216
0.80061071
2.01427697
0.88116989
1.67206935
1.35389657
0.06761649
1.84288458
-0.19599197
2.86540443
0.84973504
-0.22867099
2.25143169
1.00393015
1.91504915
0.64055570
