0.07926646
1.00387483
1.29033193
1.11601710
2.34771132
2.59887683
1.67923362
0.39903894
0.51004050
2.01475972
-0.46745918
0.64425977
0.31774046
0.24231579
1.81020384
2.21869866
3.52075819
2.41953192
-0.30048171
-1.16140611
-0.33187474
0.73201046
0.59053507
1.23936393
-0.23093270
1.49143357
1.94107923
2.64255072
-1.22509317
1.20841869
0.47690618
1.16562213
0.55001665
0.72368265
0.32531874
1.75067813
2.95036440
0.95833937
2.95395038
2.04351600
0.40157360
0.32821915
2.61246718
2.65921965
-0.40293981
1.45376436
0.08057897
0.20503616
2.23829770
-0.05985372
3.56884663
2.59695549
1.03221933
0.28809633
0.19092181
2.42877197
0.95317680
-0.26037051
0.29056945
0.77968040
2.05768086
0.00424366
1.07416467
0.50455686
-0.54353958
0.69212130
0.42955731
1.32596131
2.77633472
1.88664628
-0.53895812
1.23668484
2.04699973
-0.39994163
1.13458603
3.07639059
1.44729952
0.64277825
0.04493559
1.30230388
-1.23688901
0.97844838
1.49362322
1.23991148
-0.20223774
0.83244638
1.76017055
1.20124528
2.01693019
0.60179400
0.20287257
1.62715020
2.08794701
1.44995293
-1.33801535
1.55463067
0.19759282
2.90277411
0.76773144
0.11965163
