0.11807383
0.09011018
0.36613865
3.25218996
1.61812069
0.97068282
1.14009802
1.27318024
0.66077001
-0.23477763
2.03909248
0.10449363
0.86925907
1.13456270
1.02307621
0.68812089
0.72452078
0.42508081
0.71472482
1.42571875
-0.26597866
2.25163800
0.97865287
3.42136277
0.73555323
1.20608921
0.63543979
2.53017696
3.50611662
0.47983441
0.23000452
1.10513972
0.78285883
0.15392785
2.27417813
-0.19790409
1.29479384
0.24601364
0.64642584
0.91855557
0.65781725
1.06708640
0.65043409
1.32564862
0.62378927
0.93100589
-0.66376355
1.26220188
1.51408321
2.05635290
0.24588627
1.33349587
1.18870861
-0.02371882
2.19484744
0.43660133
-0.47070745
1.66028829
3.29877522
1.55386575
1.65008904
0.27387684
-1.10215287
0.93332764
-0.01584673
1.82350976
0.99344982
1.19609552
0.13368925
0.07788709
-0.01366987
-0.04861021
1.54904217
0.88869830
1.22903857
0.24536681
-0.14521275
1.74387430
1.06829099
1.28448718
-1.06473160
1.99891582
1.03958223
2.46043393
1.15877834
1.88020377
0.26892486
1.37301467
-0.54968423
0.42877916
-0.34032311
0.95426164
0.96096394
1.09483172
-0.52582890
0.34472314
0.87192307
0.11846004
0.09728270
0.36692656
