-0.14871085
0.80838928
0.35296345
0.52191456
2.56645674
0.53864256
1.50315558
3.30860577
1.39417099
0.63672576
0.72618616
1.86595479
0.98238863
0.47006803
0.40717637
1.49617760
0.32023271
0.59870767
0.65609812
1.84744921
0.72031153
2.23385866
0.46245549
0.61790390
2.51661681
0.53056368
-0.56020891
0.95113379
0.69826071
0.76527058
1.92003446
0.94521297
1.04901911
1.60425242
2.25987111
1.55731980
2.17778794
0.92182724
1.86933370
2.14404175
0.47090391
1.38584431
2.15163530
1.80218123
0.72914842
-0.74383702
2.05471495
0.28128237
-0.46630262
-0.29314492
1.05958222
2.60480769
0.59315162
0.36378875
0.48252996
2.16439799
0.39860126
0.85458366
-0.56977143
0.71976777
1.69744422
0.41967212
0.74535564
1.24313247
0.44022664
0.06677185
0.32840677
0.30570482
-0.22965341
1.50198945
3.01343787
0.44755251
2.05926857
-1.44623927
0.36835943
2.31528165
1.19195742
1.10919462
0.98574168
3.06744644
1.71287818
0.23136948
1.02428380
0.71448955
2.66621536
0.96712359
0.99382759
0.84259975
1.00678953
1.67514435
0.74505316
2.96316525
-0.06795143
2.17340451
0.29406926
0.42283335
0.91133800
0.97698107
1.50840313
1.39833008
