-0.62336236
0.10820674
1.43158193
1.37852893
1.05483823
-0.06187359
1.46280066
1.93618642
-0.19644658
1.91723907
-0.52447117
-0.13781849
2.51715314
0.67115050
1.87009486
1.72335300
1.03550859
0.71357406
-0.25203354
0.73731490
-0.53838918
1.50939639
1.07362027
-0.12596758
-1.03550069
-0.05279270
-1.01351208
3.29509630
-1.71516070
1.00407363
1.62740739
-0.10123200
1.13288671
0.69722361
0.85309497
0.53404122
1.46183447
0.75814026
3.94269423
2.02911857
2.66932299
1.44291278
1.83553681
-0.41066125
-0.94251012
0.33919247
1.51282745
0.69728384
0.38675369
1.52946100
1.49043171
1.05564181
2.67331275
1.13436376
-0.12112770
-0.04629321
1.33674510
-0.33942629
2.05690133
3.24756192
1.87584874
2.67610592
-0.48675718
-0.26689659
2.52815680
1.71124975
0.42838275
1.68417543
4.06419208
1.08530651
-0.65298556
1.25526862
0.72274112
1.25462968
0.27491495
1.30903042
1.75601534
1.06301211
1.64755492
0.14111985
-0.34967311
2.41266922
-0.13019432
0.81494468
1.70353179
1.19962110
1.08704450
2.04380729
2.16652836
-0.29795261
1.18239310
3.36694288
2.21170578
-0.60472331
2.65662733
1.96721482
2.14395396
2.98937650
1.52653654
-1.43001023
