0.93115052
1.05759834
2.09657242
3.84471587
1.14439419
0.51190276
-0.72984641
1.58394586
0.61737411
1.31236644
0.92172388
-0.19598706
0.00102992
2.90658383
0.86641888
-0.48546806
0.48126529
2.39584639
2.02478949
0.93541836
0.52413157
2.41577234
0.80134334
-0.17813841
0.00581368
1.76375498
2.31780214
0.99532711
2.23931756
0.88353741
2.23670411
-0.27756185
1.82155303
-0.81748315
2.20134288
0.30971292
1.47272823
2.79563462
1.83947961
0.09706519
0.12288853
0.73327352
2.31144759
1.22663607
0.02618679
0.86501304
2.99528220
1.32668621
1.96455958
1.51302871
1.48390158
0.52145114
-0.40462414
0.53941995
0.99154649
1.83216933
2.28796704
1.05065458
1.04823491
0.24306510
2.00987394
0.73888195
0.79275837
0.35063261
-0.53811209
1.06613978
2.24437083
-1.13447748
1.03585236
0.91298133
0.77073731
0.60571731
0.66602910
2.56149408
1.73297238
3.22456682
0.46041263
0.06295559
1.24153140
1.25812100
-0.71511019
1.08097575
1.66610299
1.25216328
-0.63741257
0.12146576
-0.79578902
2.26645878
1.89846284
2.14920937
-0.04811502
0.92374344
1.24081691
1.20513794
0.94945188
2.22404849
0.19565850
1.73906042
0.26571489
1.68452717
