1.39456823
0.33273058
2.26367031
-1.88288883
0.91180880
-0.55006695
0.88123992
0.41681418
1.50235222
0.53768563
1.26080377
0.84655738
-0.11191526
2.54382442
1.36003381
0.03802385
-0.09984731
1.44240524
0.01162553
1.03903545
3.57892907
0.38706596
1.37993612
-0.80939402
1.47464368
1.12366473
0.08922306
1.73748466
0.58056564
0.02045090
0.53798609
-0.14946873
2.07482505
1.68165546
-0.22195195
1.73487102
0.47623941
0.61409808
1.08463686
1.61320784
1.09483839
-0.00352120
2.20493430
-0.68158680
2.40360994
-0.52037489
-0.06454180
0.21120299
0.36335376
3.33730405
0.72029193
0.90009592
0.18464321
1.18409874
3.69165248
0.49181009
1.25165825
-0.14160341
1.26413204
1.03042230
0.87882090
0.68391786
0.82557991
1.64662964
0.78226109
1.80418390
1.65930241
1.02710499
0.07854241
1.52008109
0.66706917
0.85176817
1.46058388
1.01426459
2.06726860
3.94027370
1.14412566
2.14769809
3.03089338
0.22321201
-1.50436312
1.20346556
0.58507731
1.45667138
1.03933645
0.98670905
1.62365206
-0.76979306
2.99993095
1.37984642
0.96499276
0.78535889
0.38853910
-0.23134483
-0.32175945
1.18259884
3.17276573
0.19322900
0.82891965
0.86668362
