-0.20389756
3.26483063
0.61544003
0.90091225
1.15653808
1.52115169
0.80196870
1.40366274
-0.92058251
1.49665006
2.15829382
0.29379956
1.98235945
1.75685366
0.63348759
2.36519481
2.04908325
2.58382835
1.80803650
0.13961383
0.76130109
2.31544132
1.62329269
0.28767808
-0.62994706
0.59627237
-1.18364223
1.62658488
1.04051934
0.81819600
-0.48271229
0.30203938
1.99351142
2.15666759
1.12815765
1.13435073
-0.45746205
2.08874292
0.38685103
1.05156601
0.66565296
0.81345513
2.03705409
0.57365446
0.71840469
-0.09194019
-0.29753758
1.07568056
-1.34642947
0.25783418
1.41494818
1.90937447
0.86206796
0.73069185
1.27950745
0.83141553
1.27630143
1.97451441
1.84944747
2.06439594
1.12889072
-0.53758862
1.68637225
1.78861491
0.98418088
2.85946815
1.81387078
1.50025278
1.45414136
1.36731286
1.30647724
1.20373263
2.52239151
0.37643145
0.31344521
1.54437851
1.07746707
0.12277678
1.50215921
1.21932657
1.00126535
1.01199381
1.60495092
0.29973936
0.23771393
1.67839193
1.42281132
1.00935895
2.54287871
0.69368181
0.09341733
1.31058652
-0.08933454
-0.04418994
2.39185486
1.78417790
2.05904222
-0.91243597
1.14156319
1.33190556
