2.52350839
1.70934987
0.67151870
0.18651639
1.00974765
1.17706947
0.61520627
0.53286363
0.52000625
1.57058615
1.53328069
1.27455060
1.82454868
1.32694346
1.52706973
1.96540248
1.10738264
1.47137684
1.37898033
0.37791982
3.34537154
-0.63863714
1.97922741
-0.42328849
0.47490728
2.10602587
2.86284856
0.60128528
1.06805354
1.85876228
0.67476584
0.51261370
1.41717289
2.14785618
0.81361941
0.89940922
0.99040822
0.33961044
2.93131827
3.01157992
0.13552263
1.02698522
1.71656450
1.11925291
1.22343054
-1.38732591
1.28954897
1.04996661
0.26266581
1.19620595
2.03648944
0.79804696
1.78703516
1.00545466
-0.54509850
1.30789982
-1.22794666
1.80466495
1.36853001
1.06343482
0.23684593
1.18603971
-1.30481191
0.39339909
1.55088588
1.70428445
0.88487163
0.80868595
1.92493992
2.18804838
2.06304856
1.74155785
0.54651447
0.81184592
1.00290643
0.32766359
0.44639698
0.50407191
0.98075062
-0.90039208
1.76057928
2.77947769
0.14170226
0.77574125
-0.56910817
1.14035244
0.76185104
0.19787118
0.10512804
1.68268548
1.25577175
2.09179944
-0.89863245
1.71671494
1.41423805
1.92926006
1.82922129
1.95495336
-0.59118974
0.65919147
