-0.35290651
0.71901499
1.37052755
-0.52664355
0.56970745
-0.02079920
0.76313838
0.80258059
2.02657277
0.98438603
-0.83627758
0.23096612
1.73963672
-0.02014189
1.82793814
-0.19179765
4.63913271
1.36614415
0.96017490
3.15881615
0.10136031
2.27856276
0.38030390
-0.20338553
1.46407099
0.80581405
0.44813003
2.07930482
1.65407643
2.48584603
1.05739101
0.18338129
0.00077424
0.59132621
0.01664768
0.14172809
1.93008606
1.19018141
2.59447422
1.32671484
1.68748056
0.51156667
1.00414556
1.65566739
-0.34648569
1.18755956
0.55956202
1.23682528
0.79540593
1.02970586
0.50042253
0.25018637
1.29434706
2.55538973
-0.02047449
0.95721412
2.95244959
1.12536907
2.27031057
1.79683035
1.00723799
0.49512527
-0.56065806
1.62530942
1.48337667
0.74749435
0.16055807
0.72075313
1.18727188
0.69326056
0.68489653
3.74233998
1.77457143
0.51736465
0.97361375
2.13745704
2.15176625
0.49034082
-0.07904378
0.63238082
0.73507507
0.53901770
1.13565120
-0.11178687
2.86884905
1.09491038
0.84019632
2.28065325
2.06112721
1.84434262
4.18343489
0.95311036
2.12579273
0.57495447
1.80328475
1.66689635
1.78518467
2.98678872
0.40429419
0.34653142
