-1.09450243
-0.25884103
1.74589839
1.35529850
0.38289730
0.89647345
1.64897692
1.69850774
0.71006101
2.27098673
1.31931467
1.00958151
0.56857617
1.39181111
0.59730264
2.95747674
2.20576054
0.02796495
0.71535372
1.30603246
0.35260891
1.85838288
1.50861170
1.83555307
-0.36057138
2.23844980
1.63959264
1.16310673
0.55800992
1.05922763
-0.70336373
2.77745323
1.52647895
1.25743278
1.78180615
2.04066574
1.58187331
1.62478404
0.86198075
1.39579032
2.11775301
-0.11549500
-0.16995705
3.34533681
-1.04403819
0.28964761
2.44707338
0.71521334
0.08680503
-2.48218968
0.90553355
1.22352142
-0.24402827
1.94279844
1.21032378
0.80396041
0.82352321
0.51023939
-0.03155034
-0.18853893
0.89026623
0.09150194
-2.05711154
1.91455468
1.36222833
1.00782816
0.78116855
0.08115300
1.43783859
-0.18635984
2.66164692
1.80902644
0.97915903
0.32668270
1.46784433
-0.52336088
0.79609116
2.11339583
-0.12674606
1.00453081
0.60768705
0.66340369
2.58627896
0.77069229
-0.80932137
-0.77334039
1.02187784
2.73585747
2.08611733
2.21252053
-0.05326791
-0.26435469
2.48690577
1.93338391
1.11112846
3.13576005
3.40622781
1.72273700
0.86656271
2.01333347
