1.38304901
0.86686195
0.61582075
0.58250341
1.24491948
1.03218236
0.13580990
2.56731648
1.98077237
-0.03817028
1.16485031
1.67460872
1.28238431
2.37637831
-0.96605306
1.20241599
0.94856413
1.86789516
2.50666158
0.47782635
-1.00697041
0.08802397
2.42974379
0.93224084
0.70968747
0.94749009
0.83043735
0.89138282
1.35095354
1.63679227
0.73836255
2.40923220
0.76623825
-0.80432294
1.69012340
-0.15977364
-0.02310604
0.38705510
0.93265431
-0.02311427
0.68984864
1.42668033
2.15119288
-0.22980026
-0.70474012
2.48154276
2.36090283
2.70712585
2.24174592
1.49474950
2.10171104
1.14320923
1.38892496
2.27301013
0.54154628
1.12164498
1.92936333
2.16236338
-0.53383316
2.08518525
0.68184389
-0.13416178
2.31519674
0.74656336
-0.27039244
1.36844591
2.47121371
0.41942968
1.64975532
1.39718527
1.84712095
0.02650017
0.74016078
0.58692033
2.63259179
0.66836384
0.08239628
-0.02686338
1.27119297
-0.08512736
-1.17986831
3.29302455
1.61598949
0.59691841
1.51017030
1.58240585
1.09201150
-0.44787040
0.49591256
-0.00217855
0.80673318
0.96046871
0.70514643
2.21580644
0.67492688
2.43390696
0.88810295
2.19965452
-0.11810605
2.56104044
