2.30441399
0.06246022
-0.06943499
1.58872859
1.72604746
0.40169798
0.91740159
2.44346165
3.66846500
1.46235685
0.29711028
2.00364528
-0.07256876
2.24632173
-0.32340144
-0.56110059
0.39288872
-0.37412156
2.91073058
0.91616906
1.04087846
1.62508542
0.52650049
0.92254957
0.32489830
1.03335150
1.71847401
0.07369846
0.19533208
0.95190436
1.14984202
1.37499269
1.44630699
2.72663622
2.07275164
1.22416252
0.39735150
-1.19226027
1.16333171
0.72479274
0.47746884
2.09310784
2.55363382
0.07080334
0.60428877
2.76074939
1.46912253
0.65311996
-0.60976024
2.69713023
0.23096752
1.01565296
2.03819458
0.78502038
0.06057773
-2.13003701
-1.31776096
0.56158686
0.33667394
-0.13310018
1.38952735
1.06952722
0.69859733
1.35067947
1.75867597
1.01914425
1.88125104
1.02610069
2.86414570
0.93274770
1.98948292
1.15713488
0.31245703
-0.39891548
0.93531415
0.34673354
1.66347833
1.07489028
0.90604296
0.00033447
-0.57111564
0.94490543
1.25056110
2.25341639
1.28640902
0.42171103
1.91225669
1.44962015
0.93893250
1.53350293
1.23824961
-1.37492068
1.85168928
0.21286773
1.56458213
1.16557535
1.13306336
-1.53485443
0.62114351
1.94879344
