-1.32619234
1.45256200
2.45168857
0.46271025
0.87622553
2.62723679
1.25732779
2.69231435
1.40170277
0.41348676
0.80293334
-0.78381915
0.74503268
1.07561927
1.03131115
1.99025825
0.00807975
1.93061575
1.10970162
2.01070925
2.64667348
1.76574017
0.98753942
1.82956107
0.19064301
3.02221497
0.10043804
1.71855813
0.50185236
0.28836397
0.82599067
2.17047359
1.65842362
-0.00720719
1.22332471
-0.36223191
0.39976436
-0.50927981
0.57330926
2.82711128
0.29942571
2.35145707
2.25887343
1.02942566
0.76360208
2.89970485
2.49764995
0.55791967
0.77709180
0.86762681
-1.16746148
-2.14085706
0.62753181
2.10243486
0.62951776
-0.01595295
2.14767144
-0.49151650
-0.12381994
0.33595284
-0.30456682
0.75768085
0.87429290
0.00140694
2.85494718
-0.18335896
0.61233311
0.32294784
-0.19595119
0.46594795
1.84724224
-0.10884675
0.10243068
-0.32536110
1.36081723
-0.27729850
0.83520103
1.10116720
0.22928307
0.20024780
-1.12056419
0.40398920
-0.11383463
1.67889602
-2.12025027
2.47267993
1.33573327
0.24919354
0.66191888
0.96225551
-0.09378033
2.64182271
0.76361218
2.95237286
1.63616594
0.61493831
-0.50591897
-0.49748621
1.13685877
1.23782643
