-0.70183826
1.28488474
0.57095658
-0.15374071
3.06385516
1.51210071
0.65909815
0.82204597
0.83921728
1.94574801
1.08031222
0.09815636
0.13870681
-0.12247253
-0.66926574
0.84688048
1.26411541
1.54989444
-0.28480190
0.48901310
2.27628202
-0.35889226
1.44558202
0.21820767
-0.43499134
0.99868626
0.36055349
0.45099428
2.40105470
0.30885511
3.07508015
1.00449774
1.16355011
-0.45555933
2.64005552
-0.23138612
1.07420724
0.40884396
2.55040489
2.14499192
1.20687236
1.03839061
1.58539697
2.66338257
1.89065048
1.59442417
-0.20683134
2.28637209
0.30760288
-0.05442628
0.34251321
0.26683480
0.71421778
2.26986857
1.16131408
1.27231706
-0.49045880
0.97564230
1.76751396
1.10630819
1.84879149
1.04530797
0.98186167
1.99001305
2.09558768
0.41669755
2.00455557
0.07542933
0.61207595
1.26021973
1.67061823
1.65262640
2.27144178
-0.22790907
0.65027509
2.52687692
0.92948911
-0.87337477
0.22578924
-1.15181185
2.06867173
-0.71143725
1.37642315
-1.24104641
1.40674830
1.45055240
0.94630117
0.67152420
1.62662424
0.46849633
0.02663597
-1.59427687
1.20632106
1.77102148
-1.74171486
0.51464586
1.85420122
1.83632622
-0.88912633
0.86652348
