0.29346464
-0.17831843
0.21524278
1.49407225
1.82430715
0.69142300
1.62513006
1.33290180
2.84408754
0.66743318
0.27612029
1.01620257
-0.12164101
1.26524893
2.73582485
-1.97780924
0.83163201
0.75837012
-1.12430589
0.62272792
-0.88175921
1.53699827
1.55287747
2.12881565
0.95477188
2.63536123
3.59180056
-0.56552689
1.41540255
-0.34365139
-0.79097932
-0.24416590
1.34233701
2.67596088
0.76005216
1.67373110
0.45102043
3.16893411
1.50250649
1.52613453
1.66890265
1.27864127
0.92823753
2.48766495
3.81143299
3.25926265
-0.42819713
2.16274982
1.85428591
-0.33753902
0.58220721
1.75014063
1.72147451
1.91565832
0.02897512
0.79468296
-0.35825403
-1.52494810
-0.16622857
-1.18620250
1.09228000
0.67496875
-0.16093796
0.03227730
-0.87543863
1.13545167
3.16627640
1.54053952
1.18925326
2.45914093
1.10389887
0.47071828
-0.66794055
1.57769884
-1.59087210
-1.52102198
1.13220175
1.41964435
2.21329900
-1.05832549
-0.25744142
2.65822728
1.90855162
0.38766757
1.53030861
2.18094283
0.96650237
2.59011295
2.94368893
0.86712221
2.49772965
2.45085295
0.85781795
1.38728681
0.46238962
0.08686836
1.35444506
0.39934576
-0.20347613
0.26238771
