1.14284622
1.29113182
2.41888264
2.03951010
1.29933092
0.36850847
2.67873461
1.78022680
1.65340165
1.06118044
2.98647395
0.43365142
0.25663606
1.53149303
1.13903370
1.15763925
1.85477623
2.50073660
1.50409103
1.77677461
0.88796545
1.43815097
-1.64844828
-0.16719336
2.74715050
0.83121824
-2.30291890
0.01413971
2.29338062
1.73975689
1.30791024
1.41376233
0.22464798
1.84404739
-0.01697029
-1.36469215
2.18658613
0.88443833
1.78990875
0.73614066
-0.11129218
0.58733717
0.93192660
-0.30741097
1.80371753
0.28622582
0.18945482
-0.03674559
2.35434557
1.38336062
0.04801849
0.76679980
-1.04211703
1.07977766
1.15387622
-0.89957614
0.46073891
-0.18146272
1.40847229
1.23108655
0.56631049
1.39547123
-0.28581290
1.20413432
4.35767251
0.70867638
0.81017295
1.90443494
1.01328668
0.06781102
2.08458437
0.96940881
1.10460297
1.47767541
0.97138200
-0.00228413
1.88209848
1.44387983
-0.51878429
2.14850885
-0.09586688
2.61522602
0.25466522
0.52661414
1.93429742
2.02917592
-1.37236596
1.54038808
0.74560262
1.12399517
1.89099114
0.73097780
0.71519381
1.66367718
2.20115779
1.95724888
0.64350649
2.50796485
0.99195288
0.77370037
