-0.59151601
1.91211104
0.99693915
1.21815554
1.75785274
2.07035690
1.41809353
2.83833975
0.84547719
0.75665194
1.31983140
2.01118923
-0.45233066
1.90928924
1.98105359
1.90010735
0.36514371
1.92619682
2.98787236
1.18628667
0.73863444
1.43704504
-0.45977648
2.66248155
1.81272849
1.35050306
3.01878149
2.84885135
-0.34639124
0.66854274
1.27854826
0.76245634
1.09773513
2.12579979
1.24488116
1.39337153
1.95877568
2.24768671
2.43203504
0.33893642
1.27075867
-0.08975147
2.27116704
-0.52835795
-0.16218852
1.30385608
-0.32106353
0.03790476
1.54751710
0.39063806
0.38670850
0.11670886
0.44356906
0.69977281
-0.00926606
1.30775109
1.78897472
-0.82179464
0.77837078
1.07317559
1.68059189
1.54804793
0.55240819
0.68116467
-0.73411774
0.34095728
-0.33121343
1.23096932
1.53161444
0.57115600
0.27658399
1.47087816
0.91826136
0.73465215
-0.67875658
2.08071456
2.45670266
0.46679228
0.61695006
3.01543462
2.32581939
2.01926896
1.45712633
-0.56363051
1.14351796
1.71793390
2.08728875
1.55511801
0.49238844
1.30762288
0.87747181
0.81664153
2.16668585
-0.08192654
1.00687530
-0.01378572
-0.06915073
1.72097508
0.59631636
0.58725870
