-0.28391120
3.07093082
0.46018844
-1.96604200
0.69476289
2.06565792
1.49737668
0.54347899
1.15357733
1.25073565
0.94636535
1.15932834
0.43211957
-0.06294436
1.82480591
2.22490229
1.61829146
0.73933144
0.81801013
1.54979635
3.03567027
0.69021777
1.39396143
-0.48250572
1.31522810
0.25836795
-0.54705938
-0.44194465
0.55576889
0.90638861
-0.74612162
0.43678892
1.59504866
2.16208842
0.03774402
2.24301054
1.38987149
1.24734533
0.57524472
-0.83407898
0.09139051
1.17876854
1.92831724
-0.02765749
0.60302702
2.03986878
0.20416018
-0.58616995
-1.20059838
3.88792269
-0.96647032
0.95344411
0.73718116
0.58456467
-0.23377277
0.03501404
0.50444827
1.68910270
-0.38420903
1.85571803
1.13175911
0.94078972
1.28104117
-1.67915664
1.50159562
1.14345343
1.26405208
0.02695553
-0.85435443
-0.02124741
1.38813372
1.46529726
0.57735477
0.88364046
2.58307515
1.20198625
0.87308624
1.54574589
1.40074156
1.74129036
0.45137210
1.10046747
-1.09806183
0.13659797
-0.23210621
0.52805182
0.72800181
2.18036127
1.68003665
0.39476151
2.13134593
1.09990827
1.78236106
1.25802401
2.01062455
1.64561053
1.04209079
0.94299775
0.52786825
0.40539852
