2.43743114
2.02973226
1.45898392
0.67692190
2.53798023
0.65348738
0.89938454
2.77607972
1.04040844
0.12174917
1.06326648
3.22919160
0.00215371
2.03430143
0.78241331
1.06841030
0.04524537
0.67542326
2.15928342
0.51633488
1.59431033
1.78895841
-0.34592453
2.09735243
2.11002464
1.34018274
0.80401568
2.19124405
1.36146584
0.73664484
1.38094760
0.06239212
0.77676158
1.27858542
1.14163286
1.83459005
2.04915531
1.89381242
2.04338824
0.12843852
1.45076448
-0.06543328
2.28707427
1.01845552
2.43060100
1.35324683
0.58488293
1.07252305
2.96621170
1.11208156
1.64339102
0.27512064
-0.23462730
0.90136096
1.36319944
1.43411072
0.24145935
1.07846029
1.41023273
0.52748250
1.50436083
-0.48284148
1.18021128
1.48011465
-0.21811271
-1.23392312
2.06110834
0.36119822
0.52940620
1.82324565
2.02825538
0.36416591
0.24441227
0.57755642
2.76289948
2.54829879
2.11158288
0.13482976
0.57189783
1.88003001
0.83462993
0.72927046
0.21756167
1.08785601
0.04196265
0.17357987
0.57663284
-0.11495938
-0.51288887
0.85829718
2.20835654
0.39198773
1.73562697
2.27569676
0.52860981
2.42289828
-0.95834324
1.25200580
2.07317271
2.52707845
