1.67561598
-0.01552963
1.09228584
1.80512903
0.25043704
-1.69339955
1.63987734
1.82787940
0.52567078
1.11614508
0.65147311
1.82883158
1.41905576
0.88383921
2.10835214
0.89002630
0.09376589
0.71470142
1.37281715
-1.00767736
0.57471301
3.13358066
3.53067084
-0.79020002
1.13932232
3.37583066
0.33259932
0.84276862
1.03994948
0.93272610
2.01974032
-0.10482975
1.25362709
1.68904197
0.36288087
-0.24290930
3.43883667
0.76732953
-0.45073752
0.91575112
1.46304804
0.95415484
0.15428470
-0.68692923
1.49782600
1.32190883
1.71970298
1.90067783
3.43728386
0.26538534
-0.86617979
0.13193156
1.18258638
0.33287905
1.51728644
-1.17245879
2.74788532
1.50848476
-0.40061159
3.10425415
0.80659909
1.08018871
2.25498159
3.10724721
2.82257143
2.38514721
0.03975932
2.05697503
0.25532926
1.94105857
2.95946578
1.00058992
0.61238974
1.63575519
0.18929491
-0.19430253
2.09909964
0.05083800
0.79294743
1.16804614
0.08076359
1.75656549
-0.27177759
0.59106009
1.28610061
-0.16013015
-0.63658037
2.50826408
1.81327891
1.28245988
1.70666168
1.29611883
1.85099229
1.61442309
1.00677467
-0.66219386
2.08717090
2.38108908
1.13918925
1.12993678
