-0.69989450
-0.47064127
-0.79727506
0.08753338
-0.13893446
-0.49909514
1.70628968
0.36101967
-0.05927259
1.79919813
1.23623871
1.58622618
-0.07071222
-0.41385173
1.46126967
0.92607771
2.25862282
0.91840479
2.13467106
1.57897894
1.20976063
0.42799727
1.08920826
0.79179358
1.06161816
0.89477669
1.44819402
1.08261758
0.64743672
-0.15379526
0.57114165
-0.66638372
1.63221890
0.18621740
-0.31806655
0.12464370
0.92649352
-0.83377258
0.56210478
1.56654731
0.48257453
0.65556464
2.02308443
0.38519946
1.25111553
0.57473966
1.04272805
-0.04063134
1.68576329
2.53929281
0.12708177
1.11155319
1.73221592
1.90456566
1.44174037
1.58199056
-0.21555662
0.76933914
2.11793262
1.97683712
1.31025808
1.01808796
1.35331959
-0.19767561
1.02688453
1.23532001
0.75599835
2.53701625
0.73646698
-0.77549731
1.90603902
1.05605363
1.53820079
-0.72029285
0.22445659
1.96770146
1.23835907
-0.48299130
0.89464898
1.60093609
2.26076418
2.29123626
0.61295364
0.93963482
-0.05256100
0.64915074
1.90955024
2.58808193
1.08618004
1.94911641
0.73412142
0.82602365
-0.08204315
-2.14638439
1.48333402
-0.63439962
-0.26897503
2.35176118
-0.11511073
2.17778666
