1.16069021
1.15718555
-0.02365623
-0.52615832
-0.08487030
-1.31470000
1.22331934
0.59758559
1.60983429
2.85941339
1.41358333
0.65077774
1.07916576
0.42131999
1.06880335
0.90709212
1.20095976
0.54381741
0.03085585
1.49937409
0.18113228
1.03866756
1.39437894
1.52913901
3.13172575
2.25442486
3.13741070
0.62468289
1.29858920
0.76749208
1.18085319
0.67706296
1.25307929
0.52525231
2.87207282
1.04179789
1.97732994
0.84694281
1.49832311
1.36678122
0.72148185
1.72440796
0.48392856
1.71418922
1.32858786
0.50126505
1.55791278
2.25829760
1.10754836
-0.14927452
1.14829918
1.45474523
-0.31292704
1.16441722
1.94433180
2.74092506
-1.08333674
0.23123432
1.54277795
3.08405824
1.61351062
-0.10683360
0.12525962
-0.13630593
-0.73810493
1.71739603
1.19688130
1.52329922
1.28974272
1.19540329
-1.41051157
1.13287772
1.15010215
0.87810735
1.58348328
0.92097631
1.29223556
2.62016554
1.55211614
1.49860510
0.58523409
0.06192446
1.49340736
2.30140185
-1.76755641
2.55730018
-0.57854030
-0.29312257
1.13682930
1.65175283
-0.60759920
0.88531564
1.13192462
1.48923540
0.99751121
1.09040425
2.12740454
-0.07060005
1.69648687
2.04828453
