-0.01386390
1.23753691
2.51977146
2.07453283
2.07316300
0.91973615
0.86382780
0.76091419
2.78868577
1.21253054
2.38251262
3.56516342
1.65195188
-0.72392598
0.39217916
2.59609274
-0.32507390
0.29198392
-0.18693864
2.13838263
0.46904156
-0.47667085
0.58459654
1.10191797
0.88430174
0.39091046
0.11597918
1.10385795
1.52976370
0.64912142
1.36413335
1.88361765
1.25655938
2.43100954
-0.26125383
0.76975181
3.80965090
1.03743855
3.47490491
1.87758458
0.41926967
-1.22422828
-0.88392963
0.63102722
1.77004221
0.27920293
1.49853071
0.48987700
2.45781036
0.57364737
0.45275874
0.82651824
0.91771782
-0.15884892
1.31381895
0.69484963
-0.70024136
0.60578265
0.56048704
2.71636558
-0.22108431
0.45498862
1.36009420
2.79694715
0.82408615
1.96539456
1.48441557
-0.29099151
1.51215936
0.85864243
-0.51220638
1.18580294
0.84204585
1.36655147
-0.55247143
0.95106355
2.08317624
2.17660066
-1.54867505
2.88268094
1.74909024
1.22383947
3.27896183
2.02924343
1.13409382
2.28063342
0.14156069
-0.05276259
1.08123837
0.36825875
0.53750577
2.58883409
2.65156142
2.61021118
1.95954554
1.30744621
-0.11121513
0.57045825
0.70975725
-0.90979857
