0.70907443
2.12139592
0.41639431
0.25085019
1.79720875
-0.47700069
0.63222859
1.42629662
2.74077055
2.28698152
2.13980077
1.52789370
1.20513528
0.38898672
0.10672457
1.01593678
1.59748929
2.21430825
1.25755539
2.89911660
1.38080039
0.10025819
1.67027706
-0.76119755
2.33880958
1.17508123
0.87502747
0.41263672
1.45627854
2.55811511
3.22106339
0.99558117
0.52402721
0.21060042
1.63621725
1.87616380
0.48039262
1.02378617
0.36130116
2.10694811
-1.15752526
1.19941303
1.70919586
-1.93470585
1.06467542
-0.27125850
0.65071379
0.47612105
-0.06565244
0.50418101
2.77751542
1.39821513
0.78337023
-0.00929381
-0.18390433
2.12949926
2.37526714
1.48954703
1.23088792
1.45014448
1.36461300
0.29530571
2.31308578
-0.30665918
3.34763522
1.71918705
0.69400199
1.14525731
1.48024249
-0.07478634
1.16304793
0.01440012
0.85050955
1.64778372
0.07560501
0.99504266
3.62737951
0.43604490
0.71447114
2.99227371
1.01024165
2.18554464
-0.26360142
1.93283796
-0.77049301
1.94794466
1.59913448
1.22898849
0.69565893
-0.39857063
-0.78120898
0.91979617
0.91066897
-0.56086334
1.23302004
2.26434942
1.68126127
1.17143790
2.00644987
0.11689862
