1.46771625
-0.93702902
2.07367821
-0.31053829
1.71082002
1.39283690
0.88820456
1.06868608
1.05970004
0.64860814
1.16956347
-0.53661563
0.99024987
2.13176608
0.71030114
0.85668166
1.46485379
-0.59516175
0.73087263
-0.77534293
0.81273590
0.96209275
2.54927430
2.28925951
2.24060986
0.17160265
-0.87740638
1.78734048
1.93404274
1.42319838
2.17840753
3.08623716
0.82276436
0.74974897
1.56947182
1.21659571
2.34469605
1.16408694
2.08232030
1.93847750
-1.13649943
-0.39542037
0.49103859
2.02444414
2.15743190
0.16229984
-0.43951135
-0.90002090
1.22781055
3.02022456
2.67296390
1.26571095
0.67688176
0.86123218
1.78512817
1.73775509
1.80317225
1.20913995
-0.64861244
1.64138137
0.97470597
1.80644279
0.71132020
1.88444057
1.14284257
1.86692220
0.52538292
0.33055839
3.76496649
1.75420203
0.24584711
0.90549421
0.82292922
2.34611467
0.51437816
1.79525401
-0.72974995
0.56810731
0.49241396
0.71143613
0.63208450
-0.61629241
0.57819460
1.75967858
1.05553538
0.62194096
-0.65634525
1.41547653
1.74164273
1.25142610
0.98334949
0.10235272
2.12368396
1.67369876
1.10106741
1.07707411
1.90052857
0.89858033
0.88295138
-0.37068882
