2.39760500
2.31885396
2.70980301
1.97080353
-0.19184881
-0.33855521
0.93715202
0.44097509
0.21114496
0.95814552
1.32083376
-0.09282846
0.37400475
0.93241166
0.39561638
-0.45947528
0.39144146
1.85755333
1.16608784
2.63257923
0.42833216
1.07420893
-0.33019661
1.44659361
1.69124853
0.72330149
0.65205440
0.32564458
2.30651375
1.96496443
0.55741154
-0.66089410
0.52756792
0.97089227
0.64318511
-0.02732875
2.17645185
0.86694501
1.50691008
1.22784289
0.54712255
0.43932455
0.54975524
1.02364877
1.66702845
1.00725265
2.63751961
0.60968256
1.38563128
0.49217619
0.43307921
0.66765124
0.66102284
0.20753499
1.78854279
1.10123469
-0.17119512
-1.13124729
2.65009262
2.10169004
0.98266591
3.65668470
0.24833213
1.62535442
2.35502209
-0.64888933
0.26533320
-0.83221058
0.43910559
2.11160085
0.08098095
0.12889754
-0.03139267
1.00519537
0.68044907
0.65508440
-0.38308702
0.41268739
-0.13121234
1.51178917
1.47822834
0.96963050
0.71951668
1.06840730
0.80397988
1.58666758
0.49405577
0.26220024
1.60477987
0.84489139
-0.12370711
1.95163026
1.93411818
0.11857831
0.14888910
0.77357529
3.06840258
0.42866467
1.91548454
0.57607202
