-0.15961321
1.12735030
0.52338395
1.47551691
2.01961542
-1.13150692
2.90541224
0.69079506
0.88562042
1.00361839
-0.08639546
0.99858895
3.29161734
1.31241789
0.02922969
0.81928090
-0.59126323
0.38888845
-0.13785858
0.98705259
0.35209621
0.27696190
1.63398600
1.00486054
1.22513794
0.72948013
2.02250898
1.88162637
0.05675027
1.22065640
1.17043184
-0.67494909
1.00139814
1.50029101
2.46298730
2.80522493
2.22931322
0.52384094
0.78743806
0.59232029
1.75727620
0.38002603
-0.38538385
-0.19425274
1.99273497
2.90896127
2.52713005
1.38558171
0.88571123
0.34764661
0.13683538
1.11984268
2.35153796
0.77694060
1.37716882
1.50262360
1.08766257
1.67546889
-0.02509961
1.57151420
0.12984021
-0.01400612
-0.19183533
2.29929804
1.85160949
1.95110137
0.03137604
0.79025998
1.95588424
0.06208638
2.32614061
1.94978987
1.62256380
3.05304403
1.05563585
1.01273605
0.78930879
1.07418166
0.03913821
2.68379001
-0.27652569
1.20594662
-0.57200359
1.68703999
0.36461127
1.51585089
2.07861908
0.80287369
1.39633835
2.32895311
1.79309071
1.24548157
2.05810773
3.94959643
3.07508863
0.44802582
0.78673190
1.09808137
0.34161386
0.24723960
