2.05031519
-0.22795613
1.55558633
0.81918912
2.53689069
1.89374418
-0.42828114
-0.24465369
-0.53333889
0.59444419
2.17718080
2.33483715
-0.06322419
0.18238185
-0.07127506
0.46153852
2.81479876
0.51338325
0.82301721
2.41156202
0.17643602
0.68949671
0.47313335
1.83142651
0.69323040
0.46572611
2.31217340
1.16365514
1.55322270
-0.70097312
3.10477637
1.97153351
2.12065116
-0.47356786
0.30391013
1.39395106
-0.09591338
0.16244924
1.84678544
1.05672255
-0.08000164
0.15367917
0.28888843
2.06088931
3.27835107
2.24821201
1.38945475
0.12385497
2.88424541
2.17558697
1.84332695
1.26867861
2.17693389
0.97659631
1.41635354
2.07951427
2.17968931
2.79902666
3.28977839
-0.33485740
1.18640262
-0.91454344
1.97747949
-1.04942049
-1.20716754
0.98818050
1.32240992
0.12789249
-0.09725626
0.66169133
-1.34865693
1.00376289
2.54447721
-0.39112623
0.68113257
0.99764144
1.35378594
0.85080103
1.82821814
0.43177241
-0.09316199
0.93559522
1.31778323
0.42389291
0.64450962
1.18720876
2.25347702
0.45518437
-0.48224880
2.10498154
-0.59249117
-0.53570791
2.68501934
1.91298125
0.62097598
0.67244398
0.60642731
1.48638809
0.26851707
1.94600499
