0.58066639
-0.35368409
0.85236143
-0.38199461
-0.18494262
1.53893031
0.27500728
0.94920065
1.37082653
1.51429591
0.58378848
1.82562162
0.88287406
-1.77285697
0.30521580
1.43443026
0.40713218
0.05741454
1.77909084
0.72121212
2.16598055
-0.05829545
0.97182671
0.88006891
0.97745861
-0.53378043
1.94565978
1.88871714
1.88766060
1.39515823
1.58655794
2.91627074
1.69657966
0.89880102
0.30067726
0.07644598
1.44130330
0.40180009
-0.17313844
0.91164169
1.52767356
3.16444410
-1.01847012
1.32697995
3.67719367
0.60087379
1.40040200
-0.66410704
2.94641491
0.88746357
1.24911726
1.62418088
0.58840219
0.34064492
1.15505503
-0.01008851
0.00862685
2.64679527
1.00366557
0.54115427
2.02752358
1.64669261
0.14393566
1.23895228
-0.62400141
2.86558672
-0.60741489
1.73197079
1.17064730
1.74747858
1.46451376
1.00445661
0.63735928
0.65995197
1.17425172
0.81313717
0.09203193
0.09915330
1.52671629
3.50432379
4.67412108
1.80518854
2.99975307
0.15397868
1.13655914
-1.20621080
0.51801867
-0.61369619
-0.02158283
1.10732182
1.90254857
0.27925883
2.15455958
0.17445165
0.90469256
0.57869209
1.71356162
1.67442873
-0.18530107
0.41434582
