0.63537027
0.09548263
0.94237799
0.44912624
1.35132644
0.71703512
0.41335807
1.15219313
2.78894076
1.80441644
1.74359497
0.27439134
1.21521346
1.28539274
0.78032268
-0.09798571
-0.13286638
1.88686280
-0.99780952
-0.42839523
0.16174860
-0.18346796
0.27368642
-1.35421910
0.05981581
0.27027406
0.36535924
0.86088150
-0.24412076
0.01727801
0.76184497
2.25742737
1.46316890
0.11734450
2.98772685
0.71997724
0.06685351
0.20002405
1.37102138
2.47651516
2.72311020
1.41421785
0.15196576
-1.55474162
2.27856188
1.16590738
0.33694798
0.56109833
0.43107106
1.16166172
2.34118424
2.91573955
1.84080360
0.68317814
1.72910498
1.04543674
1.92112857
1.51040724
-0.22474591
1.79810671
0.70209625
1.78452508
0.97394667
1.33917937
-0.07399100
0.73245068
1.91825525
0.75708175
-0.81728607
0.98729202
1.29358972
0.41511130
2.52524971
0.82500072
3.08825116
1.36058032
0.17001777
2.40068179
0.86129772
0.85884839
1.88170388
-0.37177326
-0.04799347
1.65024846
0.54908124
1.73713734
-0.19093690
0.12188002
0.19472482
2.29571676
0.90909308
0.94805463
1.42228448
0.50185804
0.80627098
-0.59222207
0.75487420
1.40847747
4.63505591
0.90788412
