1.53490046
1.10221037
1.41450843
2.27243636
1.88336524
0.33777864
1.20820293
1.54699409
-0.20301656
-0.18773153
0.92347946
2.03435469
2.88378903
1.67439861
0.90731688
2.03499905
1.46215797
1.74586835
1.06788308
0.97614888
1.25392605
1.78263079
0.82948591
-0.07490245
0.90838671
1.73822735
2.62466216
2.20088508
1.40811800
0.04310837
0.61778912
2.42624597
0.99639906
-0.12344834
1.54200837
2.35282500
1.70606775
-0.96508181
0.47929279
-0.37207899
0.49057820
2.75554872
2.50162727
-1.32465958
0.62961130
0.00462681
2.09539506
1.24267919
0.55091530
0.11331103
1.16460137
2.28761890
2.01024627
-0.07813442
0.88905585
1.26200234
0.63431260
0.92507175
-0.62262043
1.59047363
1.78855995
1.05308761
3.32216723
0.23411804
1.09249286
-0.39051092
0.24278412
-0.48812731
-0.02300197
0.54663150
1.20189951
1.69776545
1.55148892
0.61057116
-1.30360554
1.35137356
-0.28629692
1.47987982
0.58740912
0.80912625
2.84367891
1.69214745
1.00336763
1.23478331
1.08361780
2.20707887
0.91872920
0.62780246
1.93248431
1.26529028
1.59911834
1.38796099
1.43453765
1.43428916
0.99857620
1.52951546
1.40618417
2.25985716
-0.02838209
1.92320068
