1.54051188
1.37561972
2.74216339
2.00229097
0.82335974
0.76974314
1.83270491
-0.33837092
2.48749651
0.95629979
0.99020520
1.11713625
1.37665312
-0.11238166
1.98685156
0.55824379
1.11758946
0.43480260
2.33737889
1.77878339
-0.68003779
1.49606719
0.48518685
-1.40003568
1.16664672
0.46008121
2.43433672
1.92828544
2.23771753
-0.24621454
2.21677386
0.06586072
2.15083377
2.09237799
0.76270713
1.51993175
1.56564886
0.89214934
0.46459610
0.55311160
0.84245452
0.64633437
0.63624881
0.38625750
-0.18704641
0.61110581
-0.94616050
1.64042456
1.24871358
0.10541055
-0.00835311
1.70140287
2.52430341
0.37166442
0.84480868
0.22212431
0.09337186
1.31150565
0.53931303
1.87538498
-2.64717177
-0.54124846
0.85821727
1.56043470
1.13396041
0.42864720
1.96507463
-0.33716938
2.80320002
1.44553322
0.63810319
0.14818082
1.27353714
0.51980594
0.28747457
2.83688052
-0.90718284
3.09416381
0.85997307
-0.49219643
0.74953051
-0.32946220
1.65388446
3.35966591
1.13886442
-1.48183594
0.87739442
0.15552179
0.74228163
2.34665894
2.65227516
2.45501085
1.29667531
1.19758835
2.40936859
1.67248795
1.97716947
0.59720171
1.25619525
0.59013154
