0.94065570
-0.00063120
1.07230051
0.81848127
0.84235437
0.34296867
3.02292299
0.52835369
2.08801132
1.84721386
1.11265238
1.04979011
1.52997101
-0.00234797
1.14777817
0.33922758
-0.35709184
1.57747402
0.61359112
2.25176372
1.51626618
0.01038937
1.62033411
-0.31936196
0.32609399
0.68105294
1.13763228
-0.03648869
1.35974484
1.47177450
2.58013668
1.14359710
0.69162169
0.73906462
-2.43720960
1.99070482
1.36410082
-0.08196332
1.61653524
-0.02222201
2.57455434
1.56885285
0.98223102
2.91408028
0.53620739
0.85736315
1.42264687
2.48973785
-0.88358587
0.12035322
0.37959851
0.91903438
-0.43235027
-0.18944752
0.01848030
1.71550404
-0.37501933
1.33688926
0.89773812
2.42718129
0.00681459
1.57398180
1.68539427
0.46102515
0.03248606
1.76183299
0.16811122
0.11535571
0.10731513
0.94579198
1.06335410
-0.68151571
1.44850654
-0.48946573
0.58168922
-1.38689252
1.32715485
0.92684695
1.50794399
3.27341117
0.85991243
-0.94893586
1.57286851
0.81798021
0.47126995
0.75086840
-0.05840846
0.47569555
1.91555768
0.22306155
1.56344500
0.20354149
1.17769423
0.28829223
1.00361192
0.81449477
-0.56141583
0.49879002
-2.07408575
1.20992761
