1.33841407
0.41122665
2.43755528
1.34452319
2.44558849
1.73243230
-0.26666576
1.58669758
3.08273875
-0.38867415
1.47350946
0.10487357
2.38591429
0.54650542
2.41964342
-1.35862204
0.97419924
0.33850952
1.91070972
2.85091259
2.63005991
-0.06303023
1.92052629
1.12826382
0.61205036
1.61736959
1.33637034
1.39641168
1.59914677
2.23903095
0.30123514
2.31272378
1.19923965
2.02521779
2.17827699
2.47889715
2.19846293
3.18316917
2.36759133
1.65591355
0.93691584
0.29152288
4.20467441
3.15397742
0.30066952
0.31636830
2.31190740
1.20584317
-1.06663455
-1.63349942
-0.12121150
1.41733670
1.07553029
2.29950128
2.55889435
2.43230284
1.76283996
1.86478368
0.92424550
0.42319497
3.11306208
-1.31111419
1.66309781
1.69131109
1.74456780
0.09340485
1.29591119
2.06667748
0.43708114
0.92793239
0.43512806
1.08964932
3.90579511
1.72258405
1.87769431
0.55934995
0.65075994
-0.54034904
0.74593736
1.07943730
1.01673729
-0.30517580
0.85790382
-0.67473017
3.21687425
1.73550465
2.37972728
2.71870027
2.22079541
-0.82389215
1.06334140
1.10176512
0.64127925
1.08400113
1.67395222
0.37184392
1.13014253
0.76150320
2.67627543
1.33964686
