1.84037250
1.58375530
1.34211435
-0.46045492
0.60012313
1.80381115
2.53750792
1.04167339
0.40961772
-0.45846776
1.22863860
-0.04591293
2.33217875
0.16644584
2.36277140
1.93752171
-0.85286283
0.61976202
0.83329792
0.16905950
0.04730904
-0.58403298
0.84680399
1.17480243
2.31250561
1.18450561
3.64163621
1.23719630
0.05785130
2.64208683
1.30949591
1.12840399
0.43143015
0.52325340
0.15632165
0.99202514
2.36880468
1.02241184
1.37459006
1.09533358
1.09345159
-0.81488163
2.50173551
1.63294734
-0.27403315
0.38176320
-0.19688373
2.00142748
1.93845269
1.54009191
1.59883560
1.29027076
0.75304616
0.19400125
0.10726079
-0.62908409
1.55206426
1.21244786
0.50103825
-0.05235457
0.59694727
2.14694037
2.15597575
1.01987826
-0.29360723
-0.29328612
1.59403794
1.86919977
0.34583664
1.10858228
1.68179239
0.82432277
0.64814320
0.59920745
2.12261520
2.75510968
0.64464439
0.56483986
2.00983753
-0.04739512
0.40969081
2.22590495
1.83419619
-0.47223552
1.17207163
1.15691154
0.50661015
1.69795750
0.60046078
1.77933250
2.27915797
1.76289757
2.62776106
1.97290701
0.33089256
2.78107867
2.91615325
-0.03302693
0.24837713
0.77074280
