0.03451670
0.93038431
0.79783522
-0.43137908
0.79584165
1.36318597
1.44171726
0.58634923
0.82928237
0.32181508
1.68252204
0.18807038
-0.04592940
1.81025159
2.73416478
1.07783565
1.10984685
0.86034312
1.24644421
1.27942681
2.37336486
0.24014269
1.20685238
-1.49041384
2.68446228
1.78891695
1.95212884
1.48613048
0.54722039
1.74240287
2.45121331
-0.38688078
1.49988950
-0.10872339
1.93169142
1.24286645
1.68357982
1.95852930
1.39203462
2.14525836
2.28314713
1.64882949
0.74600389
-0.46181283
1.75245278
1.90493952
-0.18075057
0.55916999
1.53879611
0.71533793
1.93868453
1.70289812
1.09922835
1.08415999
1.11303228
1.28075566
0.28543479
1.60069638
2.46646832
2.69204303
1.36401924
0.00709440
1.69155829
1.44628355
1.12606190
0.60695730
1.75303891
0.26323668
0.86574762
1.20467817
0.60669415
-0.16197155
1.75601417
1.62284915
1.43210747
0.85643639
-0.48854014
2.26085853
0.99424767
0.73969109
-0.40385368
1.66236038
2.50306687
1.19434128
1.22022543
1.01586740
1.53034197
1.40932468
1.05436146
0.99789665
1.75875504
1.26973251
-0.13003768
4.23217993
3.32122578
-0.29516003
2.54134037
0.15414053
2.28298564
0.85868440
