0.44277933
-0.09598089
0.55038150
-0.89118946
1.57308200
0.22309148
0.49624975
1.86227746
2.18954214
1.75203853
1.94087123
1.32633048
0.98589032
3.06136564
-1.03179436
-0.25300382
0.37271141
1.98739064
1.78387803
0.14827510
-0.56355565
0.93494502
-0.09913068
0.30403407
1.80612166
-1.04295889
2.00790366
1.67001872
1.16152220
1.07421089
-0.54767475
0.62614270
0.97029494
0.35839791
0.74450446
0.08466945
0.80635592
1.00114875
-0.65409491
0.99164682
-0.00863281
0.81888590
0.54510196
0.14950267
-1.52041515
0.80195975
-0.60153113
0.30085422
0.38642656
1.44771807
2.66162056
1.16750882
1.62100783
0.59908674
-1.39113032
0.87660589
1.64668447
1.49746370
-0.16234524
0.85181386
2.02559567
2.86211883
2.18960745
1.42930370
0.00030060
0.11742728
0.66803316
3.34154102
0.82852898
0.61536121
2.27153013
1.41082809
2.29628570
0.57857317
-0.11066140
0.63705585
1.50821325
0.86596628
1.32294402
0.49839864
1.75567721
2.57472902
2.57154279
0.50879223
1.42470286
-0.51768994
1.48444044
0.23052350
0.06574907
0.21548996
0.70525781
0.99310622
0.59663743
0.69467392
-0.04079209
1.30399499
-0.02027553
2.03824036
1.61925352
1.90185487
