2.97597472
2.22014281
1.16325899
1.53618821
1.33811518
1.95129577
0.97551377
0.74932338
1.70625945
1.51854266
0.83581002
-1.44934708
1.30636910
1.56618143
0.73511873
-1.19350603
-1.23079822
0.97654065
1.13312044
1.76271171
0.81805118
1.11167687
2.04982829
-1.02485815
0.08506121
-0.17588589
1.28497299
0.93564976
0.43533869
0.81129825
2.37876319
-2.81602040
1.71330885
1.13941808
0.31186720
2.26797156
-0.30888058
0.88018547
1.36538932
0.36868280
2.00339715
0.75418412
1.60809471
-0.50768127
-0.01633670
1.29219155
-0.47024878
-0.61272764
2.01672750
2.08478932
0.27748107
-0.25731356
2.43258650
0.28847169
-0.76306481
3.64264782
0.91769043
2.33346595
2.33798128
0.12612964
2.28509463
1.07610086
2.15068131
0.11908586
0.18540105
2.12694422
1.97530345
-0.56574664
1.77922490
0.69706709
0.88393110
2.89532739
0.50525780
-0.25353178
1.46236920
1.09939819
2.23078647
1.38609085
1.79488613
2.34410247
1.06321543
1.73021838
0.35927572
1.59969073
0.56190385
2.23451671
1.61314203
1.04303223
2.77756792
1.04764285
0.58386714
1.07141645
0.25507837
2.65021867
0.60620486
2.01899130
2.02878063
2.44301627
0.89175362
0.38313982
