1.77098600
1.27940755
0.64007230
1.62330153
0.74093561
0.28848377
0.61271921
0.72720964
0.49321066
0.42768264
0.42071223
0.69119182
1.27620200
-0.28842551
2.19274332
-0.36975384
-0.15767112
2.27957809
-0.24552690
-0.91924027
0.44964619
4.09988779
0.88237905
0.72168485
0.92201346
0.90623198
-0.36564398
-0.24880080
1.90636063
1.82899516
0.85115318
0.36638819
0.58303692
2.40129788
-0.04652251
2.30403017
2.13014335
1.55647729
0.19370455
2.80643941
1.52626396
0.34445256
0.69311678
0.63472030
0.37998256
2.96556157
1.46800474
2.72644718
0.55646127
0.08296040
-0.05533304
2.04246008
0.91558972
1.12390402
2.02122329
2.01867260
2.31045175
1.13154336
0.04731437
-0.20359174
0.21375692
0.99666131
-0.66310858
2.79398960
1.60142256
0.73571040
1.33130155
0.31087682
2.44232632
1.15024160
1.30124090
0.55833017
0.54333438
2.53552994
0.48809830
-0.12683676
0.31641306
2.44139578
3.01897350
1.84841495
0.64201941
1.05882035
2.06059301
-0.74714934
0.85536058
0.40102766
2.85733925
0.27025686
0.61343472
0.54511882
-1.18477986
-0.61647265
1.56865798
-0.21156739
0.55774171
1.90460872
-0.02070198
1.02018557
2.02025692
-0.50708385
