1.05910096
1.03305064
1.13232359
-0.16949992
1.45713552
-0.61671796
2.07985374
-0.17670659
1.91897829
-0.18238135
0.83387420
2.11522107
-0.19124933
2.58403418
1.16240331
1.17173925
0.65829824
-0.01073903
0.32042831
1.39969617
1.38377177
2.33811980
0.37439836
1.74920693
0.64950033
0.00079352
2.08549032
0.51044553
-0.24759894
2.26638102
0.91979961
2.29624860
0.63460904
1.34813135
0.72438899
0.23798491
1.85515667
0.03513755
2.68694967
0.99150920
1.00651201
0.41057579
-0.14097929
1.45500009
0.80889259
1.37604668
2.35846842
2.40231433
1.80815333
1.71095867
1.36103745
-0.92770097
-1.01595325
2.04227362
0.99999846
2.27977533
1.18207844
-0.60240501
1.01096278
0.57675582
1.52640703
-0.37698955
0.06828587
0.62372232
0.75274881
1.70227256
-1.66424913
-0.38083870
1.26116537
-0.18554189
1.24001663
0.29596733
0.85101475
3.34546595
1.91998208
2.11944198
1.14636041
3.32047871
1.10434626
2.39087576
2.09626782
-0.44739005
0.66260301
0.11748781
1.65986199
-0.21645464
0.50914380
1.63262510
0.28205293
0.19917068
1.76956373
3.26004351
-1.40759537
2.07830265
2.15507518
1.32176773
0.58570710
-0.77502665
1.28950179
1.31690862
