1.53276885
0.58052029
2.00841974
1.34599250
1.99330975
1.70922276
1.32386568
1.49266543
1.29198118
0.36928531
2.05641272
2.21332601
1.23355520
0.61535864
1.90183650
0.71427374
1.79864386
1.09850637
0.61213451
1.83856120
0.95747753
0.08570845
1.58310114
-0.25882739
-0.38769249
-0.30397128
-0.10021111
0.99139818
1.29551098
0.38524421
1.02187339
0.94532060
2.01655729
2.07980528
0.50121449
0.04750193
2.86227954
0.57416374
2.24427092
0.89762569
0.09669714
-0.50616318
0.97481681
0.07209701
1.42112742
1.06876060
2.05465718
0.40426648
2.48475236
1.10777445
1.67675911
-0.07304301
-0.31371481
0.42884277
-0.23842917
2.33020058
1.24332113
0.84349908
-0.11075749
0.36724924
1.07830053
0.96167062
0.60747162
0.39692873
2.75265291
0.56369204
1.05631870
0.68794224
1.59655416
-0.38165725
0.02626595
0.49740790
2.30849307
1.06002856
2.16972985
-0.72614786
2.14914064
0.78715070
0.88186031
0.19858344
0.43984335
0.75695403
0.73618854
1.42617198
2.16728935
1.32189654
0.96073682
2.02080019
1.69587433
0.80436906
-0.38943778
3.14055452
1.16625861
-0.00684059
0.75507871
1.15308875
-0.14206676
0.09115120
1.38967001
-0.70948771
