1.73435375
1.51532405
-0.52478571
0.40932813
3.03182316
0.92474066
0.56808511
0.77633965
0.29522592
0.33532817
1.35580096
2.34638813
0.85917720
0.05715067
0.77816940
1.06394252
0.48352314
-0.32440994
1.31945578
1.10926457
0.26199861
1.81059051
0.68049739
0.71550782
0.99028280
1.55597837
0.47967091
0.37938454
0.49699899
2.14835622
1.61889672
1.31526976
0.78217530
0.97755435
2.69460943
3.23446408
1.40918122
1.43386647
-0.08640728
-0.47652682
-0.50050839
0.75728301
0.42243558
-0.19902337
-0.56046401
-0.76686746
0.61579771
-0.71333794
0.44978854
0.24659534
2.93284842
1.53856068
0.80487330
1.08218868
-0.07798997
0.97526209
0.38284171
0.62621595
1.36793109
1.29656140
1.04650312
1.61509066
2.21512356
-0.97585463
-0.83392579
1.42089155
-0.10536581
0.44246771
-1.07242879
0.43119515
0.06758112
1.22793360
-0.18071357
-0.71204817
1.76024533
-0.67918955
1.31920877
-0.83412943
1.03495132
0.07866372
2.55599934
1.47571309
1.45363902
0.51164963
1.67398520
0.03115917
0.00522630
1.73867354
1.27136933
-0.05394790
-0.81041294
1.57009346
1.22833541
-1.11079828
-0.82982223
0.32455102
2.16222455
1.17458663
0.74084799
1.03464060
