0.09072620
-1.19903515
1.41495981
1.58010247
1.07924122
2.11678341
0.39105984
-0.13684753
1.12019097
0.90109978
2.07866232
0.75570738
0.15885478
1.63003685
2.88353429
0.18084015
1.55562978
0.77251612
1.39367893
-0.28723383
-0.97721322
3.00350901
1.44054230
3.00433000
1.59757142
-0.60034909
1.73273740
0.60275328
1.46993017
2.65292154
1.23725357
1.39665076
0.37825761
1.30394677
1.08808170
1.50959513
1.52912342
2.15865368
0.30036716
-0.33773847
1.33720611
-0.12062260
-1.60291321
-0.32192642
0.85454674
0.38316226
1.47804532
2.33155942
1.68537699
-0.57607468
1.89413770
0.95834320
1.72478520
-0.50765474
2.80721065
2.00414792
1.40827727
0.96769768
2.20910756
0.34067244
1.90111291
0.66649202
1.64415840
0.88567455
2.66474348
3.59824096
1.29784735
0.42402931
0.01050904
-0.61299360
1.04837340
0.96343460
1.18381775
-0.67927071
0.43897763
0.22455974
0.49865277
0.86925820
1.31049498
1.62146699
1.02272104
1.32587095
0.62973026
0.57608908
-0.14569921
-0.62499655
0.95067921
1.15532578
0.59621716
1.12025156
-1.08961883
1.30803585
1.64597476
1.53683047
-0.04300622
1.07385133
2.19704963
0.07744944
0.22162546
0.50413246
