1.64790137
0.87463754
2.04866311
0.48373034
-0.64150289
1.79550352
0.83353223
0.09893171
0.39624986
0.47789970
-0.40092250
1.42335661
1.04668213
0.54093646
-0.10057071
-0.23450225
0.28057185
2.31241152
0.78960546
1.97954782
0.90196348
1.14716735
1.32405150
0.24626034
-0.07716075
2.02381655
2.06133427
1.10655654
1.65238654
1.81637039
-0.36732262
1.21781858
0.89165045
-1.79099922
1.81781793
0.79698829
1.40942495
0.48005388
1.31276598
1.19610140
0.13410079
1.43102313
1.88125422
1.53286942
-0.71259251
0.73523670
1.58719990
0.75584808
2.18383288
1.70924633
0.50381220
0.15778696
0.13461755
1.11832310
1.50284876
0.39319109
0.65922166
0.73878919
1.76682535
1.57174685
0.91227992
1.45304067
1.93753602
1.61756487
1.55601443
-0.59320250
1.49807628
3.62565348
0.79647208
2.82192906
0.59969961
3.55544865
-0.75542062
2.22899740
0.87658891
0.03176638
0.39147472
2.25377441
1.07209377
-0.03606652
2.69439742
0.28098587
-0.23173437
3.25134996
0.20381112
1.44951549
0.74884627
1.48728186
1.88615797
0.57181622
1.08767182
1.13994633
0.91182551
1.60248400
1.78607324
-0.74498927
1.06458646
-0.71268127
0.49404438
1.46564142
