1.77683493
2.26012327
2.49033131
0.17894460
0.30820294
1.13847150
1.23016857
2.65942514
1.08402831
1.95345234
2.13680748
1.71526876
0.91900557
0.51803251
0.87524676
1.55757675
-0.96981253
1.62080756
1.56429802
-0.82345844
2.65195371
0.53178679
1.30146237
1.97361278
2.18126934
1.69631914
1.21051751
1.72777195
0.98560750
1.45953764
-0.42158705
2.09786916
1.79169484
0.96415192
0.42799920
-0.09550758
1.99529218
2.01784118
2.27692671
-0.43654830
0.77703230
-0.58177682
0.11854987
0.18799665
2.27815313
0.97161944
1.13951936
-0.56950503
0.76893716
0.13180422
-0.66942615
0.61826160
0.52125045
-1.70698912
0.97282917
-0.24614916
0.30004762
1.19310772
-1.91880040
1.03132918
0.51249646
1.70364837
1.93715931
1.80609150
0.88171104
2.00518222
-0.59221457
-0.65042422
0.53385086
0.27527523
1.44233112
0.55815978
2.00394282
-0.76754758
0.29963997
0.38710927
0.99913468
-0.25057262
2.00875229
0.79251469
2.75015130
0.66009261
0.52939050
0.44286253
1.65947852
0.94555375
0.48745734
2.97521104
3.03533580
0.53118475
0.58415672
0.89231589
1.48312514
0.05500532
1.32875334
2.12582370
-1.08959807
2.15060093
2.52471530
1.40167128
