1.69974401
-0.12631692
0.27571115
3.05861747
1.89905970
-0.04233931
2.31949176
1.08934992
0.42710259
0.40634583
-0.08212905
1.15077307
1.65161811
1.01739984
1.69822339
0.72327035
0.49951535
2.07432337
1.40971732
1.33944395
2.04144009
0.60136605
-0.26436617
0.99220352
2.77359566
2.06036646
-0.44901350
0.83531398
-0.07136496
2.71726438
1.44656016
1.32034728
-0.11274086
-0.14855700
0.82371186
0.59336523
1.09006888
-1.38431409
2.01728023
-1.08363467
0.91496597
0.12522788
1.87471691
1.28553663
1.91357809
0.40084119
0.94408791
0.01753975
2.10091074
1.11315312
0.90195107
1.04077960
1.38106601
2.14429842
1.47832193
1.83202660
1.58014516
0.02831405
2.09616740
1.48577730
2.69543150
2.79399905
1.66099253
-0.08479037
0.77137048
0.63254088
1.18067643
1.85350687
1.39495801
0.71471340
1.83230080
1.56728694
-0.10862766
1.35014868
1.04929726
-0.69647657
0.69216258
0.54958557
1.01874644
1.87571182
2.11552784
1.91417360
1.89569822
0.25423679
0.61635459
-0.36852090
1.41045080
0.12930535
1.15126078
0.98104187
1.11694015
0.32864713
1.40068024
1.41057562
0.24524395
0.89157924
0.39918911
0.52040892
-0.28345271
0.10897691
