1.38972855
-1.02740441
0.42467777
0.76220862
0.93007248
1.77956361
0.28323708
-1.26479418
0.85265672
0.43918644
2.64045978
0.61100786
0.61036220
1.67296980
2.00700677
-0.99777906
0.03529023
1.66312573
1.16159326
2.15810961
1.15054591
2.70028370
-1.19259428
-0.32080983
-0.09479258
1.51108423
-0.99825884
2.13204808
0.80933379
1.66702080
0.47740185
-0.31539692
0.23610376
0.15134000
2.06390023
-0.72244105
-0.40789036
0.28612042
0.89493299
0.47670051
1.01825711
0.46475903
-0.69576975
1.37716886
0.45750349
0.94101329
0.72143812
1.42254539
0.83164558
1.00944158
0.35431243
1.25004843
0.97535889
-0.30025145
1.42909885
1.86782429
0.46698287
0.44211177
1.61687197
-0.93641531
1.87588775
0.73263620
0.95903617
0.15526893
-0.09767473
0.29897385
0.58490544
0.91553347
1.27030825
0.23819148
0.81996281
1.66474724
1.16120160
1.36564197
0.81277928
2.11686895
0.99674097
0.77958475
1.01371415
1.04446924
2.08125780
2.09280160
0.52920924
-0.65985882
0.00101300
1.24701401
-0.15003430
1.36885105
1.17949044
2.47319445
0.16079404
1.98991199
1.80863011
-0.20958714
0.37689959
1.96943313
1.42607963
1.11497138
1.61681822
0.59110210
