-0.16656990
1.09872523
1.98121288
-0.14818006
2.25497252
1.11929518
1.28934228
1.32745219
0.77985894
2.23366132
2.29363370
2.20574211
1.00646474
1.47034657
0.59309258
2.76298572
2.01304580
2.34947963
0.78866372
0.52438038
2.76761346
0.16614873
0.83934930
-0.64056686
0.10457243
0.60306637
0.74571896
0.90314260
0.13368026
0.41334681
-0.38789843
1.24015994
0.48549320
2.25068046
0.67294716
1.22676288
2.08914105
1.10187854
2.23996493
2.03064481
1.57780743
0.59680374
0.83606986
0.25732774
0.90681657
3.18963432
2.62614537
2.34668521
1.32580923
0.38315508
1.08184151
0.74262242
-1.00260638
-0.75045897
0.39387186
-1.02405618
0.66120016
0.21018519
0.09619452
0.66590567
0.81171770
0.48228688
1.37151670
2.10041809
-0.14703853
2.12986281
0.20450294
1.62966820
2.59245229
-1.63226809
-0.94540877
1.76564842
1.83813916
0.25187360
0.50509063
-0.11515414
0.41037303
-0.58140297
1.98430358
-1.81394365
1.23597651
2.27289123
-1.47852223
1.53521482
0.83730003
1.53707466
2.53700169
1.75693606
0.22715504
3.08665523
1.85357464
-0.47704139
1.10238785
1.58565649
0.09454834
-0.13334062
-0.20064764
1.42579673
2.21893154
0.03796645
