-0.93080259
1.18013751
0.97863206
1.58338004
1.64263537
0.97727271
1.13335558
1.14153899
1.67433307
2.30964925
-0.12433066
2.58679057
1.31468456
1.32326517
1.60503901
1.77023677
0.43380362
2.72704388
1.04167400
-0.46970523
1.14952282
1.89184546
-0.27771951
0.96392402
0.26378859
2.16463787
2.83372477
0.08442456
1.36710296
0.29824837
0.96492096
-0.18202385
0.73668339
1.23466009
-0.15888856
-1.02553554
1.84623727
1.58249466
0.12637865
1.48437546
-0.94559982
-0.05808814
0.59596667
-0.10009343
1.03292561
0.34206310
1.14375040
1.02313422
2.03438128
1.10931325
1.55228602
1.44200028
0.22647372
0.36222451
0.36194052
0.94006309
-1.11063481
0.68160621
2.03482672
2.23627511
0.05705583
1.50911426
1.38442258
1.64405416
0.53521631
0.09181808
3.02037978
1.11670338
1.37702868
0.23135175
1.25221590
-0.62568553
1.91627559
1.50516392
0.84571003
2.02394727
0.91643959
0.92404856
0.43655954
0.76361866
2.34521025
0.63478908
1.32127130
0.15928210
1.14570113
2.59453900
0.20124631
-0.86934498
-0.31093940
-0.71392380
0.38564000
1.07389952
0.28013704
2.53918815
1.59759091
0.85317226
-0.51791878
1.37467096
0.76131404
1.83362686
