1.34149453
0.61573813
0.62486464
0.73354851
1.33094721
1.82687403
2.00197715
-0.87760027
0.25159509
1.68030534
1.14510329
0.46551676
1.17904401
1.59180481
1.68905581
0.64500171
1.88799934
2.67171936
1.49130341
-0.75359402
0.77885168
1.35622821
2.11294024
0.56850523
-0.45992430
0.87264864
0.57270061
1.24720484
0.88686112
0.68641959
-0.98089355
1.46754097
0.60828179
0.72045937
1.02914598
0.48123710
1.41935464
-1.24505987
1.61588374
1.47629509
0.96220886
0.61283217
0.12008745
0.18941369
2.39327428
0.89197072
0.61338922
1.23234644
0.41277280
2.18923168
0.76870361
-0.06101590
-0.51142966
1.79475736
1.35823624
0.93182176
0.51048226
0.59065190
1.25744255
1.36712601
0.79865172
1.32308632
0.87835382
-0.47444123
0.67180109
2.10445104
-0.08495990
0.56929738
0.79990978
-0.65112037
2.01604046
3.66270965
1.00879890
3.31295200
0.94767722
2.36553058
-0.74790730
1.58220962
-0.75907183
0.72996276
0.58919249
1.31917597
-0.32261425
1.17160551
-0.00993297
3.29740099
0.25142922
0.41848176
1.35769619
0.17760671
0.82193562
1.55931058
0.14024294
0.69682462
0.56232427
1.55872751
1.79809378
-0.26759125
1.20373030
2.70014511
