1.62544489
0.28062689
0.78306932
1.67112732
1.13438607
1.49656031
0.58420919
1.16920544
1.20516818
0.29090372
1.34679049
2.83334152
-0.49295614
-0.32990007
0.60363523
0.41280676
1.25188977
0.83840598
2.06628041
0.47268007
-0.45268670
0.31078519
0.84666609
1.61427427
0.45640379
1.18048263
-0.44269331
-1.05133414
1.35502529
2.06941546
2.46385393
-0.47082444
0.77026396
-1.05842729
0.74120658
0.06466940
0.67352117
1.31478423
0.97207239
0.36875563
1.56663951
-0.20496459
0.51386218
1.66346065
-0.27148533
1.12645569
2.71382693
1.00783173
-0.53738369
0.51727732
1.37099468
1.58852467
1.34416659
1.69417203
2.04191710
-0.18343342
-0.22148940
0.59085858
1.58702229
2.60667746
2.87580011
1.38185220
-0.76165080
0.85819766
1.95637991
1.59962054
-1.08504432
1.85321565
1.93014952
1.07459360
-0.27194029
0.67155473
0.49109996
-0.00190320
0.78448099
2.07167659
0.93213339
2.05222318
-0.33549253
1.27716970
1.15440141
0.62800092
1.12405986
1.67207480
1.57983726
-1.05620777
2.12696544
1.23761782
0.56235115
3.03729104
1.57260147
0.70417802
2.63135284
1.69793774
0.14933097
0.83081392
1.75078789
0.78845383
2.22593621
1.40046206
