1.86430081
1.42975370
0.06411773
1.47938709
0.45247746
1.40266861
2.72010508
2.14392081
-1.25255789
1.74327304
-0.09149649
-0.02242782
2.67339792
2.07691106
1.50696901
1.32395460
1.20604256
2.05140561
0.13095260
0.74256372
1.49757455
0.97512241
0.03135772
0.35487138
2.82439633
1.29427535
0.41650346
0.17115103
-0.40257353
1.97296232
0.35598703
0.91672754
1.09428425
1.33770670
2.35381790
0.18999584
0.17508094
0.32943595
1.83856894
1.74417259
2.41041285
-0.78577643
0.16597795
0.83514972
0.29431212
-0.39087899
1.31763856
2.86778073
2.24064909
1.83701045
0.61275103
0.81549059
1.38207587
1.32136097
0.25389441
1.66507495
0.41419605
1.94633382
0.31922403
0.44519191
1.02225038
1.08575410
1.02412578
2.15673013
0.52523046
3.27191718
2.69592670
2.73975147
0.93516651
0.35330689
0.81263467
2.17708366
0.93067851
0.40527683
-0.17804199
0.80169779
0.89206521
0.85880277
2.07455684
1.26687339
0.62040042
0.31893266
1.42712972
-0.39135550
1.73954605
0.97063727
1.09817880
0.52704714
0.68199493
1.68627649
0.56069482
0.81500297
-0.15007511
1.03170351
1.95535965
0.69368019
1.43084114
0.75418349
1.46485281
-0.57250295
