1.22731058
2.36572439
2.68580317
0.40787564
0.45282073
1.62320635
2.19907085
1.26541555
3.37719426
1.58627647
1.05348468
2.21053768
-1.00167935
0.87411741
1.47365758
1.93504636
1.37842686
1.54131185
0.98575150
0.36454384
-0.56008258
2.47186330
0.02615070
1.53831607
0.59789421
1.64541095
0.93862016
0.45446022
1.69560684
1.72341907
0.51837701
2.56754826
-0.13734527
1.41090297
0.47211730
1.12168547
-0.72196803
0.21302253
-0.45677093
2.40776952
1.67281079
-0.53995917
1.60866330
1.27526452
1.03491371
1.17549543
1.57729363
1.91288505
1.96947296
1.20391144
1.31227038
0.17483977
0.50015947
2.01634310
-0.53168366
-0.06764891
1.16849375
0.63891410
1.75150961
2.12650691
1.72245352
2.63972015
2.40980441
2.41992219
1.25738400
1.26772061
2.01463824
2.20696058
0.41919479
0.30452841
1.56222575
-1.36204491
1.56028639
1.72323110
1.15071482
1.35521303
1.06682819
0.38565905
2.62630776
0.09113193
0.96807498
2.12548471
0.62236414
0.22821889
0.75521448
-0.48143500
1.34773805
0.34643383
0.17166700
2.13746185
-0.41147774
2.02029747
0.68830587
-0.04289202
0.38532110
2.06410839
1.52497074
0.09964525
-0.41050519
1.83977953
