0.65347394
2.51439590
0.18890626
1.31060708
0.80469762
-0.51201112
0.60136636
-0.22925235
1.66564394
2.08181887
0.20417451
1.12477890
-0.73486910
0.70334418
1.24163984
0.93814043
3.66449198
1.71868089
-0.72521084
0.98297292
0.73344118
0.94389823
0.80928651
1.31866044
0.29736473
0.20338153
0.95002461
2.52148413
0.90895134
1.95559813
2.29995099
1.11133067
2.04711601
0.55056715
0.85129980
1.84008700
1.15504185
1.81234378
0.65982892
-0.43642274
0.82720903
1.32540157
2.18649955
2.67667634
0.17649842
0.68679938
1.23866484
2.36138775
2.13539656
-0.86889585
0.73584489
0.28420398
1.14024847
2.02991441
0.21027128
0.78485718
1.81229165
0.14529983
0.60876631
1.12701067
0.38889969
1.95862602
2.65422914
0.18863834
0.26708097
1.57105490
0.36307448
3.24863144
2.26350833
0.87238005
0.17812528
1.39822728
0.17632960
1.32501710
0.76898806
1.73579108
1.14207627
1.27007632
1.69088590
0.88411556
2.23700677
0.18696103
0.31509665
2.37667159
1.17723810
1.16246990
1.54300005
1.53817022
1.64823140
0.70280960
1.36815590
-0.73187133
1.77989048
0.93569273
1.00836974
1.19232092
0.82157553
0.10588949
0.49105882
-0.86506181
