1.19477544
0.13058402
2.00039196
0.48331710
2.27518908
0.60770347
0.43082425
2.41280802
0.35650717
3.66156792
0.72756007
1.70793735
-0.16004514
1.32552825
1.84508304
1.60980111
1.56645991
0.67471446
0.98970704
0.53776706
0.88464182
-0.20472525
0.54989021
1.97234299
1.33815673
2.10585250
0.90580425
1.74329031
-0.36029354
1.94277736
1.87597224
2.23166338
-1.03256657
1.91522411
0.14875554
1.23851858
3.32380552
0.67322515
1.56986161
1.08478303
1.46485335
0.69958023
-2.15306190
-0.06391782
2.06296144
-0.64142157
0.60811008
1.54124633
3.38251533
1.24145961
0.62010311
2.39536676
1.89801882
0.03711166
0.36826250
0.66050054
0.31415223
2.04261563
0.59397472
2.12840369
1.27995982
0.59271658
1.21276780
2.19964651
1.31452340
-0.24236805
1.18937035
1.69541857
1.53970116
1.38383716
1.10653972
-0.12852273
-0.20857935
0.47915812
0.09262871
0.35262737
0.98457883
-0.43270543
1.09868541
0.81528414
0.89850926
1.49629286
1.69211234
0.77620212
2.40254918
1.53247870
0.38859372
2.18689482
-0.38410790
0.20096917
0.49014759
-0.55294471
0.09588152
1.93389943
-0.31175501
2.87280533
-0.65895521
1.59239706
3.25046866
2.63695397
