1.04827957
1.26745683
0.02824737
0.89674096
1.66519546
1.04951910
1.88415434
1.54790141
1.19407031
0.95300979
0.44122327
1.77062953
1.46807929
1.92072307
0.33052613
1.87157226
0.43518070
0.99498839
0.28775661
1.82573285
1.88865869
1.87649222
-1.14708275
-0.14730592
1.27028180
-0.99254060
0.00484648
0.94811557
0.33076075
0.09268016
-1.50587968
-0.06849014
0.11044130
-0.76184941
-1.27585677
1.49164527
2.38920554
0.43967407
1.52508947
0.73964793
0.91954959
2.13295192
1.16116858
1.01838413
-0.11399301
0.51039120
1.25810338
1.26653667
0.82402488
-0.30683252
0.99581599
2.35986299
0.54816733
0.74300562
0.09695297
0.33397372
-1.11429527
1.86454761
2.69538715
0.82043804
0.47931371
-0.64294682
1.15757323
1.92354946
0.43513776
1.80176623
0.52219922
1.03178916
0.18470909
-1.01227318
1.52783698
1.97900345
-0.06487388
0.84488310
0.48494115
0.95710669
0.86717987
2.25556807
0.32520255
0.47545268
-0.09047763
1.11906650
1.23694016
0.12656418
-0.17088092
2.84283165
-0.08906176
-0.04708332
1.10473634
2.39157896
2.33988469
0.44342327
1.73876282
-0.50422600
0.56078017
0.38338228
1.91547339
-0.54326762
-0.13509808
1.13648523
