-0.62236363
1.07475010
0.67536244
-0.45942817
-0.04300109
1.39623098
1.29661486
-0.65040868
0.08953991
0.04966098
1.76614553
0.17162030
1.71201020
1.33069651
0.67620514
1.81551384
1.69124770
2.20800788
1.39995335
-0.67249687
-0.20948624
1.49109402
0.76651622
0.74064164
-0.55915245
0.15373521
0.03044575
1.30365175
1.36491730
0.27680454
0.43295163
-1.13275019
1.78511402
2.40373249
0.94788200
2.93684545
-0.69676721
0.85911460
0.25176252
1.55207844
0.57202306
0.77190046
0.53135596
1.30177275
-0.01491081
0.48986223
1.17119399
0.79685969
-0.06828820
1.15769134
0.52978259
-0.71361343
1.07152457
1.73010268
0.27782284
0.89969766
0.21782804
2.21178666
3.60852084
-0.51935919
1.64075612
0.80179880
-0.36483694
0.87810220
0.46890799
2.37322279
1.94942654
2.23871150
-0.02987659
2.04700408
1.24364767
0.30409873
1.46113835
0.91464333
1.13108639
1.60436610
0.49411849
2.27296464
0.94709111
1.26073739
1.69568645
0.18274496
-0.21730219
-0.87654169
1.62665269
0.09683319
0.57851978
0.00535369
1.20569898
1.06644403
2.49305612
1.08224353
0.09328542
0.57670726
-0.40334797
2.21686314
0.29607385
0.66995140
0.26390916
1.79422499
