0.29928584
0.77326808
-0.34303326
1.29456697
2.27454147
1.91496247
-0.30976660
-0.64554645
0.53800966
-0.97331689
1.12240002
1.08616142
-0.47798625
-1.34243756
1.32870920
1.07289953
0.69997245
1.22919845
1.36186132
0.24096770
1.41056200
1.09023352
-0.13624439
0.88350873
2.61849864
1.23510528
0.52963600
-0.43230360
1.99271000
-0.24140764
1.78062042
1.32166183
1.60941623
-0.44918905
2.03018559
0.39499351
2.46548036
2.15880984
1.36121306
1.88554142
0.94269795
0.56562584
1.51002017
-0.33613194
1.24780928
1.56489314
0.18947297
1.09730859
0.29049009
-0.81195242
-0.64799696
2.13479049
-0.05107090
2.14527292
2.56795299
1.01162469
-0.55002402
0.39051688
1.66271118
-0.37074377
-0.85137013
0.62156327
0.65058227
2.90449556
0.59728860
-0.09896866
0.90187090
1.01932420
-0.47134690
-1.35945511
1.79428229
1.59573990
1.27753396
2.59301260
0.04278180
0.27904588
0.70882785
-0.05585007
0.15269262
2.65838625
1.96785913
1.58979519
1.63913190
0.43463946
1.24140399
0.37127456
0.15145702
0.06149940
2.36490383
0.38125209
2.02397800
1.65372742
0.91787607
1.00969177
2.18705083
0.57931530
-0.16184405
2.12899915
1.56861853
-0.52820183
