1.51580806
2.66102910
1.99682004
2.07758112
0.08895584
2.12885532
0.15963208
1.84229202
-0.82118505
1.45919722
0.69027474
0.07390711
1.73410580
1.98138588
3.00940946
1.94609017
0.33242616
1.42281798
-1.87096729
1.28238857
0.89070020
0.77266555
-0.31306212
1.78809956
-0.71209981
1.72389610
0.02782497
1.18208388
0.69625629
2.23299782
1.89680114
0.96510696
-0.94673635
1.78513919
1.19722799
3.76114552
0.50466929
1.49756975
1.27678328
1.12156954
1.16053541
1.17590229
-0.20363747
1.42211942
0.02287865
0.16273770
1.11433769
0.24813824
2.24001990
0.45926427
1.35258528
1.94710517
0.49492371
1.32280266
0.33549241
0.96396049
-0.43463562
1.05917451
1.20693855
0.89711168
-0.34583382
0.87634407
-0.61804863
-0.93704450
3.36111785
0.33814714
2.15104634
0.77436911
1.92162382
-0.08064776
-1.04868142
3.39608990
1.44312860
1.94745000
0.21096447
-0.64372817
-0.70557500
1.29992762
3.02864494
-0.08238789
3.34957484
1.75904756
0.01107459
1.46695265
0.82154844
1.68669197
1.08061971
0.51476827
1.43596225
1.11616188
-0.42487368
0.75014396
2.13411625
0.60488158
2.41771695
0.93745282
2.15414616
0.07554553
0.89239373
1.65938227
