1.74252164
1.52115364
1.35794346
2.23884708
1.87243521
-0.09939322
1.16797144
0.57054370
0.48326062
-0.13746334
1.57434278
0.49671439
0.46092353
1.62336239
-0.19455274
-0.96673147
2.04167192
1.00853091
2.30251483
0.70236377
0.78652339
0.70674973
1.83666193
0.87015856
0.19542025
0.25375261
1.94859096
0.72491600
2.43749395
0.90681124
2.05050832
-0.51413240
0.44560930
0.27962237
0.63623059
1.70901608
1.90788653
1.44001142
0.95532896
0.51246184
2.00309683
2.39624446
1.28838615
1.32706974
0.74799020
1.51159040
0.45629490
1.46583443
1.95637453
-0.20004358
1.01911885
0.59764292
1.18914756
1.67394759
-0.06294120
0.67426548
1.67160205
0.97415669
-0.47968713
1.97645200
1.43713808
1.89237019
0.92583311
2.27763938
1.81975689
0.71914478
1.24438154
0.05232775
0.97982754
2.26255260
0.43344521
-0.90299390
0.61731075
0.20853570
0.79987052
1.15665623
3.55808450
0.24675418
1.71340804
2.41027954
0.75387238
2.08355627
0.91538861
2.25057875
-0.14421128
-0.39550537
1.13154492
1.63668023
1.61469166
-0.53071169
1.30334700
0.29633088
2.46395558
1.34007578
2.73767953
0.30533915
0.61533733
2.50311448
2.16406772
1.29986394
