-0.14747184
1.46900189
1.08372402
1.68535045
0.31135246
0.45459610
1.22928549
-1.17803207
2.03264950
1.99111538
0.01750939
1.31690355
1.88472514
0.58575622
2.18826896
1.46434950
1.04415157
0.67245865
1.55097635
2.75213362
1.69608172
1.36717746
0.10050087
1.93816636
2.78079702
0.47438425
0.93897519
0.11948160
1.47577229
0.36539781
-1.12702749
1.89372807
0.28074479
1.11088875
1.03675548
1.70269490
-1.56082456
1.96046306
-0.79502729
0.93807018
1.10566619
1.76533990
1.32933488
-0.11433634
2.09189326
-0.53402435
0.87474383
0.87878872
3.78847284
-0.14835942
0.43756217
0.78755458
1.16315056
1.76620384
0.62660544
0.38736377
-0.84467218
-1.17016956
1.18203252
1.22675974
1.79338810
1.91748456
0.13715500
1.77332977
0.66378736
1.48829349
0.10208771
1.10393125
0.49241145
0.96596473
0.71275537
1.73956660
1.37966007
0.38600873
0.45572579
0.76798339
2.42235946
0.13234482
1.25500652
0.86133158
1.56049461
0.32229970
-0.11534558
2.88023756
0.95417999
1.10336498
1.85289246
0.82287720
0.43923534
2.29366538
0.69289482
1.45996948
1.37174945
-0.20830755
0.39573454
1.47926020
1.33597953
1.00804673
-0.16472746
1.27748324
