1.60757658
0.84279090
0.57677734
2.77150455
2.56546720
-0.62780450
2.89339687
0.92352273
1.06430761
2.42010404
-0.23425750
0.71397276
1.01675980
0.75283240
2.76744840
0.81466846
0.26741040
1.87799839
1.12982798
1.13715734
2.46818350
-0.02095912
1.03334891
-0.70784159
1.94122726
1.37237112
0.59364655
1.62729455
0.06396642
-0.06359357
1.03991477
-1.63633646
1.14246614
1.08009419
-0.49979798
1.93245069
-0.21419786
1.54422193
-0.29717635
1.66415443
2.96737211
1.16194878
0.93443694
0.15627464
0.33039927
1.95994253
0.65232925
1.96639913
2.86362519
2.03466724
0.43126146
0.01297097
1.86468475
0.51263778
1.67636979
0.70361270
1.25573195
0.30266195
1.71730994
-0.54477574
-0.25888426
0.21785595
-1.09589618
1.13820385
0.27633624
-0.52901343
1.12954402
1.43509852
1.06421492
-1.05559203
1.42513263
1.31649298
0.87751989
-0.13553947
0.86771390
4.21685226
1.01404828
2.60871688
1.49492685
1.52786254
2.14784026
0.53008616
1.50565494
2.86685801
0.06028595
0.69369292
0.82024724
1.02326686
2.70364614
0.81108650
1.19849577
1.62961036
1.63550821
-0.73912326
-0.20755270
0.74538578
1.86784356
1.82115960
1.04581309
1.76430163
