-0.14455425
2.27007559
0.49004277
-1.38172345
1.69670944
2.32401748
2.48120530
-0.21904790
0.47748165
-0.84994714
0.82613206
2.59392242
1.66451657
0.07285266
1.30907074
0.16877193
2.23653943
0.83469733
-0.05613426
0.82598975
-0.16066653
2.66931351
-0.62128899
2.14115603
2.38187650
1.57546328
0.93877751
1.15788172
0.73435184
0.41396712
-0.80132709
0.00838906
0.62829040
1.21712657
1.30807993
0.45148282
2.54893101
0.73183173
0.62485390
1.63461436
2.20833795
1.81948042
2.48249101
3.06835077
2.83587735
0.99822297
2.10692153
1.62188828
0.65186538
2.57807798
-0.35005350
1.90647998
0.74470119
1.86126634
0.48710604
-0.44692877
1.97220411
0.12549645
0.24766586
1.79512497
-0.38962674
1.55703373
1.26919837
2.90903241
1.18660092
0.69315014
1.52993159
3.26270315
2.33947010
1.27201295
0.37201843
0.88802637
0.60961471
1.40467398
1.32733329
0.49065380
0.17398331
0.37377436
1.12895571
2.66131782
-0.26175095
0.47729408
2.85496941
0.62415647
2.88440398
1.75074306
0.53375407
1.22983171
2.15901862
0.51593836
1.16947412
0.86662515
2.79647091
0.67004302
2.58720856
0.02799425
1.71156722
3.03169191
1.38621352
2.38896537
