0.48782792
0.20001200
0.44023278
1.71675332
0.49253107
0.15377756
1.48303611
1.42824094
0.34478948
0.24582448
1.08581571
1.61958860
1.58818654
0.13778372
0.43214648
-1.68322107
2.89503216
1.90561329
-0.29881955
3.32488132
0.81904564
1.16206270
2.40158287
1.49136826
-0.90640544
1.10678416
0.53272011
0.82927957
1.07080243
-0.31789699
1.10746681
0.83757751
1.83973317
1.43275318
1.79595628
0.57111742
1.91250350
0.16990747
2.06193995
0.26307407
1.42289512
-0.28855456
0.47654840
1.83846387
0.41434630
-0.93856536
1.95314374
1.71790256
0.71013868
-0.12279545
1.86565903
1.82964191
1.74083166
3.04684988
2.23126829
1.06131965
1.50272255
0.70383443
1.61648461
3.36306221
0.51960398
-0.51149078
0.88411938
0.03714335
-0.15528033
0.18169147
-0.28222601
0.10126095
0.09340032
1.25689953
2.48277858
0.91189973
3.58592388
0.74439318
-0.78902851
1.81246414
1.02600724
-0.90964374
1.65198797
0.94433174
-0.17123513
0.95691513
-0.55644048
1.46188743
1.62026661
1.77567439
0.87009460
1.24526420
1.33314578
-0.07710654
1.55522141
1.76808064
1.00632240
0.06084208
-0.38410963
0.39039931
2.15405549
0.26332139
1.80692300
2.40284914
