0.21365604
2.30587662
1.31655951
1.41735431
0.98459622
-0.16739633
1.79627791
1.54509177
1.61836140
1.83144477
-1.08027807
0.51334124
1.18916711
2.04203693
2.48731121
1.58512158
-0.08726858
0.97644490
1.52854819
0.06289620
0.92108309
2.26578972
-0.44973729
0.04153764
-0.77816888
-0.30695070
1.31983124
-1.06543678
2.39554959
1.70660415
0.49112528
0.81745993
-1.48808349
-0.08870663
0.52734615
0.78730583
-1.45769980
-0.71398920
3.19911076
0.05701766
1.76864289
0.37350040
-0.06875175
1.81500563
2.51074899
0.30851477
2.33759215
1.77676628
1.39928518
1.02277109
0.36826908
2.05172928
0.29979005
-0.64467377
1.08813217
1.02666071
0.97824603
-0.06921681
0.08950801
-0.40159889
-1.51080515
-0.26813499
1.06300696
1.00994495
0.18963330
-0.13559479
-0.71589743
3.68792608
0.70412679
2.53876079
0.09369349
2.83307722
0.03252140
1.26909404
1.25417767
1.42925435
0.45744458
1.23127611
1.69585567
0.01445073
0.58707364
0.77889818
-0.77729341
0.50169030
0.50478668
2.60680898
0.95067084
-0.36283565
2.06022411
-0.20910675
0.45925534
1.27399029
1.22995531
0.09371191
0.52828413
1.49378660
0.84855965
1.93370014
-0.10806134
1.94571938
