2.56933261
2.17782335
-0.71531640
1.65574780
1.82152544
1.75916534
-0.80474212
2.47806010
1.65854905
0.79865915
0.36773906
0.77089003
1.01014244
0.87023349
0.12272076
0.84043087
0.27327328
2.83206047
-0.54915449
0.92197886
2.36158959
-0.99064682
0.78950326
1.92472750
1.39534447
0.75842187
0.99825093
1.08567130
-0.13555796
0.18268924
2.10209031
1.56779081
-0.14507916
0.38433241
0.28999884
-1.16760099
2.29315237
3.28386934
2.25087193
2.12179753
0.25487285
-0.44010287
1.74075485
0.60115453
0.25281690
2.08306810
2.32349541
0.93434479
1.26055889
1.33804259
1.45969576
0.11955466
0.79225009
-0.44039096
1.13055194
1.78388914
2.38534325
2.10828069
0.32821988
0.43602170
-0.38546321
-0.87764329
-0.17334083
-0.13626972
0.95216345
0.20293814
0.81280809
-0.73399825
1.66526820
2.74396990
1.28817402
2.35955354
0.65562745
0.84899296
-0.01650687
1.87196925
0.45056819
0.68985508
-0.19879929
0.96653960
0.99990040
1.03414946
1.11668788
1.20127612
-0.58495853
-0.00957138
0.58621393
0.53976927
1.74681389
1.41197250
-0.06210115
2.86018498
2.30376452
1.25789555
1.61742108
2.79094128
1.72998912
0.90462271
0.11298570
1.06724419
