0.70547892
1.66217798
0.84960171
1.05403188
-1.30920130
1.00120502
-0.41633581
0.60038295
1.38416238
-0.40211450
-0.19589511
1.47410462
-0.23760856
1.33393376
1.61242750
1.63106028
1.65743709
1.49826401
2.41542047
0.15808095
1.43333415
1.03564987
1.72668601
2.83392826
-0.07250648
0.42105756
0.30028648
0.76115559
1.47304954
-0.19831551
-0.65131541
0.34378801
0.26568682
0.93139084
0.08951084
2.60511243
0.41402018
0.93812110
1.59238442
1.95481624
0.76670436
-0.59508032
0.79662811
-0.23786326
1.57867220
0.61772987
1.50936803
0.14249381
-0.05415860
0.06343503
2.78879150
0.62976892
1.70240887
0.27994631
1.66704350
0.50945295
1.32590361
1.38484157
0.87553104
-0.50788207
1.47115981
-1.34828508
1.04264044
1.39348760
4.33144026
1.96418349
-0.47643809
0.97529835
1.85096847
1.64147078
0.98461402
0.26984795
2.20047022
1.50002286
0.84629161
1.70042881
0.07452411
-0.10139056
1.83678161
0.90853700
1.01617340
0.45011737
1.53964539
1.70983158
0.38530708
0.58049444
2.49929119
2.68685839
-0.25810127
-1.63219789
1.28588919
0.83851391
0.70143527
0.48596743
3.36884394
0.74696847
2.18264715
1.13899783
1.57589842
-0.57963636
