3.10428533
-0.14182226
-0.17744963
2.83629518
1.95624982
0.60317806
1.18691640
0.19961143
2.45894993
1.84714356
0.59443692
1.37001537
2.15715936
0.18560076
2.23843139
0.15562135
1.44997923
1.00201612
0.95567321
-0.60569328
0.92677023
-0.25949615
1.32344057
0.61905323
2.13336288
-0.04272331
0.11091739
0.88267736
1.44192363
-0.35674328
1.22314154
0.82057401
-0.17026201
0.66587900
0.61293180
0.99843145
2.87120585
1.39822875
1.14234256
1.91595096
0.30903061
1.29890784
1.31093276
1.65666144
-0.00297665
2.96439277
1.74888652
0.29347936
1.81148941
1.37708550
0.80308781
2.41068394
1.63308415
1.14000124
0.35531006
0.23865732
1.81987345
-0.47271630
0.14707602
2.05093875
0.48729163
1.96921654
0.94290002
1.30066012
1.18155390
1.19303706
-0.60728314
1.20836111
0.56056012
-0.60857980
-0.17308952
1.31731034
0.75553065
0.78312141
0.03762616
0.79709849
0.20658726
0.28042070
-0.41636887
-1.11265625
-0.09651657
0.29171734
1.28959646
0.46021916
0.87653747
1.15722328
-0.05023804
2.22491839
-0.02000178
2.70115862
0.88943653
1.12122426
0.34092966
1.51042368
0.96268363
1.16378404
0.32406171
1.17938394
0.00196875
0.67299144
