2.12253345
2.62145794
1.96311473
-0.13953601
-0.28194333
1.22473385
2.85941838
1.62697905
2.51790952
1.40295437
0.74053316
2.61380092
0.51749763
0.77379248
0.13275539
0.89891146
-0.50643287
1.07378917
-0.35022158
0.31089775
1.55247996
1.51278853
1.47879474
1.17271210
0.52199799
-1.43833741
2.64140395
0.39349118
0.56941974
0.02077742
0.73326146
-0.08762017
0.89380333
2.22749971
0.29288412
1.61699919
1.05579944
1.93564057
0.81709795
1.48806058
-0.01522202
-0.19678633
0.73337101
1.49012542
1.98553323
0.02386190
0.37261568
1.37152203
0.90353505
0.26991239
-1.77792269
1.50854141
1.26382862
2.20571606
0.01860893
1.31271482
0.53687346
0.42427382
0.63459827
0.90054104
1.09307747
1.20348787
1.42161816
0.54156439
0.79742894
2.69888129
1.24268997
2.11414642
-0.50958405
-0.12517124
0.72917989
0.40012932
0.69061265
1.12039731
-0.09204916
2.04810610
0.21983510
2.06325947
0.96696038
-0.13880702
0.35213364
0.45042502
1.97169397
2.22979005
1.52097374
0.37564596
-0.73387726
-0.30213973
-0.79586132
0.80163962
0.90074103
0.94226365
1.08369186
1.19862146
1.50605847
1.85487784
1.86277847
2.42849388
1.69987490
0.11789385
