1.06105557
-0.65802286
2.75814440
2.32516366
0.35460998
0.37540822
1.22132700
-0.02003797
0.32968080
2.10693554
1.63385771
1.36129730
1.83433488
2.14020345
0.62617096
0.71895236
1.75120973
1.71232551
1.27520426
0.11080877
0.81991994
-0.45666183
1.36161927
2.33423237
0.71600534
2.35921219
2.28850268
-0.16624248
0.86214938
1.11607432
0.70340915
0.22811702
-0.14187641
2.73554915
0.33606570
2.55520086
1.96421813
0.80112219
1.22615193
0.86877358
2.52789565
0.13835592
-0.11143829
1.86679914
-0.20858389
1.17033272
0.39023508
2.11288728
1.41328754
0.33750608
0.75450210
0.75892195
1.53835684
0.98210277
-0.29471544
0.64619777
1.05408922
1.59134707
0.70686661
-0.16726932
0.58924748
0.29662273
0.25660138
0.51880766
1.29541921
1.17815716
0.91195034
1.63055841
2.26785521
1.63955827
0.38937368
2.74512981
1.09453324
1.04976669
-0.01154949
0.72429797
1.87371642
-0.47335134
1.07713234
0.20119048
1.18693251
-0.75530710
0.15996789
1.93935337
0.86265621
-0.45162307
0.84858197
1.10402374
1.53381712
1.86444226
1.20675597
2.24647963
1.22261269
-0.74025550
1.61096565
2.62569819
-0.16959331
-0.68852800
1.07526042
0.78269431
