-1.23651564
0.81729742
0.04600808
0.67635291
0.97907233
1.41406247
0.93993848
0.14032993
0.01591363
2.59845338
0.38283202
1.17565997
0.29671625
-0.57795948
0.31987021
1.52722048
2.32119745
2.05754713
1.03862234
2.21201976
-0.53636779
-0.15346711
2.16194686
0.41822154
1.63802075
1.57491541
1.86930944
0.99721558
0.98907861
1.81135189
3.08981887
2.97669086
2.87494238
0.21054561
0.54799390
0.74898730
-0.06525907
0.85191061
2.56557189
1.31348898
1.79156772
0.63650900
2.20598448
-0.22014881
0.34699072
1.42123346
1.00208414
1.17137955
1.07744090
1.42696468
1.25595594
0.92102339
1.77514938
1.31410598
0.47063893
0.44077630
0.37335867
0.29179552
0.83604367
1.45721758
2.55377521
0.65063437
1.61370242
-0.53594692
3.23714429
1.61467333
0.87559675
1.24514975
0.38828275
1.01298343
0.70704401
0.76470529
0.13510589
2.03533592
1.23335514
-1.36507246
2.18326778
1.68586288
-0.16437596
2.88521364
1.37904795
2.18141075
1.22922431
0.22211930
1.47553900
1.46921230
0.87643483
1.07583435
1.51155651
-0.38957040
2.02477150
1.21233862
1.33138572
0.89723143
2.53235237
0.76786367
0.91134934
0.18608971
2.38968367
1.01182048
