0.45861121
-0.57579271
1.92302029
-0.30291486
1.08506131
1.45074612
0.50672080
1.54933025
0.51678276
2.48307337
-0.33110038
0.64005091
0.27866949
1.97605405
3.03885681
-0.32074564
-0.66702281
0.63468791
0.49431237
0.83394684
1.65001635
0.63779650
0.52516306
0.28627578
-0.27166301
0.57767815
0.98418495
-1.44155015
0.86826876
0.77591889
1.35045894
0.50168443
1.03982382
-0.24016106
1.63689560
0.17584922
2.55960793
-0.15457575
0.97760587
0.42728764
1.11250483
-1.47777582
-0.46034466
0.70121974
1.87818745
1.15189687
0.49340828
0.66348628
2.43230111
3.39112089
1.39649698
2.59049613
0.79709106
0.64296592
2.17833423
1.10088022
1.58591752
3.48442477
0.41316987
0.58245153
2.38522614
0.10724099
0.40236298
1.41433431
1.53568266
0.63418945
0.74738759
1.38763974
3.76306583
1.09225485
0.48902536
2.54976038
0.48665434
-1.64979931
2.59394495
0.87583089
1.02429680
-0.03908566
-0.42590534
0.72314556
0.66615929
0.16871096
-2.01981052
1.57223337
1.33876917
1.65198477
0.94763419
2.00845815
1.28108411
-0.07769334
0.71355743
2.00343017
0.27862757
1.51839288
2.08606334
-0.68351264
0.98234822
-0.88082072
1.06945347
1.45809648
