2.83669583
0.94524697
1.37576681
-0.52484248
3.18345231
1.28372805
-0.20697068
1.02604197
1.64267052
1.07539924
-0.01804774
0.11482621
0.69013119
0.46623596
1.57080580
-0.26530449
-0.93878153
1.86734377
0.43284910
1.30370954
0.52900423
-0.17747114
2.03054599
1.16060567
1.59530088
1.22643367
1.64080175
1.86474588
-1.06358170
0.90376376
-1.33704625
1.18692591
0.53119944
2.37968028
3.23768861
1.47979840
0.35408323
1.98893775
-0.00651966
0.24136408
1.21603921
0.82265884
3.28603613
2.40959943
1.72470974
0.41443737
2.30180001
2.60530806
-0.36818631
0.71593208
1.96044749
1.21580495
0.32128299
1.41746238
-0.05975351
-1.15608264
-0.04182602
1.88792765
2.24845286
1.22701189
2.09819150
1.80063633
1.39868101
1.33640791
1.99052765
1.29869780
-0.96493693
0.97045313
0.94781568
1.69219426
0.82603068
1.55497332
1.98549893
1.38853259
1.31027534
0.71222532
2.35144910
0.65636213
2.12637429
0.91168826
2.66899047
1.04233181
0.19595289
-0.37688881
1.47975756
2.16777844
0.58326722
1.92964243
1.10990379
0.95452167
0.70322327
0.11510713
1.77083892
3.03218982
2.36434112
1.17278941
0.05065646
1.65192678
1.51058458
0.71209616
