-0.07211938
0.89601078
-0.24866493
1.37165739
0.50562086
0.55456168
1.40363356
1.39920931
0.58250785
0.82506436
-1.61261349
0.44580550
0.10244348
3.06922700
1.85621030
1.82323759
2.48268069
1.23109848
2.37338350
2.82866092
-0.90839707
0.74555961
0.12876761
1.06979673
0.99403975
2.76717171
0.41498882
1.06889517
1.15608388
1.78111022
0.96059753
2.08178185
2.98333863
2.54105065
0.78645406
3.47773781
-0.44957124
-0.11929645
-0.24462037
1.31227493
0.74910317
-0.47718266
0.57450933
0.79140552
1.20762074
1.74213717
2.19381956
0.61947616
0.92364396
0.35491351
0.66035700
2.39401591
0.02723381
0.08237990
1.40632525
1.06018141
0.66131810
1.81032112
0.00151959
1.31844749
2.15875229
0.40295493
-0.30362477
2.53743739
-0.33925026
0.45644923
2.14938865
3.06374392
-0.40810520
0.56977411
0.23940065
0.86557631
0.65197081
2.02845007
0.72412810
-0.00256674
0.02420873
0.52107727
1.84290099
1.09490710
-0.13655151
-0.11597844
1.21918732
0.72479284
1.61509137
0.10393865
1.58907304
0.69132240
0.88505553
1.77584426
1.11562523
1.66089470
2.47773283
1.37641548
-0.90934288
1.92756933
0.50265943
0.51585188
2.04985349
0.62246863
