1.91588374
0.90415470
0.98119964
-0.29090540
1.13589417
3.96596728
0.42300496
0.92366821
1.40029879
2.24490428
1.68239711
-0.48415134
1.56644267
0.68204907
0.76043684
0.25861081
2.49366065
1.28517879
-0.09296699
-0.96403525
-0.96154828
2.44781545
1.14137003
1.90583937
1.03454911
-0.14883021
1.25767580
1.32581942
0.42316259
-0.52601326
0.41750604
1.70927588
0.39250837
0.30413207
0.75606208
1.59481011
1.63078572
0.95782816
0.40474160
0.39668274
1.72622862
0.79286376
0.84504931
1.90433733
1.28414609
1.92562548
1.62819261
2.88362058
0.33829708
0.93882686
1.13074356
-0.20440375
2.50084191
0.38430415
1.98185154
2.15697851
2.26149991
1.25050757
1.74716829
1.37767396
0.50231977
0.95325520
0.35719163
-0.84264104
0.08822784
0.78742922
1.37222548
0.58381736
2.13515235
-0.56685855
1.71333292
0.97874847
0.98760462
0.03488707
1.44902244
0.88570536
1.83981816
-1.31011112
1.01871675
1.32521884
0.79208081
0.14428732
1.46502005
2.62467241
0.57117112
1.40164389
2.07387449
1.44363705
0.31778675
-0.26477245
1.98754515
1.54830408
-1.29031601
0.62148818
0.06236051
0.33821872
0.71281036
1.08110937
2.16887338
-0.56721641
