0.42889822
0.12666264
1.27625533
3.30596481
0.88121860
3.30504441
0.25612110
-0.89316995
1.18685068
1.89415005
2.66531778
2.46525341
-0.06629883
1.45706932
2.17393734
-0.09892078
1.20380573
-1.72901912
1.18424157
0.13114464
1.31241721
0.54572341
2.50462804
1.31893660
1.41198310
-0.74221209
0.25464235
0.32686300
-0.21655734
1.62631374
0.55415838
1.81527877
1.80208299
2.54975022
1.18462051
1.21776925
1.58438145
-0.88913167
2.23893962
1.44396428
1.13242383
2.03643598
1.95375636
0.11427648
0.60888104
-0.96277278
-0.55621233
3.20983339
1.23102324
0.87102188
2.86136023
0.53875545
-0.36834411
-0.05632729
2.35550149
1.08674929
0.11873821
0.02228351
-1.58539506
-0.09055399
-1.21598271
0.03064236
1.17014934
1.36689947
2.13724964
0.30831990
0.74347512
0.74806433
0.46266267
1.35913914
0.35784494
1.15450457
1.68480403
2.94152291
1.96493002
2.21944751
1.32369628
0.45746654
1.32080487
1.44913323
1.44632463
0.57018536
1.21337955
0.19431820
1.67186153
-0.07010495
0.50520846
1.48411517
0.90668675
0.72619967
0.23028366
1.65557711
1.24816161
1.36312943
2.48356145
0.54866693
0.79015906
1.26294050
-0.45672825
2.03151555
