0.44688724
1.75444921
1.25059364
0.22711300
-0.06168222
2.16461155
0.12262219
0.05272557
0.30061608
1.25958837
2.19941369
1.52525283
-0.03901985
1.11910236
-0.36829510
0.51763689
0.96696767
0.38418833
1.33065767
0.77936032
0.40363234
1.59397798
1.29479574
0.11359512
1.08507967
0.47005551
2.61006615
1.54498727
2.80788500
-0.27133106
-0.64169427
-0.13401917
-0.31963398
-0.10544269
0.32636434
2.20313588
1.56494057
0.78065223
0.71068863
2.33412408
0.20647965
-0.18242491
1.34793225
-1.22999833
-0.23017438
-0.40776175
1.41562610
2.32515823
2.28221436
0.56205015
1.52576646
3.00141699
1.27477351
-0.06270771
0.60987932
0.99969792
0.01369826
1.04092132
1.84644647
0.47592863
0.78241927
3.35804926
-0.49625224
0.10556405
1.41812870
1.09041050
2.01465310
0.39931703
1.81471427
2.74418757
1.64726144
1.17777986
1.16175407
1.82497887
1.66992302
0.81780525
0.26312373
-0.46220864
2.09663848
0.79478900
0.85413129
0.63567971
1.19115544
2.29446469
0.07541712
0.86848450
1.08358879
2.19391263
1.49153604
-0.63300258
1.33493136
0.44355844
0.33048684
1.23705488
0.64182732
0.47714912
0.66373258
1.11169129
-0.72658980
2.20604905
