0.04540389
0.00507427
2.10992192
0.92605637
1.65857809
2.07827841
1.14348733
0.85089272
0.26235457
0.07046693
1.26544723
1.87856058
0.13820460
2.21299791
-0.38156406
0.45246575
1.31081543
1.32917960
1.43249747
1.75289039
2.13679543
-0.24531632
1.24421213
0.78650415
2.00923353
2.09382779
0.62258921
0.20088929
0.87363518
0.99826377
1.02461800
2.34213540
0.70943207
0.44355881
0.05484102
1.61432186
1.65152839
1.14900683
-0.06806935
3.07902414
1.81507914
0.07586219
1.94505313
0.06496319
-1.55968869
2.75207544
-0.45942434
0.87314997
2.84788601
1.70192205
-0.51253655
1.09612196
1.19901545
0.95629683
1.41180849
0.99660639
-1.33051393
2.90596564
2.31111093
2.32237986
2.88120971
-0.31082609
1.06382750
0.09164190
0.58403691
2.67627389
1.96594360
0.76747687
1.44796759
-0.93295209
2.61503591
1.76239400
0.95761839
2.16350548
-1.24632994
1.25075772
-1.01619899
0.62775690
0.78523308
-0.99866579
1.02481290
0.65681354
1.33516447
2.22533911
2.06790788
-0.54923891
-0.51581296
0.37252938
4.13783715
2.18122865
2.49942879
1.92451707
-0.44753761
1.88026995
2.50628705
-0.27689790
1.39872332
2.73157060
1.28718785
0.80646593
