-1.02552942
1.92632774
-0.19555434
0.33943988
-0.07721147
0.63321384
2.33726793
2.47521744
1.53807588
1.90941193
1.75062548
1.22827671
1.20212921
0.74542197
1.68935989
-0.07498917
-0.37884229
-0.49514097
1.40311261
1.18056859
2.84691168
1.64849134
-1.25072283
-0.59339466
-0.10685607
1.11134300
0.72731970
1.03795802
1.93910771
1.34900451
-0.10638098
0.71432268
1.60638504
-0.35859850
0.89411618
0.16395560
1.71188685
0.44732353
1.98538597
0.83010190
-0.23145859
0.31566905
1.77646646
0.84983601
1.62163055
0.78391680
-1.40859377
-0.29553608
1.46762644
2.66795278
1.12586123
1.52333236
1.57597015
1.32293144
1.62377870
0.14857808
0.50224971
0.49197713
1.65490233
0.74597083
2.22802754
-0.20824950
1.40854097
2.49747448
0.27982010
2.89857161
0.28690340
0.73607399
-0.02444514
1.58851642
1.04364492
1.67642862
-0.36730720
1.50716170
-0.63893692
2.72493737
2.70788228
0.91503393
0.76010478
2.77654301
2.68086457
1.05562534
2.50549070
1.20558267
1.20690694
1.39100771
0.32179838
2.63075567
0.83129446
1.19175091
2.81856049
1.77776163
-1.01405547
1.40096234
1.67797061
2.13981313
0.86219765
0.82819987
1.10021836
1.11848962
