1.83455360
0.23821712
2.17693745
0.95458523
2.20050534
2.05082526
1.34103187
1.25451746
0.97294840
1.23465638
1.12523298
-0.05549750
0.40449160
0.77441611
0.96531895
0.48290530
0.06696922
1.70504228
-0.02799875
1.52582250
2.58088601
0.70695271
1.51064181
0.91714405
0.70466129
-0.59489034
-1.21156495
2.40786350
1.49590504
0.66295079
1.69269839
-0.34097336
1.11807506
1.80799030
0.40973936
1.71111637
1.27556694
1.77281213
2.29772825
0.54624547
1.38471452
-0.08631862
0.39927619
-0.98014013
1.28052179
1.08318661
1.12064195
-0.30076921
0.45150434
1.60714915
0.22503387
1.99889964
0.83480705
0.26316177
1.28349449
1.96842929
1.53812200
1.68026419
1.96773451
-0.36424222
-0.30759309
-0.42631868
-0.39091832
1.42067751
2.42655763
0.04333301
-0.23264688
1.23363071
1.05972967
1.86459692
0.35055334
0.88303537
0.05432676
0.19339698
2.66879111
1.30712221
1.32674133
0.32862813
1.84661454
0.40222368
1.16609029
-1.10767656
1.34908226
0.93832151
1.30610959
-1.16257147
1.22010484
0.43858378
0.21385924
1.32769940
1.40094701
2.10012218
2.00119217
2.23588936
-0.28047987
0.93839089
1.70049428
0.50612567
0.93700015
2.74742213
