-0.20675135
-0.34011953
2.38551311
1.11351595
0.71318804
0.37012587
2.56809398
1.59820889
1.44191596
0.84510301
2.24025409
2.03311614
-0.46338247
2.41549166
2.51933554
3.01422223
-0.31946788
-0.90990220
3.06163056
-0.91532380
2.09439602
-0.58735154
0.97095908
1.88480265
2.11969121
1.10220234
2.81017433
1.20585713
0.53798922
1.59629765
0.86512151
2.40575205
-1.34059817
1.54387440
-0.37737875
1.70447069
1.11597660
0.81274531
1.78108442
1.51976880
-1.05540698
-1.27861943
1.30738959
1.11815829
1.81269934
1.84250493
0.88987832
0.34589588
1.79907257
2.18786309
2.27771327
0.74927519
2.29956644
0.52138976
0.69383860
-0.04310435
-0.00934290
2.83452491
1.83892131
0.70932783
2.01059053
1.53113918
-0.14206814
1.59014396
2.40611560
1.47150164
1.57943919
2.64873508
2.24436881
1.86617957
2.58555343
1.69718952
1.78462800
0.82259955
0.20279141
0.23360443
1.54782981
0.95525170
0.36841802
0.48738975
0.75003772
0.22285521
1.86777303
1.83238268
-1.20346688
1.26886250
2.87405212
1.62273200
0.43278081
0.13767300
1.47107354
2.16773862
-0.36716936
0.33609154
2.92932788
-0.30561100
0.73403375
1.04006660
1.62893755
2.25539453
