0.98529093
1.43902151
0.33427683
2.53379962
0.68925522
-0.03177730
1.63754502
0.48107896
2.15320458
-0.07165735
1.31002981
-0.55243886
-0.51511798
-0.82230519
0.93307760
0.74699410
1.82258100
0.66518279
1.30147581
0.64967990
-0.50749155
-0.70392551
2.32283488
2.59102775
0.63619280
2.40588504
0.00166997
1.82978542
1.17913663
2.36242526
1.56602803
2.15564352
0.05081032
3.09748501
1.17617786
1.62462782
2.35163947
1.30121894
0.30650051
0.86620515
0.45073264
-0.25603093
-0.36396214
3.40911328
-1.25622267
-1.69396045
0.12141203
2.44246736
1.65147148
1.18346224
1.31302258
2.46654751
-0.30248743
1.42217702
-0.81796906
-0.48794889
0.80396943
1.97067592
0.64820281
1.21855515
2.68801934
0.20723806
1.23273155
-0.00805968
2.06695641
1.53228874
3.34604061
0.59498728
1.04285544
-0.18910486
2.53188283
1.97013111
0.74430403
0.06310337
0.55701396
0.26728095
0.11869838
0.10074573
2.21769199
1.42329831
0.35052069
0.16788429
0.71000564
1.28654549
0.90792973
1.05958416
0.89267717
-0.22780270
1.40085347
1.97425148
1.10937544
0.98477051
2.44918353
3.21519960
2.15995957
2.47216952
1.30598013
0.08601669
2.19175556
0.08150784
