0.66350748
0.37536546
5.13837902
1.19510946
0.00395543
1.88506111
-0.51423994
1.70477247
1.49530270
1.28231248
-0.21919278
0.23747667
0.45229461
1.03575067
0.59820486
-0.38607992
0.89696763
0.76206674
-0.04960605
1.01231614
0.50358581
1.24726392
-1.01484554
0.54088510
-0.90097818
1.30732665
1.45539958
0.37287359
0.52631485
2.78221527
0.05509764
-0.38487486
1.36254733
1.09791081
1.32290034
2.14278212
1.38882233
-0.12875859
1.82633946
-0.13455059
0.99122369
0.58749334
0.31323710
2.48776655
1.95354192
1.51952216
0.81821291
-1.36597011
0.58784860
1.67265872
1.06807059
-0.12136623
1.01717110
0.41896112
2.19785373
0.87602852
1.14082311
-0.84306320
-0.08573065
1.40716850
0.62429552
0.46031763
0.00727342
0.25289664
0.77669272
1.29984601
-0.22058768
-0.70870133
1.70922176
2.37777666
1.38826696
0.53826829
1.27518787
0.79382087
-0.21468995
0.95766849
1.31077707
1.63718480
2.94932441
2.11844943
-1.36301495
1.31639106
0.98537958
0.11565585
0.22370759
3.66357468
0.66301361
0.65797666
0.37645871
-0.08254639
0.94575164
0.99766327
-0.51847110
0.83312751
2.34137489
2.10894849
-1.13542643
0.11496971
0.21160841
2.71074670
