0.72455025
0.42621135
0.98375687
2.12818968
1.68516265
1.99112304
0.66915863
0.20796681
0.40488462
2.31843139
1.48095622
1.53656952
0.15343325
1.81814034
0.68344223
0.70971955
1.69424671
-0.00186434
1.66578889
1.07235892
2.70026890
0.25358153
0.82281307
0.68393651
-0.52675672
-0.10391524
-0.91429391
1.42597581
1.53112301
0.70295126
0.55020641
2.08837612
-0.58221546
-1.55007133
1.27922086
2.42378192
1.52628684
1.60967945
1.13468872
1.57331767
-0.10948116
1.10663344
1.43655648
1.07582062
1.64482327
2.46255752
1.88424994
-0.16956795
1.93924808
2.54553492
0.04042718
1.44050024
3.02180157
1.06816961
0.66888241
0.93409994
0.01449476
1.60293440
-1.76338925
1.58594055
1.06204975
2.62394124
1.22517465
2.09145956
1.08144092
0.02445041
1.83537021
-0.26440740
-0.16683956
2.52424693
0.14913585
0.69062623
-0.31317201
0.81405894
-0.69684740
1.43318400
1.38382465
2.11468206
0.22941263
1.43398889
1.38343060
1.73640583
1.04775196
1.96459153
0.34143467
-1.26952587
3.22788822
1.65321511
0.80681160
-0.85779371
1.06465476
1.03132979
0.30349271
1.10120359
0.81788791
1.46295484
0.44584600
2.36617931
1.56674347
0.14716651
