2.90831696
2.45561894
1.65373903
2.14305334
1.76277837
2.64440566
0.40621282
-0.21018639
0.56726760
0.92028094
2.73139497
-0.12896699
2.14707248
-0.82160481
0.21228772
0.50107213
0.25407985
1.66361941
-1.76309572
2.67415465
0.87767184
2.45328149
-0.10965190
2.04442450
1.08235664
2.33044730
1.11783693
1.99920455
1.72230847
0.60256214
-0.66020506
2.27774693
2.74101089
1.36658733
-0.15603282
-0.31047229
-0.69195935
0.15084649
1.72774926
-0.22394515
-0.21833628
0.79368417
1.95663986
0.78541395
0.51205183
2.16236290
0.38349271
2.17798392
-0.17843341
1.68689334
0.91249967
0.93267604
0.04142229
-0.39497096
-0.22313246
0.09850353
1.11658941
0.39667785
0.31372389
0.30995501
0.25688657
0.79783269
0.65671511
1.15718275
0.80271198
1.73124265
0.06029442
-0.64466713
0.67313753
3.30597206
0.12246526
1.36130332
0.54393111
-0.08731892
0.15180879
2.15594833
2.18408638
1.07444836
-0.59220871
2.00011523
0.36251636
1.63291310
1.87308250
1.19124363
0.51024868
1.36718535
0.57034514
0.86376899
-0.25593938
1.38806310
0.38959566
2.14116477
-0.06629123
0.24036500
2.46732555
1.50636639
2.11192710
0.21209209
0.55727486
2.02497741
