-0.01949504
1.32231141
1.98185495
2.34396741
2.00479587
2.13471888
-1.23733341
0.68726914
0.92334080
0.05131685
1.96687610
0.38794234
0.53049589
3.05520941
0.16180785
1.15126004
-1.11296490
1.11730567
-1.16575460
1.35350729
-0.55145532
0.50066629
0.54209960
-1.45457937
1.46998804
1.83513019
0.72016758
2.12965878
2.78599060
2.93370710
0.34880415
3.23404890
0.60915167
1.50322599
0.12963146
-0.86847424
-0.86104884
0.93449124
2.70336155
0.76940134
2.31748660
1.23652320
1.95650116
2.09211537
1.91761185
1.09945262
1.72083672
0.16017025
2.62607685
1.21345578
-0.06828839
1.61309345
1.67145221
0.99998671
0.04833871
0.07253922
-0.02702187
2.00313410
0.97376817
-0.12878291
2.37725894
0.36575913
1.57314574
1.38352934
0.85558174
2.22862004
0.38460486
2.24455326
2.08396143
1.10618505
-0.11418592
1.93273962
-0.07844225
1.91138488
1.58163703
0.26307134
1.90078894
2.50043261
2.80838825
1.12310554
1.60013893
-0.19145231
1.20794100
-0.46106358
1.32553971
0.85118886
2.05298103
-0.25421543
1.66490366
0.70475395
3.04822174
0.64774355
-0.08026902
-0.59633303
1.65080240
0.18583611
1.13643098
1.68639721
0.82076619
1.77322329
