0.50434129
2.22636755
0.97038378
0.21822466
-0.64326657
2.12801087
0.80821592
0.65949395
0.62904745
1.71028451
0.68010726
0.26185434
0.43670609
1.98357755
-0.28844208
0.72842986
-0.03668212
2.20606239
-0.06378345
-1.33949282
0.40160116
0.56766046
1.60509416
1.27685912
0.13051995
-0.83762789
1.41278920
1.63669019
0.33607677
0.76762967
1.54051816
-0.64907156
1.90715671
0.78194948
1.23954505
0.04185684
0.26333877
0.82223492
1.87568002
1.15687977
0.84207423
0.94885470
2.96817306
0.74019632
1.20872873
0.70938077
-0.57771541
2.74661267
-0.29775463
0.64903780
1.21016305
0.60326206
2.73677400
0.60815316
1.20831658
0.68768290
0.93441025
1.21370588
1.17955884
1.93014660
1.63037641
2.57591419
0.82294630
1.48135325
0.84333401
2.16555331
1.59857494
2.06711897
0.61937350
1.01756804
1.11100632
-0.04408509
0.61800514
1.59313928
0.65505039
0.29878543
0.98735448
-0.68812344
-0.21757600
1.79874524
2.09471420
1.92805378
-0.31232558
2.94733634
0.70876781
1.54144830
-1.58410013
2.26886603
0.98447805
-0.87259009
0.13102898
-1.91300694
1.38492640
-0.50723563
-0.10082908
0.10247204
2.24495426
2.99691167
1.78051884
2.14524150
