-0.57729704
1.07801158
0.85792328
1.02370916
1.74550193
1.30756081
1.01656999
1.89823288
-0.74137132
-0.28184742
1.03439210
2.02470094
0.98070660
-0.23669391
0.22524608
2.43088495
0.24470583
0.90569045
0.56393690
1.64555440
0.58798833
0.75245562
0.71059998
0.01438371
3.73003774
-0.93783820
1.99729886
0.62354565
-2.23223475
0.39318422
1.33889329
0.23042560
2.05399883
2.31418236
0.81208625
2.10618124
0.31437717
-0.84688926
0.90737688
0.91347197
0.28214220
1.89400689
0.03445604
0.21778361
-0.24607676
2.93931177
0.18749636
0.24159623
2.67368455
0.49049196
0.90920235
-0.58185974
0.08134489
0.95755104
-1.08362041
1.75009772
1.58537744
1.87337316
1.80324861
0.69079794
0.57776208
1.33488067
1.54411660
-0.92961453
1.74032675
0.73726742
2.55277409
1.13701795
0.00372965
0.59591691
0.26342723
0.58339413
1.15539635
2.18146869
-0.22509103
3.07539302
-0.70275945
2.55461590
-0.48870984
0.74443064
-0.93318147
1.04897617
1.58747315
0.68277532
1.12520673
1.43742504
1.56921401
0.44341412
0.65797349
-1.02233452
0.68465159
2.17110420
-0.46363173
2.15403576
0.21335094
1.49959037
2.54058910
1.21456784
1.26414705
0.54215954
