3.02013814
0.10383925
0.35775148
2.07693320
0.39764820
1.17699904
2.56912701
-0.28570843
-0.38301641
1.11504591
1.13117059
-1.30188747
0.30519824
1.47946579
1.77756950
0.38939613
0.88313145
0.80125504
-0.20805554
1.92689712
0.02358984
2.59929787
2.60944251
0.87770595
-0.40626109
1.94996272
-0.05372628
1.91722983
1.71771531
0.93442884
-0.56321622
0.79487367
0.31355138
0.21893998
2.62360880
1.34874632
2.25357864
0.73517722
0.90961403
0.47794796
-0.44052530
0.04864277
0.46684770
-1.49038959
-1.13959929
1.37626555
-0.67610226
2.17942285
1.04599762
-0.46729697
0.28010462
1.02952541
2.25792560
0.04658754
0.81285776
0.68043487
2.60148840
2.76293865
0.84792650
0.75967263
1.57227036
1.78408266
0.45718416
0.18655476
2.51797084
0.59576637
-0.68831409
2.53364017
-0.73996659
1.14507122
1.47843651
0.79778585
-0.31571585
-0.65711630
1.37338198
-0.02578375
1.62333365
0.55710928
2.62967335
0.96331023
2.85911526
2.11401591
0.29366474
2.58817131
2.44031818
1.15127824
2.53950127
1.39127019
2.49110700
3.10351667
0.58203920
2.53383969
1.72104177
1.41804849
-0.09821376
0.18334092
0.91362996
-0.44871752
1.43087693
-1.03130590
