1.33730953
0.63001070
1.69016054
0.60874940
0.70392773
1.47663336
1.47941083
2.06058744
1.03859748
1.04834168
1.80141136
1.21183959
2.30017039
0.76459016
-0.25536689
1.91787245
1.61513312
0.23413640
1.80263863
-1.21897210
0.37781502
0.25486381
2.66643651
0.23957802
0.94465454
0.28993483
1.69562579
0.91040566
0.71414274
0.70152631
0.71783835
2.02690472
-1.53248694
2.09383932
2.57632846
0.47866193
-1.46168423
-0.78267410
1.04673515
1.21289079
2.77269413
2.00862097
-0.28468667
1.28808099
1.96917792
0.82821365
1.54023443
0.53643983
1.64823319
-1.48710602
2.07376476
1.53558029
2.42385919
1.60369946
-1.79854559
-1.48556044
1.93667788
0.70940455
0.01516422
1.70713671
3.30299322
1.36418842
0.05204077
-0.60466592
1.83208759
2.98039240
1.77537177
1.41720814
2.38661936
0.22201449
1.24939829
0.72741284
-0.59143853
-1.23576094
0.33521282
0.11256096
0.87180142
0.98681768
1.40650236
0.63210358
-0.25986589
-0.43133600
1.20518023
0.22556687
1.37419181
1.90959125
0.75632045
1.17851612
-0.05137444
0.37922323
-0.52412901
1.04273207
-0.25823033
1.65025474
-0.39326620
1.83288963
0.53587237
1.12442081
3.55422198
-1.14466471
