0.85934731
1.30748507
0.97979999
2.27395071
2.14973514
1.89341264
1.82019150
1.63836503
0.80724320
0.95756390
1.87513822
0.50269214
1.99422103
1.42583404
-0.23055474
2.91174183
1.62776960
1.39826865
-0.12700062
-0.48467371
-0.65348499
-0.28100632
1.51294699
1.18910722
2.30089020
0.10318449
0.56049361
1.46787985
-0.25915883
0.09922466
1.44710140
1.90259138
0.09767221
2.43821003
1.90184960
1.33543114
0.97482031
0.93138422
2.50718531
1.77280877
1.11354413
1.65870045
0.59160461
2.67300762
0.98869871
0.14603165
1.76533669
1.71081115
0.00842306
2.12367936
2.47370869
1.40207009
-0.19765104
0.28826004
-0.62381553
2.94319412
0.40889853
0.28819277
-0.41155655
0.61771516
2.83252556
0.43710624
0.51903067
2.60424366
1.40892456
1.78722628
1.61015779
2.36914986
0.59638027
-0.13762777
1.42837386
0.88388206
-0.31554802
0.23262143
-0.90821747
1.32123539
1.38244038
1.79309409
0.92329641
0.51531447
0.60158950
0.11734962
0.53887128
2.25239647
2.39407869
0.34201799
1.89965370
1.34435726
2.04410010
1.51604066
0.05831919
-0.03976114
0.85210365
1.13583313
0.90221352
1.70681566
1.70291060
2.69822455
1.56084262
0.21522038
