1.32526719
-0.24741191
1.99780269
0.84244250
1.67394017
0.62185001
1.29928290
0.28177206
3.07131785
1.39376834
0.13053360
1.92647455
1.27143233
1.09782153
1.46532321
1.24664895
1.38586193
0.80820916
-1.49512664
0.91530360
0.87317007
0.17800311
0.23509063
0.23220692
-0.12751046
0.81875973
-1.21314541
3.64412098
1.24012376
1.80392074
0.82753661
2.07246466
0.11375785
2.23800153
2.29912121
0.59273605
1.29445073
0.66612547
1.06834698
-0.12494129
3.53992317
2.99937484
2.09197444
1.14911784
1.88467848
1.79822635
1.43885321
1.53279925
1.56076277
0.64093219
-0.30532638
1.18102675
0.50219873
1.98374936
-1.66519674
1.70346709
-0.11384427
0.71956235
3.00998693
-0.02546467
0.94017756
1.62305201
0.66016364
2.54467227
3.44757505
2.56021642
0.87898131
2.74865310
1.80226810
-0.67080063
1.44530235
0.58812447
0.12495260
1.84661230
1.10248219
1.24695485
0.46937025
0.87026280
2.56254207
2.11239422
-0.30457039
0.22398913
-0.67308468
1.56984497
0.74966978
1.95581150
-0.55283933
0.49280360
1.17946830
0.95359399
1.35824533
-0.46917611
0.34984299
2.34096294
0.88071928
-0.03692153
0.55040080
0.39774646
0.37356173
0.21719940
