0.36609471
1.93109676
0.27639852
2.06176723
1.55353433
0.19600476
0.97370265
0.58654830
1.60670913
2.40406734
0.11789805
0.71531942
0.70948824
1.33089566
1.24198342
2.87440318
1.21609569
1.37389941
3.61084505
0.57986227
-1.61024560
1.31054103
2.39752515
1.18466305
0.96396171
1.21201850
-0.17688104
3.39457888
1.95352120
-0.95618792
0.78949119
1.75805736
1.14481304
1.52026116
1.29262176
2.00353188
0.74215724
3.45879134
0.02565249
0.61063783
1.56556900
-0.23746973
0.80544519
1.39124548
0.67099523
1.53436497
1.47335483
1.99623648
1.86348614
2.06635451
0.43450372
0.83783324
2.91142220
2.68481287
1.98656964
1.59491560
-0.91336289
0.18585936
1.02496602
1.37964011
1.74438823
-0.30500396
-0.30919801
1.54971125
0.45801612
-0.91141906
0.81356019
2.51515937
1.41284505
2.25813062
0.05674898
1.74163837
2.23743733
0.34990359
2.16724589
0.23070429
-0.37629058
-0.79245970
2.38076831
-0.66063704
2.12001940
1.21639680
2.32658643
0.09717811
-0.56529848
0.76544799
2.12518684
-0.77421900
2.01451377
-1.07823095
1.49390407
1.53543402
-0.17577628
0.62177200
0.55212693
2.53840356
1.20437071
0.59809031
2.46181921
2.23773784
