1.98052146
2.02572919
0.38332416
0.94877003
2.55883019
1.09405040
3.85485918
1.35464732
1.79427252
1.30231073
1.27603873
1.52878072
1.17929380
2.83450143
1.57650906
0.81283201
1.96346638
2.65050351
0.07187194
1.58015146
-1.59585694
2.97378729
1.92177814
-0.73773992
1.99453138
1.63474236
0.31194746
1.31810988
2.77192231
1.07320762
0.06139285
1.68820058
2.03254245
0.55994525
1.02245144
1.47807773
1.35864545
2.04158201
-0.12528092
0.49461699
1.84671736
0.96152223
1.02837668
-0.26174046
1.87242039
0.58976254
-0.45419544
-0.15827397
0.18728158
-0.33478322
2.51972737
0.08011355
1.75594814
2.35316823
-0.79739807
1.36074264
0.06212852
0.95621708
1.47733748
-1.20373746
1.54778069
1.30635777
1.11213674
1.35230308
0.42285797
1.56909804
0.28890916
-0.35542687
0.95655034
1.86505293
1.25196134
-0.93732343
2.15388315
1.63831914
-0.43376099
-0.85688544
0.11877671
1.67521063
1.39264934
2.47878801
0.72492576
0.24272069
0.94904545
-1.29663459
-0.39301285
1.03993440
0.23805418
1.00851821
1.92798636
1.69935668
2.29260231
1.82304382
-0.03407679
1.89204442
0.37534325
0.02472496
2.18127484
-1.31093219
0.16013138
1.63981522
