1.41027580
1.58958259
1.71111119
1.04880628
1.86435178
0.39856477
1.26228668
0.65805989
3.70023685
1.59482321
-0.88233610
0.04008982
1.05494369
0.47274868
1.09728521
2.15734464
-0.42840360
1.40806438
1.42398858
0.89020192
0.28990468
0.46859664
1.56328428
-0.23767005
2.97888291
0.79671314
2.45609293
1.93147053
-1.60019957
1.65013551
0.01823076
-0.16403717
-0.46020648
-0.55836292
-0.48248803
1.54353775
2.29198545
-0.36184210
1.48696215
0.36859379
1.23477947
-0.72796440
-0.03848921
2.26113847
2.27241111
0.23852931
1.18564418
0.56507735
1.72656930
0.90045067
-0.47374404
2.21433837
1.15901845
1.07098253
-1.02139147
1.01792900
1.28411288
1.93437155
0.78480056
2.04238979
2.06386493
1.07064997
0.85254085
2.76515989
0.97706193
2.07716688
0.84532673
-0.53377562
-0.12908558
0.08407481
-0.11802154
2.26209880
-0.58815912
1.48773945
1.44317305
-0.35355832
0.93624279
-0.70195118
1.41819174
1.26726668
2.10586530
1.14780850
0.65226461
1.89613644
0.64620046
0.84532771
2.09797494
-0.50433623
2.26300978
0.72712935
1.52393097
0.13299303
-0.60491440
3.97299018
1.47499543
0.91570143
0.67497875
2.37882771
0.98011321
0.80992846
