1.01878739
1.54044979
1.31926130
0.59475986
0.84971281
1.22687168
0.59358290
2.63887671
-0.50232032
2.53697459
1.05640143
1.40162478
1.03135030
1.44744247
2.88829418
0.98542273
-0.46173068
0.08906732
1.30132790
1.61291313
0.85338691
1.68456692
0.20485299
1.35386797
0.03786136
-0.29907743
0.87687678
2.32850367
1.52705141
0.47765024
0.06745265
2.25791175
1.24299305
1.78973983
0.36030807
0.07610911
0.09267515
2.05964587
0.83861361
3.25247935
0.78496750
2.08497143
-0.09374830
-0.96924512
0.95761525
4.26467639
1.96267625
1.36081316
2.13590196
-0.04970191
1.22275360
1.20390169
1.92788805
0.70664980
1.30919690
1.71157140
3.76573795
2.06338263
1.57454062
1.08735437
-0.61713422
1.19902465
2.49572662
0.95303623
1.87731370
-0.72212716
1.32748650
1.03827931
1.77486044
-0.14603297
0.28949171
2.92435040
0.16200020
1.48050849
2.04872262
-0.28690240
0.06440998
1.02027436
0.88757249
2.40973793
0.51129434
1.71333895
1.55616330
1.34866772
1.46112907
1.82290545
1.79116348
-0.08511214
0.76645875
0.99451365
1.43682425
1.50909586
0.30338463
2.49812369
0.09373635
0.95473054
-0.23414501
0.27427600
0.42688310
-0.57153576
