1.86680240
0.99623609
0.03006829
1.16661277
2.15013342
1.77232031
-0.09792636
2.20415185
1.70350137
1.48518175
0.72118442
1.45764506
0.50587408
1.28024290
0.38576153
1.29146469
0.05332118
0.83871807
1.21815182
1.19094205
0.74500375
-0.55120175
0.79792221
2.24908314
0.77922908
0.67063668
-0.30252742
0.83923538
0.96856040
1.16282361
1.87192001
1.47399217
1.31410584
1.05748680
0.77297655
0.87049904
0.96673750
1.15537206
1.19832870
1.22251430
0.00986128
2.07244346
1.78862605
0.51625345
0.74988680
1.55744060
1.40614746
1.74021172
0.14583718
0.56138016
0.89312256
1.87382225
2.09034599
0.70403229
1.89180552
0.39506536
2.35899677
1.20740353
1.26368219
0.94062838
0.97584005
2.37839035
0.27179351
0.11228750
0.78658348
2.55908709
1.51288200
1.83101101
0.98972493
0.62072197
2.55663027
1.72364376
-0.33213380
-0.68806749
2.33108605
1.11448859
0.90729181
3.28492096
1.38449625
1.10460167
-0.20348302
2.34704547
1.34995975
-0.02411872
1.77888694
1.30344918
0.78580414
1.16317009
1.16809594
1.11920913
-0.34057393
0.81472668
0.61925716
1.36178925
-1.48128009
0.50191374
1.48047356
-0.63606959
-0.31998542
1.07623970
