1.99577567
1.13904232
2.52581575
-1.33074221
-0.12986452
1.62614007
0.48789668
2.11640103
0.77958785
3.63534773
1.76354863
1.46210985
2.46167186
-0.59165182
-1.07569290
0.39497025
-0.65868848
0.19256690
-0.15830944
1.74134021
1.75497784
0.96213339
1.18680059
-0.44718644
2.77553055
0.44911128
2.30828886
-0.76812270
0.44174297
0.19455308
3.39243949
-1.51835837
-1.02271655
0.27472029
0.01357532
0.29921963
2.63004159
-0.27282823
1.39000483
-0.41300413
-1.15073829
0.03989128
0.83866966
0.42134828
1.24417456
1.42619482
1.18637184
1.49682175
1.12164834
2.76832615
0.80266727
1.21095590
-0.22254899
-1.21112396
0.16865862
2.57188145
-1.60558373
-0.50578744
0.53912293
0.66835825
0.36817383
2.01848108
1.76670986
0.08323670
-0.47394897
1.43150698
2.39229858
-0.63900299
0.69102818
0.95821934
0.24871450
-0.00878609
2.07465800
-0.13424827
0.98523197
0.22361182
2.25596435
2.43533766
1.72389288
1.71485763
0.38485212
-0.35165186
0.37199349
0.43650155
2.79962081
0.62060778
0.04088631
-0.58907385
0.03673858
1.33311741
1.26347597
0.21737090
1.52130799
1.29737681
0.74725537
-0.87192471
0.32441101
2.11220541
1.56735293
-0.02055028
