-0.23824554
1.07879325
-0.36767692
0.57535577
1.61959581
-0.39501425
1.20794775
1.04655447
-0.48218000
0.63678181
0.27282170
0.26862239
-0.16803392
-0.23638520
1.65309258
2.56651186
1.00518730
1.94414489
3.58589111
0.74539571
2.01280996
-0.35674295
1.16146167
-0.23804330
1.09875715
2.16978184
0.30629730
-0.98728159
0.29274277
0.54574639
1.60631233
2.76752857
0.04692161
1.75107558
0.96232863
1.58691799
0.76892068
1.14302718
0.49619245
1.57707567
-0.24790685
1.22967381
-0.42425356
2.73824929
0.84641386
0.22910166
2.24090930
0.00235186
-0.69339417
0.93295311
1.25206733
1.79581629
0.29153832
1.08676007
2.17106941
0.94529345
2.65127818
0.55398220
0.37915681
2.78520568
0.55605356
0.89971153
1.24212368
-0.05870425
2.13240130
1.21451266
2.42669365
2.23945663
0.07158040
1.26997469
1.39149601
-0.04260739
2.39276436
1.27863072
1.77269082
2.22709655
1.57177617
0.03151750
-0.34801855
-0.00098837
1.27505698
-0.22324966
0.57857782
0.98063630
2.27008865
1.88036297
1.50694654
0.45250646
0.25942352
0.53870332
1.61712793
1.07197160
0.31117129
-0.39071385
2.16277105
2.35937387
1.80517553
0.47265217
1.86739141
0.70727336
