1.42922738
1.89670550
0.81148265
2.16459090
1.57977806
3.50709655
1.02930556
1.12443842
0.74647037
0.19840533
0.00976579
0.98003189
0.99432458
1.23282423
1.32325487
2.21734818
1.98986824
0.28382208
1.21370245
0.41802905
1.35804400
0.83846799
2.44280909
-0.08924136
0.70552884
1.97287395
1.48567312
3.31075808
0.90271037
1.16519747
1.18552041
0.47810503
1.07731312
1.98229293
-0.44675583
0.79503581
3.46541856
2.08575155
0.81066937
2.76204770
2.30221006
1.91815253
-1.30210848
1.43448682
-0.62596584
0.52645455
0.42208551
1.09276558
0.66589642
-1.56893008
2.23529010
1.96606312
0.89556175
1.17847026
1.68486702
2.03858006
1.78521359
1.20663675
2.05867724
-0.96698246
1.53954283
-0.12490633
1.56564800
0.53856093
2.31730030
2.39865401
0.28935331
1.71051453
-0.34171315
1.39046907
-0.17229702
0.93251554
0.96858255
-0.58600486
1.96479981
2.45238651
1.43449653
0.73292726
2.64275830
1.02978607
1.05507142
-0.17984568
3.39500070
0.95410942
0.58435421
1.38337743
1.24926000
-0.55905210
1.36936214
1.17460147
1.29583833
-0.80967715
0.68684225
0.31916535
2.70791792
4.09609092
2.33831957
1.10480583
-0.15699731
0.07401547
