2.28211596
0.46224585
0.74810855
1.72157754
1.95166832
0.95780452
2.42213607
0.24119486
-0.37152416
1.66255203
0.09861121
1.26393507
0.93577527
0.50522897
0.83275940
-0.02254123
1.56376582
0.33021287
0.59004088
0.75952929
2.98768219
-0.60476313
3.13264462
1.49555105
0.50596848
2.10490620
0.60972382
-0.32048987
-0.52190717
0.34560639
0.33379232
1.49853492
1.53613736
2.92813058
2.33392796
0.27329010
0.04950101
1.80859929
-0.84927509
0.30387859
0.64372732
1.00172996
1.55793923
0.69973698
1.74752242
-0.14735247
0.34904528
-0.54817450
0.85655748
2.26569329
2.15222736
1.26683269
0.12662732
1.43965962
2.12510014
0.76424533
1.24071633
1.03326860
1.66790768
1.29012744
0.22564592
2.66933834
1.92997302
1.57594120
-0.43244484
-0.21859604
0.95909177
0.36185852
0.91167190
0.59942316
1.61091088
0.48065461
0.41606071
1.61785377
0.27829214
1.98206379
-1.02338873
0.02434341
-0.10032990
0.18832056
0.97588480
1.93101991
-0.22559526
0.58665989
0.80513585
0.00744221
-0.13268782
3.52483671
1.77258224
1.22499554
0.59124802
2.43416359
1.78933493
0.07808041
1.81929446
-0.12388417
1.92761764
1.18555904
1.79230511
1.90757350
