0.86313341
0.08347089
0.44164991
-1.24224185
1.06886158
1.43555502
-0.26347507
1.06880021
2.07643544
0.44980639
1.28529349
1.01140068
1.16344687
2.91229565
0.02772592
0.84981555
0.78432992
2.19505931
2.79094341
0.78785456
0.63675962
1.43244042
0.45346622
1.60230698
1.67648843
1.48809859
2.47233340
1.77951796
1.84382057
0.50284250
0.79269021
1.06708852
-0.21752464
1.56162042
2.35970020
1.95849933
1.66087000
0.04529978
-0.36299469
0.65730069
-0.56943330
-0.37959862
0.77555351
-1.16287098
-0.76150316
0.68944704
-0.72561136
1.19089950
0.79056235
1.17241749
2.28485249
0.59605497
2.49951423
0.02439373
1.72236243
2.50786667
2.05674570
1.35549240
0.27689612
0.50574673
0.95274625
0.84341876
0.35567747
0.70708788
0.45226817
-0.43717018
0.86336573
1.69323403
2.25177782
0.18481275
-1.05938046
0.08043415
1.58823638
3.00447962
0.39926810
1.37847848
0.49125348
1.34480080
0.19741312
1.25441044
0.89171260
2.53464101
1.43848514
-0.37184817
1.17783231
3.02345387
2.03350622
-0.34395958
1.56569321
1.53575463
1.11271012
2.05638271
3.31240988
1.21372933
1.18897033
1.38038471
0.88951596
1.00509510
0.06574501
0.51658117
