0.16211151
0.55385329
-0.63422884
0.36160883
1.99470662
0.32801700
0.94196324
0.41147414
0.77264344
1.30049545
0.54555241
1.82463658
1.44754394
1.35627365
1.24437462
1.47092340
2.76567511
0.52935446
1.95984819
-0.43241730
1.28648615
1.07998848
1.15480028
1.26764211
0.61072699
0.42307580
-1.49256317
1.92250643
-0.13219594
0.64005413
2.96457889
1.53276397
-1.10608521
0.54905885
1.41980974
1.90792709
1.54936648
-0.15636239
1.39747692
0.61084947
0.27578546
1.16407338
1.68673661
2.43579746
-0.07850984
-0.04096771
0.09279990
2.53045453
-0.39293618
0.16518296
1.85437550
0.91385797
0.53128494
-0.20487673
2.03302724
2.12727866
0.33810516
0.72292675
1.53767735
3.19506828
-0.53459050
-0.50649822
-0.02502338
2.39148977
0.90736296
1.87348614
1.20940907
0.30838480
1.13812358
2.22491374
1.81035572
1.08993863
2.09164680
0.89125765
-0.52860999
-1.49954846
2.64591633
1.43341341
2.24841721
2.19583265
2.85869421
2.36849873
1.95325216
0.28351578
0.72411823
1.37407346
0.98605716
-0.37287705
1.19730129
-0.03602224
0.05139444
-0.31154195
0.36989173
2.62343200
-0.29937746
0.08439710
1.10788612
-0.89775542
1.23034948
1.91737954
