1.83413740
-1.86144601
1.50838409
0.46668896
0.99133117
3.21567582
-0.12896861
2.22699248
1.51356821
1.48245679
-0.35087429
0.54675037
1.57707537
0.53474273
1.63410437
0.67921843
0.72056628
-0.17691373
-0.16363584
0.60078141
0.04802780
0.50396208
0.23882692
2.85840581
-0.06274998
0.63324147
-0.63984939
0.75797083
0.45160734
1.69307741
1.02526086
2.34118790
1.42475823
1.92205917
1.18898375
0.81915075
0.63657812
0.82180014
-0.24290924
1.04903866
0.48711692
2.41070604
2.09229663
0.67662326
1.91729815
1.20567666
2.15041524
0.38084176
1.03643787
1.57456969
0.53362921
1.83805860
0.48280926
-0.08884889
1.81470763
1.08811399
1.58046041
1.17629850
1.78725420
1.99621362
2.07273229
0.11689404
2.69567702
-0.08397748
-0.61105774
2.39621271
0.92873645
0.47488044
2.20148593
-0.23010787
0.72773917
0.85130070
0.64531980
2.32153734
1.33625128
2.58071989
-1.27178331
0.37595886
1.88919534
1.87705325
2.27904605
1.24178238
0.82419938
1.34007845
0.55283100
1.91824401
0.46358055
-0.08598949
1.69990692
-0.01032309
0.58551842
1.01904245
2.44468685
2.20138398
0.00189477
0.58018475
3.00311122
2.01790655
-0.48750898
-0.16987110
