1.31855253
0.88727995
-0.01348314
1.68683361
0.14651598
0.25713928
0.33191342
1.52389482
2.32828207
1.26455183
1.51479402
0.28373111
0.03200466
0.86413277
0.44488013
0.95370835
1.27654011
-0.40410932
2.94451486
0.13497815
1.68270836
2.46380814
2.55825113
0.04066167
-0.47805685
-0.39455871
1.71249754
2.40275707
1.45127580
1.53059601
-1.41489817
1.99256854
1.16728097
-0.36255424
-0.13456461
-0.27168280
1.02912763
0.96538336
1.23728657
1.19471608
1.89338720
1.96398458
1.47669877
2.16538353
0.75536616
-0.51257944
1.12605631
0.41116773
0.29089705
1.77050358
2.32867890
0.03782243
1.38986404
1.87224277
-0.43818248
1.52087410
1.39697523
0.00111694
1.72439761
1.75352720
1.51066832
2.23228973
0.17685544
0.78721557
1.54665180
1.18970605
1.22326449
0.18901053
0.35096105
1.76257292
1.76150873
1.20857270
2.65572905
0.25915158
-0.18510129
1.46148025
0.09872858
0.96563237
0.99876953
1.94101533
-0.26059509
0.82797441
0.67119738
0.87573742
2.08424818
1.87204283
0.26563082
3.78985264
2.78897963
0.52710498
-0.19288617
1.63347077
0.83571789
0.38803494
-0.12597291
1.42242095
1.78130271
1.15815411
0.70366470
-0.30079656
