2.35590917
1.41235165
-0.62846810
1.19349990
0.21189349
-0.30579476
1.83222730
2.10057542
0.31653812
3.14193243
0.20278198
-0.05588495
-0.29189688
1.13332199
1.92403498
0.22533529
2.34922344
1.22716292
1.48513001
-0.66383285
1.58124179
0.40685747
1.68905138
0.94045680
1.13158420
-0.54584456
2.96770842
0.34648445
1.74893301
0.60863871
2.78256161
0.92727644
1.11608463
0.35110275
-0.33748475
0.94844954
-0.37103616
1.36036459
2.68060776
2.04974772
0.09836171
1.62095644
-0.28571839
1.36469914
1.22658874
1.03097148
0.97929968
1.39385656
1.41361529
0.03297673
-0.02882473
1.81395957
1.58261408
3.14683284
0.25532665
1.59457068
1.51786890
3.17380472
1.62298549
-0.89996912
2.44313936
0.68338722
0.19810947
-0.30633542
1.87908868
2.11347528
0.50790914
2.24989799
1.23951084
0.09165720
0.35883819
2.11477257
-0.78555023
1.03041695
1.03418001
1.15684143
0.07942364
1.69489705
0.52824161
0.80594357
1.26974550
0.53986699
2.18698402
0.47428574
1.88678942
1.49688759
0.97241003
2.20761927
2.68466947
2.47231748
0.88294241
1.98148346
0.42595297
1.95334221
1.42169237
1.10935685
3.24021764
0.14989320
0.71231096
0.86738215
