2.16286960
-0.36168658
1.35619100
0.34945561
1.84780293
1.63213851
-0.89982576
0.13071072
0.66867308
0.71311188
-0.19743499
0.24679759
1.25351872
1.54942597
1.25412637
0.99608046
2.82784630
0.79539560
1.06620749
-0.11052251
0.17789864
0.66373952
0.26399824
2.26394265
1.11535090
0.67870503
-0.14644600
0.43175258
2.18282298
1.91981494
1.55052399
0.50251408
-0.07322967
0.46490341
0.47810903
0.69312334
1.37766812
1.14031286
0.92289587
-0.95359798
1.38424396
0.69285146
0.61187509
3.08254381
3.38365152
2.29692257
2.05439526
0.21387723
-0.40282018
0.36907938
0.92006725
1.96599899
2.04909916
0.75303672
-0.13845205
0.54474437
2.01558775
1.30482442
-0.19439776
2.87080176
-0.37220383
-0.47772886
-0.01027100
1.25100979
0.98149165
0.75741243
0.91730068
1.61447689
2.45535761
-0.29009750
1.08548343
-0.38462947
1.95568135
0.64272799
0.89308394
0.58209164
1.95261235
0.66187818
0.81204139
0.89578520
0.18584549
2.21492850
0.65157909
0.85347172
1.80964076
0.42908269
1.27059117
0.82444127
1.24076024
-0.49769362
2.98267182
0.50406261
0.86534251
1.51721437
1.38780112
0.49688749
0.73388060
2.33203527
1.92674849
1.40018698
