0.25830782
0.95847158
1.55244975
1.93474708
1.18872594
2.31678993
1.80526071
-1.63459832
-0.81481399
-1.13880013
1.34810801
0.53619630
0.55922094
0.88917968
-0.24155248
1.80018605
0.85673246
0.48464549
-0.33906331
2.11532872
1.42340886
-0.29580825
1.78587999
1.12129862
-0.19836049
0.96011389
0.22369182
1.58347518
2.46546642
1.43370095
0.45941488
0.88453777
-0.77972759
-1.24689711
-0.37846804
1.82662907
3.10992011
0.87884447
1.55173614
1.54745992
0.02777718
0.68704121
0.81936562
2.26822882
1.51221880
-0.04723311
0.47873206
1.53067900
1.07155727
2.21130497
0.51935905
1.66893385
-0.65314376
-0.00605535
0.80333549
2.12901385
1.69047935
0.62588468
0.46566841
0.44269346
3.64833736
-0.51653815
0.81043992
0.93462274
2.48693814
0.44015233
0.22481013
0.60208174
2.53452697
1.62917163
1.09615734
1.24335704
0.65671071
-0.06784367
1.17138961
0.65934070
1.60322811
1.51263557
1.88409614
3.07035109
-0.66236649
0.35285943
1.79428601
2.42037207
1.34407809
0.49918872
0.36354060
-0.44006064
0.59316524
0.45329303
1.77301974
1.94884864
2.76957975
-0.24156447
0.05479991
0.66562165
-0.14645594
-0.74657547
-0.52506003
0.85032810
