0.35750440
-1.15376619
0.09529386
0.93503165
0.42728851
2.43065024
0.92740130
0.65391604
0.31140267
0.96660094
1.20303378
0.06377605
1.89679819
1.78027105
1.41916395
2.11423063
0.18069761
1.13603304
0.90263830
0.29267220
1.84670207
1.01002376
-0.70738719
0.65320627
1.27450889
-1.53789745
1.18402824
1.37007758
1.99255302
1.67558323
1.09897153
0.05673039
0.14401652
1.16924138
1.11187868
1.02003162
1.36532524
1.37837998
0.36277007
2.10419580
-0.88657758
0.47152556
1.88864543
1.74150183
0.89947339
1.51986558
1.98554905
1.97317880
1.03940359
0.64082653
1.63633201
-0.00545281
0.47168713
0.45694241
0.73564477
2.34415254
0.69513862
1.43714715
0.36518951
3.00408168
-0.24619455
1.01917850
-1.28161990
0.56712816
1.48555243
2.95805872
2.27210620
1.22982033
2.06385432
1.60481730
2.64080554
0.71157885
0.91397168
0.24809498
0.85680758
2.92087786
1.03183049
1.98368794
2.74412419
0.13330419
2.62378766
1.04278211
0.13759053
0.21180377
1.09557555
0.67892939
1.34295444
1.78679704
0.24698807
1.11846265
2.82121639
0.70612146
-0.58091781
-0.41535462
-0.30823167
1.08820954
2.37510613
-0.34462723
1.90922680
0.49748105
