0.97564867
1.03314425
1.62302196
0.82558950
0.03743714
0.32279369
0.11576478
0.86052285
1.43671460
0.18004693
1.09348969
1.78817360
1.72593843
0.31456256
1.29808753
2.49376985
0.06856719
0.15570056
0.50212238
1.04026811
2.09366462
1.95794545
1.59743188
1.61835086
1.85923505
1.79080179
0.61414546
0.90210422
3.12721648
2.75651608
0.86165418
-0.43928574
2.59511273
0.56762356
2.60213513
1.05483310
1.11729746
1.73034545
1.88268254
1.43777045
1.37991925
0.42704069
0.89261784
-0.12238165
-0.30651970
-0.27155141
1.74929884
-0.08481920
0.11147738
1.37502621
1.38473142
-0.96967837
1.59039026
2.22765992
2.44641436
-0.71483076
1.38982978
1.02546912
1.41104294
2.33346736
0.33656157
-0.66363989
2.32342400
0.62011537
1.22656914
2.79628548
0.53624943
1.09521327
0.53063755
2.24876933
-0.13776713
4.30495415
-0.58376525
1.06878062
0.16513654
-0.49971220
0.65184822
0.53114772
1.14733596
2.38340991
1.16754872
1.33165880
2.13218869
0.51827299
1.40180307
-0.23016218
1.97965306
-0.00796925
0.53275930
2.46812816
0.46948848
3.87965539
1.65867341
1.71272542
0.80479696
1.31192680
-0.21459377
3.83461870
2.27986220
1.28400561
