0.74599373
1.00831134
1.50212861
0.90650961
0.70057187
1.01057324
0.23923313
1.39130849
-0.03442513
0.64231444
-0.42487728
2.37218767
1.31468073
2.78047087
1.44181491
2.74333889
1.39825920
1.25923923
2.07653192
0.47617709
0.63662347
0.82988618
1.83441151
1.13292611
1.33064878
0.70637759
2.24371274
-1.41929112
-0.55867757
0.65851431
2.15726603
0.99122933
1.08623105
0.46407605
2.36376481
-0.03295596
-1.00144426
-1.24285031
0.99291974
-0.35078924
-0.60747998
0.86183355
1.04824806
0.73044027
0.80362091
1.76250478
1.20808647
0.19565531
-0.23010989
1.78942888
2.88663330
0.82186660
1.82748180
1.37370172
1.28493105
1.66059934
0.12382072
1.76754704
-0.74577883
0.91779581
-0.10240092
3.22248701
0.75302635
-0.55147409
1.88668507
1.18843414
3.03944078
-0.23469633
0.85577374
2.94667131
1.10255075
1.13286896
-0.51232219
2.37706928
0.80729639
0.54278998
2.83046887
1.44729630
1.57135442
0.06362066
0.86223249
-0.08055774
2.20210624
1.54264102
0.93615798
-0.00938917
0.76481421
-0.20188092
-0.32093779
-0.80328848
-0.69307732
1.53605322
0.66122608
1.27799784
1.17648976
1.33241824
0.61246267
1.08473332
-1.32040985
0.22367567
