2.89314747
0.88318528
1.75683805
-0.75618301
0.57455211
2.72932629
-0.10869733
1.04549376
0.24526708
3.21179860
-0.18874672
1.81890125
1.87433754
0.73229926
1.47840100
-0.08507560
1.31025471
1.46078251
-0.52238806
0.56561873
0.09760360
1.59666114
0.65680416
1.21922497
0.26175599
0.30845822
1.18176877
0.31333911
1.46078199
1.45934824
0.17025514
-0.56118479
-0.31775695
1.27939476
-0.82778911
-0.20794155
0.86707405
0.52727016
1.15518541
0.85112694
1.34259240
-0.36489590
1.69892980
-0.05406240
0.10813073
1.44502413
0.80483951
-0.00384233
0.45059936
1.79394206
1.56467173
1.58708321
0.06769964
0.26845432
2.03559118
-0.37303374
2.31473048
0.84320553
0.56076089
-0.11285157
0.08891574
1.20090612
-1.05528767
1.05787686
1.34421151
0.03283165
1.25907848
1.82080167
0.07939283
-0.15150336
0.79012770
2.22302058
-0.02242603
1.64835544
0.85517313
0.55605252
2.69198833
1.68155512
1.51473127
1.62503866
2.29509181
0.16189130
2.26822617
0.42733552
2.58603831
1.59137943
1.67665167
1.52292300
0.85243334
1.56185799
0.54459383
-0.39599033
-0.46747681
0.51849162
-0.01327667
0.73359396
0.06382984
1.37729517
0.94086879
-0.88637920
