-1.65048932
0.49267229
0.32389022
1.47367929
0.31662569
0.64820869
1.07525159
0.49395384
0.65494439
2.75417424
1.71143403
2.24713755
0.08867060
1.28150777
0.65664509
1.83512369
0.11872601
1.45521671
0.36489869
0.75776753
1.60113050
0.25760183
1.24756162
0.59551920
0.93256374
0.76197972
-0.02746200
-0.43845614
1.72045014
1.26217636
0.52075676
-0.01049909
0.87513600
0.35541402
1.26913996
1.79119891
1.13113904
-0.19850185
0.81492656
0.53122195
0.05423065
0.24079681
1.58915451
1.80646148
-0.85696189
1.39697170
0.86618951
0.47831515
-0.24456717
1.81832024
0.98540036
4.55802962
0.70134684
1.96825829
1.57133215
1.72175536
0.43625080
1.58819115
1.21578336
-0.64151677
1.37576504
2.58106129
1.26337578
2.15480182
1.44215521
1.58377230
2.50608753
0.60135011
1.58804180
0.51996980
2.66248867
0.12479381
2.15996178
0.98504735
1.65307040
-0.30216963
2.31864696
0.83295681
0.47690959
1.61103537
2.14937051
0.73807197
0.22704890
1.95991378
2.16727514
1.19242193
0.47506879
1.10461810
1.40853541
0.82637109
2.00562896
-0.28654158
0.65980792
-0.79428951
1.24091804
-0.69626291
1.48845834
1.04623752
1.14501518
0.05049916
