2.14408973
2.33361101
1.72355673
2.92169245
0.46800090
1.68792968
0.47207126
-0.42438608
3.66418064
1.66112981
1.31953809
0.38389846
2.09467767
-0.01578114
0.94794390
1.34848306
1.00949164
3.02964636
1.52812305
0.38933005
0.50946194
1.07934603
0.24924488
0.04243302
0.26475542
1.40974420
2.61761028
-0.09592939
1.26266659
-0.07715329
2.79376857
-0.30012308
3.01619492
0.35973068
1.54807655
1.68700736
0.75040466
0.66020653
2.17682570
2.66321791
-0.02076877
1.38921271
-0.32939779
2.74138802
1.51335314
0.30522156
1.58829124
2.21411553
2.63968552
1.29721108
-1.17878525
1.14935662
1.79716498
0.46654336
1.40021265
0.93596145
0.84396218
2.28407981
2.35055869
1.08830495
1.32343725
-0.38221770
0.51016171
-0.34568726
-1.15833392
0.50907397
1.41661741
0.85253953
1.80801067
1.73180708
2.33087404
0.66350096
0.99611043
0.45035516
0.95765640
1.55365485
1.08892193
1.72894489
0.54245666
0.68067612
-0.39529306
2.76183034
-0.72135782
1.59892832
0.71756430
0.68284920
-0.09646555
0.22649472
-0.24382617
-0.24104571
1.43254383
0.75299377
0.22646980
0.01099818
0.29942257
0.53112716
0.44079778
1.16964750
1.06729963
0.95489463
