-0.76906649
1.43148050
-0.45254155
-0.45162125
-0.52656811
1.04297683
1.14603646
1.07760171
0.57150651
0.97456480
-0.68966900
1.04166128
2.17153221
1.18742874
1.61913243
1.51277329
0.17130498
1.28501293
1.07277521
0.82652074
1.85704536
0.19819933
-0.03434694
1.29270233
1.35393153
1.37589413
0.24488029
0.65736273
-1.58982675
1.20155757
1.59987083
1.69809598
-0.03819528
2.41677530
1.23773736
1.22839435
-0.23215184
-0.17483790
1.16007565
1.03077860
0.32559641
1.05832585
-1.47042777
1.07199587
0.61159326
1.04167748
1.95666714
1.28469091
0.49983586
0.86133360
1.34751478
0.62002045
1.63538286
0.00698631
0.80114781
0.60207712
3.00997947
-0.59122955
1.21467662
0.91374089
-0.13231330
1.41660375
2.30249239
2.21269667
2.67576317
0.20191894
2.30560736
0.40810366
1.72950405
1.13459976
-0.16817598
-0.26237134
2.75403865
0.83867773
1.36882926
1.92928782
0.56680000
2.49568700
0.67302192
0.02416896
0.03436092
-1.75634718
1.57938110
1.72824039
2.14442460
0.99604862
0.40629906
-0.07475149
0.70096826
1.34852583
2.62702169
1.92733454
-0.62643634
1.09868489
1.55430123
2.10670472
0.71698673
2.47842102
1.32104133
0.81235485
