1.87495872
0.45941661
3.34893657
2.06925005
1.11404911
1.76223391
-0.50804791
2.11228803
0.70667509
0.21169704
0.52984935
-0.74937982
2.25110950
0.30358543
2.55541586
1.65871230
0.80393359
1.63491302
3.18174031
1.48884326
-0.02949127
1.22486250
0.86948963
-0.03148540
1.46175569
1.44119235
0.98368500
0.76376822
1.09842973
0.78855959
-0.03119448
1.51608233
2.50463803
-0.17322562
0.43705972
1.15783848
-0.26002728
2.12122235
2.36404043
1.37010100
-0.65606563
2.09737962
1.93206068
-0.06796721
2.04208427
2.06945449
2.62852676
1.10803801
0.22243197
0.55529371
1.53370159
2.34283059
2.46163840
2.40615747
0.15838038
0.37780758
0.07667689
0.00694578
-0.86227527
2.20194936
1.53826954
0.04869130
-0.13603085
3.40278133
1.72804604
1.99129403
-0.21456007
1.30345784
1.24505952
1.26635817
2.47352070
2.28449357
0.94695705
1.39500897
1.30759839
-0.17517867
-0.21793043
0.37321353
0.78569677
0.05936034
0.52571087
1.76854176
0.21211104
1.91659694
0.23082411
1.29815421
-0.20981759
1.72486303
2.23436179
-1.28733037
1.94438390
-0.09847205
2.86559409
2.58579811
0.88113992
1.00031856
1.93532388
1.07660116
0.76072938
2.37879959
