1.50906278
-0.35134236
0.92701287
2.58479878
0.60376660
2.25990944
-0.43507019
0.38944369
2.78165962
1.22665181
0.57483306
1.12776803
2.26794736
1.97934886
2.10083550
0.83607226
2.46881594
1.59176272
2.47367580
1.23262328
2.60068429
1.72876083
4.72300014
1.84584289
0.87420376
1.66789803
-0.28275908
1.63230505
1.73280127
0.85762092
0.97713283
1.00686338
0.10836592
1.37394057
-0.43146690
3.20258757
-0.15807684
1.43221454
-0.33552649
0.66830082
1.18686978
2.83211337
0.42349220
1.50240641
1.14109241
2.99928012
-0.13269324
0.84389027
0.78383141
2.56558347
1.07076357
0.90298235
0.75568790
0.14546737
0.04399562
0.75467081
-0.16060146
0.85178737
-0.33470929
1.11952317
0.85019238
1.45926681
1.50494157
-0.25984776
1.06647603
1.04119655
0.74479246
0.62796886
0.88897170
0.34928631
2.41747980
1.68713637
0.34202787
2.27993852
1.41230817
1.37513467
2.21832775
0.09444709
1.90397180
1.51233999
-0.30938369
-0.66678118
0.86203368
1.31001421
1.82482941
0.19528403
-1.14909992
0.05795541
2.77632749
0.69821665
0.28247434
1.69856697
-0.72400402
2.87993787
2.42444512
0.35143857
2.98502125
0.72764502
0.78242175
0.82964684
