0.53870015
0.37370421
1.60013464
2.31607113
0.63816775
0.83852528
1.81017333
0.18390413
0.25190039
0.72846410
-0.44804801
0.26012899
1.83835340
1.79653743
1.04621300
1.83577918
1.39484662
2.22447297
1.98420032
2.17567094
0.53318941
1.77600652
1.59964667
0.33442016
1.78696411
2.95552396
1.69313798
0.76809361
-0.32406775
-0.65660133
-0.82334614
1.12971674
1.63443331
-0.43461056
-1.29652088
1.72556089
-0.52980811
1.62772389
0.93264817
1.45909468
0.02616358
0.21241547
1.32840565
0.86392898
0.24422238
1.17266827
0.92420032
2.28346732
1.87819624
1.24583610
-0.22439473
1.50764574
0.19713796
0.52705634
2.22304813
1.06724222
-0.79458390
1.22261777
0.88720597
1.59749961
1.23541094
2.27630698
0.60239729
0.64621691
0.43555270
2.09807880
0.90536002
1.21746394
-0.02937001
0.75542269
1.81695920
2.24055116
0.05044279
0.59940090
0.22024885
0.35861467
1.86484963
0.70855538
0.42559220
-0.06412842
0.14725410
3.32282638
0.38941938
1.16390055
1.40141750
0.16595696
1.65110304
1.37637689
0.42583938
0.29412198
2.58399112
-0.29970347
-0.18869661
-0.25885976
1.56825802
0.78152254
1.51658089
3.03909758
1.53227325
-0.43937672
