-0.33771092
0.07809538
2.20404136
3.78976397
2.77114567
0.40114309
-0.11353485
1.51178340
-1.11014190
-0.19523094
-0.43724959
0.93150483
1.61869790
0.99039687
0.99282245
-0.30112274
1.29307660
0.70276751
1.80956429
0.72929267
3.08836482
1.29442130
0.52239424
1.16749065
0.86695300
1.33372579
1.41291435
0.88562328
0.64081748
0.63331019
1.48860105
0.52652852
1.50693030
1.26101525
0.18330134
1.81745738
2.49615318
2.17510080
0.69087554
0.75183325
2.10774714
2.41490892
-2.63368660
1.05535403
1.48600452
1.03867710
-0.34734763
-0.10255952
-0.62586497
1.17786919
2.48978493
0.73936368
0.92710326
-0.39373704
1.35998917
-0.87117784
2.75926707
1.77560356
3.07287981
3.43480547
1.35547498
2.53734187
1.38538693
1.09362218
1.37998245
2.27147779
0.19834991
-1.37519382
0.26116074
-0.14890374
-0.03508920
2.31277194
1.63028465
0.21969112
0.53862114
1.31715578
0.79601838
0.84680833
1.72200418
1.94475722
0.35487378
1.12106500
-0.45634007
1.66176257
1.21809089
2.11507239
0.68205172
0.77484442
0.36232792
0.79683249
0.02168893
1.31436690
1.58803525
-0.18721144
0.83379720
-0.43319709
0.84463372
2.60697436
-0.50930723
-0.08121496
