2.22543606
1.73352935
0.65454716
0.43810593
1.02737947
1.15444310
1.45277444
1.41901842
1.98923746
0.55246988
1.86321983
1.61641136
0.95845031
2.36446959
0.21357026
1.60889242
0.65534074
0.90402373
0.20853951
1.27521819
1.41766552
2.62753675
2.61577598
0.06154274
2.61779763
0.78930533
2.62321649
0.53214002
2.42445538
2.04187798
0.03659439
2.61295935
0.99393392
1.30797584
-0.77965592
0.60553928
1.93069010
2.20369246
1.82911045
2.68168686
2.79448723
1.82815513
1.92426005
1.82850131
0.93527111
0.20026841
1.91671050
0.45368449
0.98677386
0.45351876
2.91044026
1.35355824
1.91072060
0.79926173
-0.15212589
2.18733943
-0.62907777
0.62786681
1.62980284
0.43110111
0.73623038
0.32149741
1.12811277
-0.76774042
-0.32199178
0.33632044
1.61165880
2.58241495
4.76933086
0.34743469
1.03373488
1.06796546
0.61830336
-0.13791797
-0.19531844
1.12975118
0.54630367
1.83269456
-0.85801516
-0.39154424
1.23341321
2.90354431
0.74805388
0.52807203
-0.00067530
2.57498197
1.46238800
-0.53358914
0.56933511
0.45633673
1.32178623
0.72275330
2.13634844
0.62165795
-0.55921587
0.86829937
0.90573714
2.07015788
1.04938797
0.82389831
