0.79976802
0.11459894
2.24363397
0.27790930
1.14966972
0.85358299
0.11891877
0.58327370
2.14620972
0.22854303
1.05718871
1.36540955
1.24330070
0.01072567
0.42951671
0.54400542
1.26369678
1.30649630
0.88952109
0.49768644
2.47717163
1.14573546
1.47626764
0.37929749
0.33939146
0.71033113
-0.21897514
2.25065230
0.86348578
-0.71351036
1.26352609
1.01774757
1.26913465
1.30841604
2.64731133
0.68530625
2.20821680
1.18697890
0.89549026
-0.44343914
-0.00929479
1.11977181
0.70848501
1.52172495
2.17610694
1.24119745
0.67535832
-0.36263208
1.37803976
0.21709972
1.86851069
1.57414877
0.36544953
1.99346065
1.08098956
1.31613374
-0.28049445
1.81473215
2.23183270
0.33223011
1.99954641
0.86582997
1.50974907
1.92158310
1.97537096
0.41331678
-1.06337737
1.18111045
0.74259738
1.51244302
1.11003212
0.78499917
2.30280683
1.35317681
2.73591209
-0.05285325
0.02296395
2.00385677
1.44434041
-0.59978556
2.09219208
2.09886199
0.61207671
3.07570224
2.21167136
2.09365565
0.72825961
1.85168927
1.27387950
0.78095953
1.23910951
0.71585639
1.89102528
1.25447418
2.86770852
1.17002744
0.09503512
1.66388393
0.58409686
2.29896642
