-0.86316362
1.83765125
2.11494327
1.72718439
-0.35434545
0.73764908
0.73571272
0.87171046
-0.07704366
-0.35099387
1.81098928
0.97149013
0.57204538
-0.25185868
-0.07881764
0.62731211
-0.16223534
0.87318881
1.66504679
0.42010133
1.60772465
1.33897873
0.83927568
0.33944729
-0.83589713
0.30546092
1.50732808
1.47237058
0.75551608
0.41205483
0.74961087
0.70632395
0.28482281
-0.34408517
0.25377882
1.67932528
2.32832365
2.37060012
1.03943836
0.28606285
1.84324430
1.18835791
0.43099426
-0.25850235
0.19213100
0.13575787
0.10982640
1.68499264
1.42348145
1.23316394
1.89632942
1.22737334
-0.98587768
-0.29245220
0.88083093
1.46669999
0.31632272
-1.34469466
1.30342389
0.58073768
0.19560718
-0.57461502
2.03248586
1.97036904
1.02741964
0.58466684
1.73621238
1.57851390
0.61547104
0.63723712
-0.51956631
1.51261013
1.58400379
2.35982797
2.32723012
1.08405668
0.14107623
1.69170526
0.85709062
1.42786808
1.33974607
2.32827709
1.37784174
1.36325100
-0.38627933
1.03252127
2.04382816
1.22298976
0.78522775
2.44901737
0.51826937
0.20264964
2.35697008
-1.07107444
0.39747442
0.52128859
0.80625313
2.56803560
0.85910780
1.03990665
