1.32962155
0.78558632
1.84905996
1.70650409
-1.48421167
-0.11439429
-1.46597045
1.63725823
1.02937121
1.36371812
1.13542037
1.13736457
-0.82399431
3.29742325
0.28785695
1.15350146
0.78005288
0.47144852
1.16264737
2.71303131
2.26084934
0.53505155
-0.60853111
0.13136770
-0.13584647
1.24544917
2.45796783
2.37056974
1.06403229
1.46549391
1.00689439
0.90058227
-0.03321998
-0.76636211
1.82026961
0.06090024
1.75164272
1.58802845
-1.24378720
2.12850931
2.10040719
0.41930509
1.82972517
0.05256219
1.43457416
-0.82852093
1.95545054
1.90527556
1.62136264
0.13780968
2.53183102
2.38753103
-0.03827723
0.90185658
-0.20718949
1.64519600
0.02501059
0.01309788
1.52750441
-0.34175598
-0.18896419
0.01680572
0.53552153
2.35917976
-0.28968195
1.22112462
1.27490724
2.44529324
1.52823020
1.19954448
0.06540171
0.79089099
2.30292508
1.98308158
-0.58446631
0.39037029
1.49402274
0.13286829
2.24860399
-0.00785986
1.09458694
1.86600137
0.92315932
0.37108048
-1.19581890
1.17944466
1.54579309
-0.36377081
-0.16526678
1.35766660
2.56463089
0.95577290
0.87686993
0.30186598
1.88947849
1.25026014
1.52089511
2.11129573
0.01779209
-0.01100556
