-0.14008906
0.49147571
1.23283398
0.32605508
1.05670116
1.08464248
1.69840247
1.28551390
1.25633079
1.92397469
0.34723469
1.97471176
-0.17568383
0.95936907
-0.47135066
1.81874044
0.20702431
0.42027207
0.42119458
1.64576351
0.65194031
1.16797382
-0.68736365
1.97374667
1.29652289
-1.10122765
0.13723359
-0.74628780
0.87682967
0.95375779
2.28581012
0.58708056
1.64532363
2.45921169
0.08722930
0.38579864
1.79026036
1.63777399
3.59678578
1.78029999
0.60109269
1.25421245
-0.46677588
1.36159632
0.23729305
1.95260488
0.89552976
1.02570956
0.14716881
-0.26939230
2.89180862
-0.17261887
1.26794292
0.86631881
0.27886323
3.05580533
-0.51115637
1.91133673
-0.10213037
-0.78777662
1.46372156
0.26209894
0.31137952
0.17095906
1.86973816
1.95229099
-0.50203502
1.16467359
1.21762333
0.85062255
0.34398240
1.57824623
0.46215491
0.31243827
1.35442988
0.45396693
1.28510306
-0.74301149
1.41363702
0.98236038
2.97973113
1.48894178
1.96580696
0.36225459
1.60947787
0.61974511
-0.40622731
0.21094307
1.19795620
0.39617333
0.12568483
2.34736484
1.98591424
1.25100236
0.96443133
0.70529604
1.03561487
0.56411360
2.55449853
0.18739416
