0.82980922
-1.19973543
1.98268597
1.70444754
2.07453456
0.20885903
0.71176218
1.02107886
0.37451744
0.85844597
0.44342688
-0.70674248
0.95862336
0.27465752
0.62945674
0.80956125
0.60641079
1.02733737
1.07620223
0.76767569
0.21404885
1.00099066
1.43259881
2.09212218
2.21275556
2.04668717
-0.16978171
0.49304851
0.38807740
0.38675971
0.77515410
1.70301325
3.40671756
2.41086581
-1.95119272
0.29299653
1.19946288
0.85883004
0.03238779
2.18476011
-0.72579302
1.33359056
1.32631396
1.31867562
0.35059226
0.98455028
1.84710281
0.30817421
1.34869217
1.18487061
1.97197604
1.19637835
2.28624040
1.57952422
-0.37841578
1.72529977
1.20319529
2.58943068
0.05528909
1.39329149
-0.08540292
0.42261969
0.54391834
2.00877167
1.41384547
-0.71421406
0.84324371
-0.30247136
-0.39747808
2.68575988
2.60651093
0.17334142
2.01732887
1.65052172
-0.03687829
1.42995567
0.51766815
0.78975887
-1.14914637
1.25387945
0.34626295
1.08054638
-1.07888536
2.26846250
2.84519441
1.90879988
-0.16150920
2.00829045
0.25597904
2.41937105
0.62381562
1.95432415
0.08389711
0.25175754
1.87266408
1.81901718
1.76525983
1.11041928
1.33200818
-0.10711721
