1.04361388
0.33729182
1.63495607
2.06119730
-2.05508907
2.30095198
0.39911071
0.23263414
1.04279139
1.49389242
2.15185569
2.34977401
0.37379102
0.68237688
0.41375734
1.82995119
1.68195212
2.99908326
1.06001627
0.17457743
1.50308133
0.58155045
-1.05412406
1.10800999
1.29186936
2.15553494
2.40162886
1.64771312
-1.00552033
0.71966080
1.13051013
0.57909663
1.36417683
0.57512543
1.38942072
0.55668470
1.06879578
1.58775783
-1.05920868
1.62622331
-0.61177027
-0.00964117
-0.45333526
1.85741925
1.54069305
0.60593896
0.07272599
1.98479301
2.00670982
3.78882955
2.16763552
0.88386890
0.23531488
-1.52590572
1.82446215
0.90926910
0.47533741
-0.91673631
1.06536946
1.23305937
0.39828992
2.07162247
1.37879435
0.20255445
1.70343565
0.53636167
1.30284901
0.77537154
1.86159779
3.11411130
0.38457829
0.03145206
0.84885568
1.86504637
-0.41470544
0.76775660
-0.36531583
1.91395548
1.80250932
0.46432517
0.35023439
0.85438430
1.67689948
0.40615152
2.29038024
1.97258287
1.59508571
-0.32923235
0.58491033
0.17196535
2.38150255
0.42932324
0.61164621
1.45639354
-0.25697389
1.35852318
0.63325055
1.80029681
0.53407055
1.62877958
