0.43249639
0.91408514
2.20309439
1.79167940
2.07581703
0.19884065
0.31242343
0.00389898
-0.50410931
1.51267427
0.35780572
0.65731082
2.17985938
1.82076503
-0.20549005
-1.41132692
0.18155497
1.40939152
-0.61782391
1.36150847
1.05024075
0.22241694
2.01266283
3.29967106
1.30241875
1.43489272
1.38740436
-0.60688772
0.66048281
0.56268791
1.16506149
1.15756834
0.54483933
1.68027310
-0.16724115
0.62376204
0.13853269
1.14852873
2.13509039
1.02163794
0.68718559
1.12304098
1.14633737
-0.12870172
1.01426083
2.04976319
0.91813803
2.37039935
0.75308324
-0.57520580
0.33653569
2.56534050
0.12316721
2.04157129
0.75344087
1.23240917
2.17580195
0.18019900
0.17061736
1.42221185
0.21648986
0.23893561
1.57526226
-0.00752301
2.70306446
2.15561682
2.32536324
0.46584168
1.32446317
1.07911632
1.01047069
1.95308663
2.19517477
1.38421266
1.96035690
1.49608718
0.18753478
2.28753320
0.10417647
0.18650601
-0.27182508
-0.41845681
2.89613535
1.84432957
2.55858219
1.86008485
-0.78775520
2.55348985
1.81862684
1.63400591
3.21755835
0.80554677
1.25597308
1.82258865
1.20298214
0.56899586
-0.40692280
1.69563100
2.39110854
1.29733753
