0.07224065
1.80515766
1.96778737
0.62704042
-0.31900306
0.67962903
1.42067226
0.82526212
0.76313640
1.03483632
0.26892122
0.16975310
0.31145471
-0.13350644
1.27748525
1.38028399
1.14364915
0.29786819
1.33126713
-0.00247081
0.50588918
0.87694237
2.07353610
0.70687914
0.75337188
-0.13683195
-0.30085143
2.01227149
-0.98968358
0.91080401
-0.55920238
0.42520841
0.73430986
1.54501058
1.91705792
1.18456053
1.31220370
-0.64427850
0.99548428
1.15483831
-0.95123540
2.18925485
1.81614822
1.52451895
0.97625174
2.80609384
3.57084549
2.79085900
0.53459217
-0.84825930
-0.38807324
1.30202317
0.63235770
1.37770147
-0.80116829
1.63160253
0.75339914
0.36972428
1.70289273
0.53661904
-1.31771668
1.53777110
1.11428681
-0.38971561
0.25944523
1.32980643
0.15780706
0.98026557
0.22287480
1.01357016
-1.06759165
0.69673938
1.26320162
1.59288860
2.66094947
-0.06968117
4.03021019
2.38423037
0.05763830
0.61494728
1.94468390
1.04042695
1.01185272
0.63171969
2.73798346
1.90001961
2.04321327
0.82608894
-1.04782849
0.50677708
0.44090964
0.11290114
1.73052107
2.48049191
0.48905963
0.79349571
1.22523766
1.56028114
0.54818564
0.53312638
