0.80589708
0.64858578
0.77204655
1.29701799
2.27809420
0.37590453
2.91181219
1.79027007
-0.48917743
1.68841893
1.23852846
2.20551690
1.41033151
2.20400458
1.14790123
-0.53955923
-0.63203954
1.99996942
0.82538544
0.27562480
3.20190611
1.16885586
1.08689871
1.95678936
2.40132245
0.43924061
0.01748469
1.72186189
1.26802081
1.52858424
0.81793661
1.59186223
2.36834496
1.15993973
-1.22578887
1.03533793
2.04706047
0.51207128
-1.31135330
0.70019869
2.46072111
1.43346532
1.10248394
0.39283419
-0.68709102
-0.13961383
0.35219585
0.05299163
1.76672109
-0.34658497
-0.26249194
0.91609830
1.97687029
1.01519279
1.04896035
1.83743895
2.05572744
1.99667392
1.78582065
-0.20424504
0.84807869
2.11893501
0.01720793
0.17190064
0.10786921
0.53603401
2.45455242
0.25669576
3.03787014
-1.03179070
-0.59953259
1.91498709
0.25656996
-0.12688745
0.49678641
2.02320883
0.62564837
1.80162558
1.57621601
-0.61193132
1.04083518
0.59648975
1.66398106
0.75397999
1.00288215
0.83660856
1.46328845
0.27976175
1.27772644
0.84981473
1.19956390
0.74701933
0.02108970
-0.86591240
1.44908793
0.42444829
0.31898133
1.97320389
-0.13092942
-0.76313530
