2.59815822
-0.05965051
1.74732332
-0.06647455
1.81856033
1.33313226
-1.00115037
-1.03745602
-0.17372223
0.87821936
0.51157872
0.65094822
0.77461380
-0.47741316
0.92247001
0.25030305
0.61565725
1.60523823
1.72774524
1.93074553
0.48655038
1.45802673
1.89051741
1.93809209
0.65282828
0.61275436
0.35328614
-0.89295299
2.02235846
1.79728700
0.29965790
0.30425801
2.37225973
2.12094161
0.36968001
0.34079332
1.22278028
0.39533692
1.48672121
1.21955963
1.47833410
-1.22407877
0.46255837
1.07556642
2.07708295
1.63901456
1.23124004
-0.29029054
1.38590977
1.50990345
0.58347927
0.39968898
0.73544376
2.68401646
0.80314346
-0.50305952
-0.97763864
-0.75071952
1.51216760
1.39122592
-0.06603149
-0.52631094
0.96448084
0.41975075
0.14873406
1.34517735
2.90272883
1.34899428
1.04312686
2.92278046
0.19973437
0.89780821
2.89274472
0.20128733
1.29568852
1.29665960
1.73118623
1.82286308
1.88638761
-0.05292319
0.56597631
2.52749931
0.22548592
1.60313392
2.93233920
1.35383892
1.00336999
0.69635040
-1.76978219
1.01372460
-0.04165760
0.25222635
1.71657736
1.03141450
-0.83818676
1.31267998
2.76102239
0.12603669
1.28493767
2.11157068
