0.21299672
0.71151049
1.25519455
2.30938435
0.94920530
2.27805152
2.26109812
1.68672233
1.41893104
2.50086339
1.87357323
0.93341133
2.25651952
1.11131633
0.72247868
1.56024002
-1.45887734
1.66231996
1.45085665
2.71699569
1.77892798
2.04832634
-0.28247024
0.47591203
1.03591745
1.09276404
0.31352043
2.51044229
-1.16846901
2.65524810
1.24365547
2.50256409
-0.03526390
0.03032098
1.18122125
2.36264246
1.80267360
0.65566321
1.46777860
0.18807156
0.71332691
0.00117636
0.64290000
2.96825216
0.40641938
1.38609884
1.21260954
-0.69600065
1.40777994
1.14703691
1.86259264
1.47233593
0.85972714
1.74875050
2.20450604
1.18742588
1.27952746
0.85954374
1.48041492
1.29502371
1.14746472
0.94602041
0.15804826
0.61687831
1.93575430
1.12672883
1.00520705
0.41783451
3.32670680
0.14915857
0.67559327
0.54848370
1.17606935
0.22643268
0.37684940
0.97365095
1.27256061
1.68308959
0.64119704
0.99946698
1.78874100
2.14125041
1.75155221
0.89809478
0.85176354
1.87749806
1.75269614
-0.19265557
0.77166343
-0.19291828
0.29725499
1.16576803
3.36242885
1.53521665
2.14075766
-1.02244233
0.22239003
1.07951814
0.72118930
0.36632243
