0.06731977
0.61670881
0.66255425
0.10429819
1.47598729
0.18208887
0.71273099
-0.01631612
0.29707369
0.08036550
1.47373983
1.57881234
0.44413729
1.54274383
0.37646731
0.01931793
0.90062596
0.84037027
1.69352899
0.05988978
2.83667476
1.25790539
3.00368075
-1.19601955
0.63446401
0.85355775
0.81279496
1.84549304
1.48568469
1.01574815
1.18367058
0.25056230
0.49999893
0.98932007
0.87867387
2.24935474
2.28970056
-0.41989705
0.48027464
0.62537478
0.85192871
0.41154704
0.64330084
1.23679962
0.07109169
2.21669499
1.07850550
0.51538249
-0.49039299
0.27443999
0.82394191
0.71497265
-0.18169334
-1.51228814
2.20098538
0.63446020
0.62644269
0.24136488
-1.22210898
1.75809075
-1.91063507
0.25198083
0.44470661
1.76382676
0.25272514
1.45512223
1.92556139
0.46360613
0.57400566
0.08781288
-0.76995479
-0.64904315
1.48732611
1.84534291
1.14417808
-1.43840922
1.20251924
0.00127688
-0.56086438
-0.15085081
0.79213430
1.19284877
2.56350132
1.35398813
0.26454042
-0.37557671
0.35651398
2.05891393
3.09070166
-0.17608986
1.09503474
-1.64535919
1.07920817
1.81377813
0.15815766
-0.36024982
2.94449534
1.38873540
1.28800607
1.02579259
