0.02753565
2.07553436
1.21292369
0.54005513
1.40199353
0.98053978
1.78612944
-0.17268239
0.53298585
0.22835385
0.81023579
0.21839510
-0.39779880
1.57229673
1.20366284
1.57684252
0.12956177
1.75127943
1.48721412
0.09262236
0.29583363
0.30796825
1.73594149
1.06970781
-0.00622606
1.58136336
-0.07618360
0.63822440
2.24005433
0.69012734
0.57985007
0.81364753
1.01044184
-0.12371710
1.85215486
1.02937727
1.86522396
0.48922414
-0.67035138
0.83140661
2.02964764
-0.21939398
1.24789458
1.14561368
1.43582191
1.44824506
0.58532024
0.67111979
-0.22322143
0.79568593
0.66977938
0.39625787
0.22844071
2.94837024
-0.09740697
-0.53201997
0.28020814
-0.76817798
0.75627526
-0.72786242
2.19505839
1.19551152
1.63029965
-0.87079804
1.52306773
1.94752828
1.68092100
1.14169812
1.06732910
-0.39722506
1.61182851
0.59883259
1.72535715
1.66468834
0.39467348
0.94779331
2.52972096
2.62721773
2.57871875
0.92620420
1.31225770
1.40994338
0.15755381
0.45646854
2.03895746
0.90003339
0.51045177
2.96360950
1.52309377
0.52256910
1.82809243
1.08378240
0.50048667
2.11930267
0.66824370
1.41964059
1.95515356
1.47672206
0.55350726
1.26478344
