1.70418181
2.47754757
-0.27049429
2.43157670
2.54951760
2.05633425
1.06682443
1.07186935
0.02604264
0.29695678
0.13359152
2.16710923
1.35908638
2.01518915
-0.12756441
-0.01493148
0.12148546
0.34373359
1.91821250
1.23911486
1.21252799
2.11929697
0.38597139
1.02470748
0.11420906
0.58720275
2.12963871
0.87440780
0.29372799
-0.39919987
2.25445626
0.09843045
0.53302920
2.93381942
2.57506322
0.91114277
0.00877047
0.41359490
1.01352573
0.50311887
-1.13894650
0.42974387
0.75854372
1.86432768
0.33118657
1.51528943
0.33764508
2.02894268
-1.02084265
1.26170303
0.13888756
0.28430561
0.90301394
0.07643205
0.12152221
2.43285183
2.93507348
1.95837471
-0.07466880
1.16831750
0.65548461
1.17005117
0.65033430
1.64330739
1.80285967
-0.19304485
2.73968460
1.82155741
-0.01551122
1.47893800
0.97510704
0.22090100
1.47979470
-0.39402956
1.98845871
1.09472684
2.33896233
0.89667451
4.06962445
1.12635748
1.10326948
3.15337172
-0.76148281
1.04078456
1.82810275
1.67746479
1.83418164
-0.80193584
2.78803607
1.21560396
1.81073460
1.17209861
1.65342833
2.08480358
0.47185213
0.68048810
1.86870937
0.02702494
0.21809397
0.57750988
