1.62348670
0.86191246
1.67928679
1.32064240
1.11406109
0.34222041
1.96337434
0.01598159
0.31428513
0.98390489
3.03381697
-0.38658028
-0.29402312
0.74289928
0.10213665
-0.15757602
0.82044380
1.20256061
1.48751497
1.40906522
-0.03130076
2.11083880
0.67765304
2.91124174
0.71780950
1.94494009
-0.35354707
3.23034514
0.99349665
0.69340527
0.76095966
1.15515829
0.95721781
1.84525593
1.24044120
1.76199946
1.58647684
1.42848008
1.26436033
1.07382426
1.85562312
1.86244952
0.14244025
2.11129725
0.47358129
1.66572075
-0.34561156
0.90986201
-0.33676142
1.50594680
1.80905437
1.47812073
1.15606910
1.30265705
1.16450708
0.46333101
-0.27339104
0.28019992
1.82890802
0.68539195
-1.22280761
1.11680329
0.67660357
1.08338985
3.11474433
2.08618030
-0.42530846
1.04852735
1.46276284
2.23424117
0.99374312
0.67939800
1.07899341
0.60074012
-0.80934319
-0.24600729
3.20588994
2.68039421
1.31153418
-0.88704043
-0.16180299
1.07515398
1.93338273
0.65124847
-0.07684735
-0.47008725
-0.32480749
0.89561968
2.30674006
-0.27485472
0.07893552
0.08616531
3.24165738
-0.06139461
1.61959665
1.94060972
0.94311737
0.67360276
0.51162408
0.68844606
