0.93379085
0.69502795
1.48370038
0.24604897
0.26597012
0.87225927
-0.95928141
1.65376410
1.63927644
2.57037833
1.21460023
-0.56360137
-0.03420192
1.22367842
1.60070138
0.92338925
2.10640186
1.97695250
-0.54934925
0.74356698
1.38409178
1.65139524
-0.00449477
1.30026955
-0.12942031
1.76651970
-1.48418580
1.37232273
0.29157277
1.36954283
-0.07600244
-0.92200724
0.49352627
0.44736800
1.14867855
1.24378747
1.60747763
1.29555633
0.10700623
1.33341358
1.51887077
3.34908337
-0.54369799
2.30970999
1.10999753
0.35588727
1.84642415
2.62515221
3.17355433
0.92358075
1.33290725
0.16342065
0.86587754
-0.33554444
1.57823445
0.08515955
0.84376026
1.06620536
0.54599964
1.75214719
0.26014194
-0.33323805
1.43012780
1.30801118
0.68882265
-0.03637560
1.26200418
1.65099861
0.54481587
-0.02540540
1.33718213
1.31256494
0.77813881
1.69585587
0.28921989
1.72221321
2.48375119
2.08470706
0.34127996
0.20128826
2.31855321
1.52986032
1.88722409
2.11228101
3.33566787
0.31513559
0.59457405
1.29291469
0.59905354
-0.11973016
0.31405766
0.97020409
2.13273313
-0.89041479
0.66911336
1.93469234
-0.00171300
1.69749717
1.65063908
1.42414117
