0.72854915
2.13477009
-0.64982469
2.69178653
0.15522606
-0.23854837
-0.07316918
1.48462191
-1.05041311
1.22025449
1.04838927
1.26135225
-0.86306320
1.76660103
0.02705184
-0.10735359
2.04728388
1.16347318
-0.39935149
0.90589631
1.70740487
0.76146979
1.90800408
0.52384573
3.17984256
1.49131057
0.40887108
-1.83092946
-0.84866429
2.40352489
1.83355953
1.33959701
0.65176284
2.74755182
1.54985738
1.68556228
0.58153524
0.97147350
2.39872685
1.01509875
1.62818296
0.44895844
0.36796419
-0.42142257
0.60754742
1.60003883
2.43302524
-0.04030484
0.58350056
0.09088571
2.69534411
1.50122880
1.82428210
0.72679769
1.36990749
0.81506070
1.32373806
1.74339807
1.16275125
1.07242472
-1.25410507
2.94910956
1.54816381
1.77686624
2.31897962
0.89148828
1.81163846
-0.05956655
1.61736605
1.35966861
2.04571780
-0.68502274
0.09543508
0.00155275
1.97808613
1.66290722
-0.05504388
1.03827475
2.45859463
1.24039463
0.64168122
3.46522750
1.39025927
1.00872420
0.07171456
1.59912672
-0.07918212
0.82947886
-0.89082791
1.60311951
-0.19129270
1.10472269
1.01282210
0.28290164
-0.16871177
0.07240604
2.57677732
0.41105136
0.25041867
-0.48753863
