0.20924463
1.73402277
1.14455468
0.91742995
1.95932894
1.00987270
1.26872656
0.40893397
1.31194371
0.56329953
1.62509392
0.06908395
1.99644172
1.08579517
-0.03493646
1.15140769
0.58684309
2.19337989
2.19211661
0.34968335
2.72485207
1.64026026
0.54996442
-1.00171639
1.28425383
2.98982407
0.62138758
-0.27440968
-0.40211752
0.77319708
2.06974566
2.39121898
-0.11693336
1.17364518
1.57557070
2.40450359
0.66080560
-0.00909814
1.98857492
2.35557084
-0.77097741
0.29749997
1.68903761
-2.13063417
0.97581673
0.82720331
0.30827269
1.20624577
0.68871713
0.70757682
0.39621200
2.99601825
-0.98300813
0.22825720
2.12273067
1.20947356
2.21248101
1.05057237
0.59059048
-0.16371339
1.44826332
-0.16574112
0.65944270
1.56574062
-0.17130791
2.32334335
3.40277694
0.20739831
1.42022330
-0.97687379
0.32813388
-1.40764145
2.08613515
-0.86323557
1.92876196
-0.43112800
1.81871910
-1.38520929
0.53546401
0.65676800
1.14967431
-0.72902902
-0.07085009
1.77796791
0.97373695
1.34645745
0.82350638
2.05971470
0.77968941
0.88795115
1.35058375
-0.05962206
1.76501579
0.40803749
0.32669773
1.51692035
0.12026186
0.45447640
2.58604475
0.96694112
