-0.11990175
2.51546801
2.27616179
-0.30151939
0.02985601
1.05082635
1.84589437
0.53725615
0.20809407
1.16096417
0.27588509
1.62157793
1.15718647
0.59962971
1.48784447
0.23946095
2.73491619
-0.00998163
1.13652900
0.94162733
-0.00050341
-1.87747955
0.28745895
1.19858035
1.32673439
-1.20544163
-0.11546391
1.68015249
0.05534783
1.66861837
0.21341237
-1.26693932
0.17760586
-0.35761735
-0.95352050
1.21891047
1.56272507
0.91486186
1.65452552
0.60932909
-2.14288804
2.26479052
1.99479158
1.52918373
1.12477420
-0.13328755
1.98866469
0.12684964
0.18501406
2.04435192
2.40526759
0.11382130
0.76630762
1.39948180
0.16825050
0.76972745
1.12160516
1.15295262
2.01067080
1.99835075
1.87257063
0.91167245
0.68843178
0.88919048
2.33784732
0.94112830
1.92245267
-0.00766083
1.84321922
1.44196032
0.83310650
-0.92323976
1.02411532
1.79982555
1.47838235
1.82196885
0.90399995
-0.06016383
2.43185467
1.70268785
0.99109281
1.72369161
1.77671090
1.22097972
0.71557436
-0.09639004
-0.06138353
-0.00431427
-0.05071565
0.68962595
2.62253796
-0.12193175
2.70101180
1.30835187
3.12612234
0.48629114
0.39760641
0.43558289
1.35498269
1.50830069
