0.35197440
2.24045330
1.39821996
0.90913557
-0.43101195
0.81405578
1.32430634
1.39400295
0.17028740
2.52127730
0.79324690
1.31664808
1.13002570
0.45632657
1.08441376
1.15051735
0.34240836
1.91996465
-0.02554866
0.86495624
1.20906647
1.72679203
0.52198704
1.55475346
0.34219708
0.62169291
2.70095287
1.92099678
0.76277298
2.04052862
2.10811465
2.23348922
0.73526960
1.20200682
1.18108069
0.01600067
-0.21995219
0.81644964
0.24962813
2.42019903
0.40083312
-0.12805263
0.55967650
1.96667923
2.70688642
-0.36759533
2.61121901
1.43806771
2.39423836
1.92654547
1.80485806
0.87352726
2.44166156
1.34978221
1.09304318
1.26151746
0.84070053
1.31369528
1.33402806
0.04246623
0.36705830
0.94773600
-0.89706033
1.26327692
1.82402548
2.00537159
0.56160771
1.47837163
1.51721561
2.80551945
1.21515134
0.64856536
0.16020597
1.96076002
0.82414595
1.75836284
1.46902610
0.77612413
0.87463840
-0.70534831
0.52172823
1.81361270
1.15530016
0.88902360
0.17390358
2.36938185
-0.35703362
1.32291808
-0.56301037
1.22395581
2.78729105
2.53320972
-0.22787319
-0.96932344
-0.20517698
-0.76803853
-0.07737828
1.21821582
0.29478744
1.03500616
