1.04904280
0.20902600
0.22534518
1.70514137
-0.34677382
1.22409806
2.03382731
2.02653814
0.97768353
0.10412777
0.89531070
1.03238059
-1.19523158
-0.31309782
0.78487035
1.59479569
-0.09246376
-0.72724057
0.28026231
0.56853821
-0.10858882
0.86972780
1.02752931
1.33943810
1.13316867
0.21602762
3.29201898
0.27189368
1.62405627
0.05896667
0.22716952
-0.01172020
1.70953692
0.33691810
1.01512889
2.98359656
0.40412243
-0.40481329
0.22085250
1.37564092
-0.42448811
0.47285077
1.71005395
0.84962347
1.01989134
1.17680456
1.20883969
0.35213927
2.43262655
2.31545658
1.59417545
1.98242955
0.05460741
0.13768330
0.02983247
2.18458663
0.87109008
3.01782078
-0.52516796
2.98304517
1.45451941
-0.09970111
0.10618344
2.85342275
1.30385347
1.75051275
1.82734628
2.46122502
2.17902839
0.74984213
1.18240734
0.84056339
-0.09079466
1.44524187
0.12840551
1.17896181
-0.26617765
-1.07833749
0.39461937
0.42185257
-0.38796904
-0.05174280
-0.09290519
1.50832208
3.22194389
-1.12734376
-0.41359389
0.63446812
-0.21488451
0.25070202
1.39989967
2.32196282
1.81847003
1.42779407
1.02731077
1.74724359
-0.13090732
-0.31455573
0.00783318
-0.20767233
