-2.22790060
-0.76556657
-1.82107325
-0.28232095
1.05565447
0.54288460
3.17916907
1.00945366
0.99155451
1.72617950
0.89053153
-1.27271857
-0.09812421
0.98629011
2.84421883
0.06704023
-0.34335007
1.63128085
1.05694619
1.27002279
-0.08021251
0.35024853
1.37757072
0.78448198
1.05126342
0.59685939
1.93769907
0.61858504
0.59177915
0.41623245
0.83501435
1.23517486
2.23406656
1.37211728
2.58879769
1.75629089
1.35683350
0.68844885
0.13308410
-0.32960658
1.81297355
-0.53575765
0.63638199
1.08373815
1.72460152
2.52473500
1.68708436
1.48412299
0.77794266
0.05523638
0.49230181
-0.25732611
0.08408704
-0.66002075
3.04900131
-0.00081934
2.38979566
1.47287286
0.75566929
2.50571175
1.38764184
0.53863049
2.45134894
-0.58091324
0.76820676
2.68217886
0.10054969
0.77959696
1.60376214
2.05963388
1.31678617
2.39311875
-0.69330332
0.42082465
-0.76383964
1.30096609
0.58135282
1.93841822
1.26167599
0.63851047
-0.03829666
1.57726094
0.91931785
0.23471305
1.18306926
1.14046820
0.32815886
0.43896663
0.77501991
-0.66917296
1.88254684
0.89278917
-0.55118475
1.54752660
0.99961947
-1.12456162
-0.05211479
0.93365257
1.84244781
0.77250477
