0.55234481
1.70578934
0.96464201
0.56229100
2.27357439
-0.07452953
1.02481729
-0.43968819
1.15468875
2.28034397
1.49418597
1.29838448
-0.30749089
2.98581343
0.40959802
-0.00486590
0.51431638
1.04196584
2.02443969
2.36867942
-0.43874772
0.69653344
-0.50488092
0.55481977
1.26234223
1.28070043
1.91616020
0.93242885
0.44453711
1.19845232
0.01006211
0.78449432
0.59505643
2.45440193
1.43780091
1.04633609
2.27117835
-0.82941945
1.13167719
1.77398297
-1.09715198
0.85287669
0.89017879
0.28065229
1.97705320
1.37975031
0.96800508
0.47305789
0.88495472
-0.54865460
0.06249933
0.87079470
0.35963846
2.63748407
0.30029356
1.52405153
-0.28975244
0.98767037
-0.87682873
-0.64031727
3.09042990
0.89711569
2.23918884
1.12981970
1.36236314
-0.21128931
2.90868903
2.67709941
2.32620728
1.88844282
1.21087577
-0.98779519
-2.13835700
0.61909791
1.49533491
1.37962130
1.40041272
-0.19963840
-0.26528518
1.52620290
1.27084945
1.41476531
0.84786916
1.29314595
0.76385891
1.08518449
1.18043417
1.25656600
1.19470579
-0.06311651
1.72583172
1.09185920
0.53029111
1.41125698
0.40008859
0.32685910
1.15678278
-0.03360132
0.58881232
1.62858821
