-0.38570173
-0.51527892
-0.53510825
2.64518025
1.33791199
-0.28392867
0.74306797
-0.36125313
1.42466715
1.95345821
2.11517041
0.29837494
1.21055771
1.73797314
-0.09757451
1.01056754
0.25254751
1.11720511
-1.16018354
1.06259167
2.24353984
1.39024330
1.91713664
0.34351287
1.30016546
1.06246885
-1.26638625
1.46066373
1.40554141
1.57280918
-0.51800103
1.12533878
1.96225217
-0.50780852
1.59796749
1.38230452
1.56416364
0.85785293
0.25902913
3.31105319
0.38552353
1.04812829
0.42605589
-0.87520060
2.08913130
2.66449020
1.78219862
1.47024322
-0.20695257
3.46418024
0.86885133
-0.53439630
-0.20915340
-0.21637316
2.30847304
1.30814170
1.52026580
2.21876347
1.36503164
-0.27559090
1.04375978
-0.14752144
-0.04243216
2.94987916
1.30426748
-0.81834673
1.03437413
1.81552162
2.45813784
0.91244488
-1.14513367
0.19596041
-0.34255611
0.78964314
0.36871839
0.33910851
0.10027987
2.67244527
-0.75283631
1.50094591
1.27746770
0.98353242
0.01833886
-0.01150030
1.93876766
1.71421778
-1.50197976
0.85308467
1.10014221
0.98852677
1.40986624
2.89816010
1.67050830
0.62620579
1.80751187
1.65308904
0.81860993
1.89937632
1.47617222
1.90843395
