1.12913164
1.88778962
1.30023857
1.33880358
0.21288538
0.69257032
-1.09006946
1.68448687
0.97045327
1.07592543
2.23444486
1.04605149
0.32743064
-0.02269950
0.24770310
1.52580163
0.49849227
2.06735599
1.34737451
0.33045011
0.23843013
-0.18727490
1.24963099
0.09808070
1.63071440
2.77089545
2.34622023
2.07080036
0.07454166
2.08454237
0.50564098
-0.32997152
2.30774891
1.48199301
0.27021291
0.05753262
1.97310711
-0.15275327
2.70988730
1.43375335
-0.12133292
0.98219154
-0.63567528
1.51693569
0.40054050
1.62465904
1.15036151
1.35005329
1.52549585
-0.35796009
-0.41603431
1.60997107
1.95077959
1.70220244
0.14014133
2.62512007
1.98661474
-0.70485269
1.91642198
1.14453746
2.18963157
1.16337323
-0.33484070
2.31535812
1.57631766
2.33696442
0.56017291
0.97837523
2.22144295
0.54803210
1.11139931
0.67151002
1.32641505
1.59086592
-0.15022269
1.40185093
0.45754889
1.56772864
1.98305679
-0.28160891
0.08002959
0.84230091
0.91409069
-0.14699649
0.96804794
1.82505270
1.43086430
0.62322194
0.17599138
0.64305751
0.72937000
0.78546987
0.77458773
1.19058009
-1.29347035
-0.56525925
0.75020661
0.96573686
0.84864321
0.33861729
