1.74438577
0.46674586
0.86121741
1.78900449
-0.51175666
0.82147094
1.03963158
1.57031097
1.93983056
0.15176401
-0.00526038
0.55042096
0.56270922
-0.53660911
2.18340033
2.24720335
1.82399374
2.24313555
3.39328397
2.08887184
0.18508210
2.45450763
1.47743913
1.54788183
0.28291252
0.83588041
-0.59624535
0.51298719
1.18102157
1.17917146
0.69819863
1.16312968
0.71608943
1.47925214
2.35601692
1.25956015
1.93088990
2.00813817
-0.37324574
2.03873222
1.08655051
-0.48172149
0.54037908
0.17217850
1.43577115
-1.26207030
2.03371258
0.32839475
-0.10268926
-0.91700230
-0.22527410
0.81071050
0.81629890
2.27331601
-0.97858616
2.36575219
0.18745110
1.60541269
0.02895920
-0.27221709
1.21931170
0.46481465
1.22381140
1.45421508
1.70379614
-1.07229092
0.86467475
-0.34373939
1.62699692
1.35575050
0.87216898
1.05153337
-0.89497652
1.30203669
1.33411378
0.89355166
0.87701747
1.74389803
0.94790652
0.93545454
1.12204042
-0.70571950
0.88907363
3.37232671
-1.47729624
-0.17911484
0.65854235
2.23678944
0.93347443
-0.10001390
1.24177579
0.84160641
2.65690194
1.91012222
0.20000799
0.82707577
-0.54217162
2.09461973
2.56336680
0.63283590
