-0.34653860
-0.22013814
0.35433110
0.64871484
0.86650306
1.63697490
0.56275228
2.45803163
0.24701561
2.32374352
0.03891364
0.90456152
0.69205178
2.77431828
-1.18824638
0.42352668
2.81502571
2.14128159
1.57798595
1.37427058
0.21709837
1.03836196
2.17620228
2.51334080
0.44499324
1.55586711
1.43785979
1.01267307
0.37789888
0.88696947
1.92061440
0.32326947
0.92689678
1.56564263
0.76530236
2.33477828
0.68249605
0.79515112
3.03706292
1.29591239
2.61192674
1.46156269
1.15250405
0.86461834
1.32875852
0.58197535
1.01425840
-0.59258564
0.81109981
1.68519833
0.72829600
0.62627291
1.43395045
0.85666125
0.68898980
1.46660560
-0.49576569
0.81082223
0.60239390
2.68932009
2.64188773
2.07687500
1.90850953
0.64187651
0.51574177
0.57115014
2.56775403
2.10099219
3.63072721
1.91710346
1.98468113
1.45587335
2.51311943
-0.20716957
1.22749806
2.17449764
2.99175116
2.74717499
1.57221030
1.23314425
-0.10119501
1.57293257
1.04397946
0.91517588
0.33964888
0.88453659
2.53941466
1.49721903
1.99498481
1.19006195
1.94105937
1.11192537
1.58972492
0.14584388
0.99390497
-0.23464144
1.18097702
2.37845670
-0.15813551
2.10682654
