2.34027293
-0.73050220
0.83871071
0.54223817
2.64311288
1.96923852
1.63227803
0.49422207
0.59116687
1.37133365
-0.56482093
0.12216230
1.47160413
0.26588781
-0.13889730
1.44387584
0.24354942
2.57437021
2.16538733
0.61314123
1.06370978
-0.73948376
-0.40500806
2.25738007
1.12379890
0.79539083
0.99121239
0.78467058
0.15885940
2.43766208
-0.99996347
0.71892468
2.36029752
1.09901033
1.76890956
1.54985816
1.77264563
2.55654645
0.91665438
1.29197632
3.00911660
1.59704906
2.94474788
2.38648001
0.81591463
-0.42902327
3.15002766
1.11218476
0.18387193
0.60452255
2.09652898
0.05616515
2.02697359
0.23851664
0.36152587
1.62137055
0.85176739
0.72696676
0.74405507
2.36603256
1.25169800
2.56340894
0.82408632
0.96282645
1.58982774
0.64661085
1.08045412
0.63421300
-0.98626544
0.25714716
1.15825533
3.78628534
0.90273997
1.43436104
1.20361105
2.11802784
1.25592951
0.57522135
2.14499630
0.98762185
0.66423291
1.44629345
2.63615420
2.12688439
2.40939809
2.37367112
-0.18374969
1.33439498
3.46594307
0.05314403
0.19250734
2.53866046
1.80633627
0.86328036
0.59384349
1.79964448
0.77826024
0.82330916
0.20211386
0.26963065
