0.48117097
2.14093148
0.98244580
0.90591213
0.51937560
1.64676122
1.07164031
-0.06781414
0.13413339
0.53739278
1.97086310
2.05851064
0.61619458
2.68780464
3.18929468
1.98677221
2.94181216
3.35653876
0.91283139
1.17585098
1.56363313
1.07569887
0.79539819
1.68965733
2.24928170
2.79885106
1.30067697
0.23516343
0.29076918
-0.80051920
1.05510386
-0.78940342
-0.44165656
1.96075446
0.81877585
1.03893694
-0.24500147
0.27590529
1.62661175
0.94808423
0.62729554
0.66762684
0.65368951
0.76320757
1.10252114
2.00751718
2.05389910
1.13195513
1.41541194
2.60837600
0.98308465
0.38056452
1.38932533
0.89002532
-0.28511936
-1.29428035
1.58208445
0.35643274
1.06190367
2.23342224
2.06372869
0.74091953
1.01686942
-0.15743087
1.75288258
1.05255444
-1.81078284
0.46342747
1.32941544
1.02539613
0.97827056
0.70813321
-0.50941827
1.01112213
0.89759044
-0.97098702
-0.18747952
0.69111380
2.28093458
1.89838558
1.39099407
1.58908092
-0.45711971
1.15385006
0.42773941
1.84695258
2.24025389
-1.46815326
0.31391154
1.37461809
0.80799446
1.56456911
0.73465639
-0.00380573
1.96508030
0.10873464
-0.25741552
1.81125268
2.09825291
1.36415138
