2.08414383
1.38935589
0.69130767
-0.63229262
0.75771121
-0.85735328
-0.49350641
0.67978122
-0.24503186
0.97414349
-1.14830033
0.91999134
0.24556150
1.02099407
0.53245610
0.53857236
1.49061044
1.00141512
1.69640000
0.05386432
1.82340403
0.69966719
0.67800296
2.56252822
2.00364291
2.06298556
2.26035039
0.30919297
-0.78823083
0.08142078
-0.30619572
0.71250284
-0.44347171
-0.70763012
-0.53473028
1.02518468
0.87143445
0.80659936
1.18024839
1.13261981
-0.03283867
-1.62367596
2.26591215
2.10131886
2.26912727
1.35779306
2.64940596
2.40927447
1.92547974
1.45495645
-0.31036791
1.14115144
-0.94869509
1.36336267
0.76827350
2.36940935
2.04130899
0.83386904
-0.24956893
0.56710292
1.21959030
0.99662439
1.16901720
0.81705058
1.98108587
2.17998466
0.73146048
1.15175311
0.68712162
1.09700316
1.36136790
2.85888116
0.04294936
1.23048236
0.99158071
1.22823518
0.84349999
0.63532495
0.72640920
0.93050634
0.68410144
1.66194822
0.29772758
1.70769814
1.49164948
2.31458115
1.16606506
0.79293850
-0.92281240
1.46726377
1.03026993
0.09965408
0.53958626
0.47085663
-0.32130095
-0.07078205
0.57375970
1.73024769
2.47285853
0.93000993
