1.37130582
0.13573160
0.56463423
2.85566443
-0.33920436
-0.26826775
0.82795518
0.30595452
1.24413332
0.30989880
-1.30668260
2.90103147
0.37983842
2.86054481
0.21969887
0.70959001
0.05275568
3.18270319
1.21331994
0.06099473
0.68894825
0.74891496
-0.69218538
0.65280926
2.46578029
-0.05894562
1.83248564
1.78403872
1.56725672
1.97494354
-0.61994291
0.69650561
0.72769907
1.21592771
-1.13121959
1.72559791
0.68739838
2.16364316
0.62553077
0.68615132
0.79940551
1.72380637
0.05469018
0.34198571
1.37745399
1.62600419
2.19444203
1.11724976
2.10682818
0.80860948
2.41895240
0.99731661
1.35048260
0.29446433
1.32745423
0.49450665
-0.41296410
0.76023408
0.83460888
1.43468729
0.35702589
2.65543330
0.47732771
1.18523974
0.34529439
1.33322576
1.09265902
0.16000568
1.66539631
1.35488715
2.38767862
-0.09059663
0.47548141
1.14278237
-0.09965499
0.87320446
0.37133507
1.65758493
1.32653997
0.11123129
-0.65208297
1.58133895
2.16470774
1.57196058
0.57871330
2.91675151
1.99118395
1.26989283
0.73741343
1.77249227
0.90918143
-1.11405335
1.26924460
0.90999542
0.50401431
-1.49880831
-0.20457945
1.24414992
2.50017200
0.42426283
