1.15346609
1.10641997
-0.46311446
-0.00449738
1.35007408
-2.79812031
0.32851135
0.12902396
1.52242671
0.86028678
0.78493241
0.28693549
1.78373301
0.39777974
1.13353626
0.36061419
0.76578436
-0.19127718
0.40398098
-0.01818729
1.09940352
1.66252205
0.74278056
2.29606669
1.02242568
0.57427854
1.84094189
-0.09751770
1.23198869
0.37773475
0.83926540
-0.23628556
-1.95416685
0.17850022
1.46301336
1.85563805
0.90992245
1.50727574
0.43635662
1.16036980
1.45194120
-0.39491048
0.07531843
0.38417196
-0.01833751
-1.26569821
2.23820640
0.66723950
0.92589539
0.75793581
0.91029575
-0.10193516
0.47533742
0.27515314
1.12493352
1.96422900
1.91758956
0.43453234
2.43425310
-0.58417238
-0.31953897
1.04043038
1.63964851
-0.07204812
-0.72143693
0.49014261
2.57806043
1.33236067
1.65034189
0.96561748
0.91177060
0.32570801
1.86424007
0.87956619
1.24750278
1.60723956
0.61909473
2.87391034
0.94532905
2.87509882
2.07174917
0.78207699
2.80443578
1.81262309
-1.19330940
0.32639463
0.88869319
0.67489866
0.22313531
0.37844087
2.13389193
1.19370428
1.60439591
-0.22433623
2.00015890
1.02177615
2.90463204
-0.36439383
1.80624256
0.48249972
