1.22887661
0.51976570
-0.86914209
1.57467762
-0.45499679
0.10631214
1.00038463
-0.17798168
2.11085998
1.07768017
1.00255283
0.77894655
-0.36731179
0.09295515
0.64785222
0.92671696
-0.51008513
0.91107012
0.45860271
0.11995613
2.39920384
-0.65844128
1.21180683
1.97051966
1.86169152
1.08478036
0.43548030
1.06325314
-1.01064024
-1.32276284
1.48326925
0.32502688
2.46606033
0.44007461
1.29173937
-0.00418324
0.50428221
3.46497248
1.09858555
-0.23012066
2.03818610
0.65593006
0.44156986
-1.06459301
2.67726444
0.76149943
-0.77254859
1.04189433
-1.25701219
1.10407281
0.73272048
1.09500106
-0.77537026
1.32258700
0.62530648
1.20983333
0.53176485
1.03720240
1.06192688
1.07497467
0.09730288
0.08302158
1.50814527
1.52920857
2.84998584
0.16064343
0.31042591
0.64862254
1.40459482
2.18078968
0.49588663
0.53228173
1.46825295
1.06132112
2.62811373
0.55731977
1.47689224
1.91874000
2.81104586
1.09140135
-0.38701460
1.15140445
1.33618900
-0.51463998
1.48789251
-1.76422184
0.61378683
-0.65826963
1.75400885
-0.39552036
0.67996760
1.52936637
-0.49973236
1.31782144
1.13934449
1.25337211
0.33291508
0.96459825
-0.24628484
2.35820546
