0.69933363
1.27980109
1.42142365
1.57595111
1.39804667
1.20788662
0.79805580
-0.04973010
1.44015673
1.36668023
1.98277208
0.30930754
-0.42207878
3.81470859
2.29499631
1.67523553
2.83591945
1.78600136
0.62218889
1.34706024
0.50979369
-0.70906165
1.70327460
-0.26547677
0.49151310
2.18015156
1.31646502
1.87574932
3.08138450
0.10202297
0.83712997
1.43555083
1.92867944
1.00813947
1.53631079
1.00489222
0.62282159
-0.42843522
1.96122251
-0.98689056
-0.90558232
0.61625905
-0.49534147
0.32083352
1.01712247
1.43587786
1.01190495
1.45298299
1.89094607
-0.06846111
0.03186669
0.75181194
0.59108704
0.46234437
-0.04641180
-0.55244754
1.25730828
2.10923231
2.20098195
-0.35029696
0.39425087
1.60776886
1.82914615
3.50891630
1.62084062
2.63843879
0.87184782
2.32448777
1.59252393
-0.20744692
0.51402941
0.28305055
-0.60986036
-0.17976413
0.29915916
1.16581917
2.00751147
0.75310772
1.22309842
0.35730889
0.68301796
0.14580814
1.57112313
1.40365557
0.17831420
1.75158489
1.10873543
-1.06237310
-0.96875504
0.88537921
2.49368736
1.82742061
2.26779422
2.35669633
1.09609230
1.40445278
0.01342557
2.38959395
0.70482978
1.44332853
