0.49558680
1.16166449
1.90447922
1.85777567
1.89226160
-0.13033717
0.10146260
3.04206905
1.10962314
3.33224964
1.53438992
2.63386648
2.14973114
1.20539712
0.24924896
1.88663524
0.38984764
0.67741387
2.55069593
0.57081326
1.35684422
2.36602439
-0.40161700
1.08218219
0.03634857
1.49627375
0.86544993
0.57227041
2.67795710
0.72493366
0.43525086
-0.81679205
1.46217543
2.91171568
1.81949088
1.86619760
0.36767234
1.13660172
0.46890621
1.46489113
1.43879974
2.25410347
-0.16806259
2.35623746
1.31291055
2.31946270
-0.04881452
1.98861249
-0.44099945
3.03813847
0.89965315
1.39821771
1.06399409
2.54825862
0.67308450
1.10818351
2.21000098
2.25572616
1.28680755
-1.31697452
2.12824708
0.28241126
1.50829868
1.31911113
1.97734069
-1.19773095
1.65859322
0.23996963
-1.13401118
0.99614523
1.31343395
-0.06821676
2.09027466
-0.42580670
2.43215023
0.32337048
0.92609603
1.71256890
1.36646100
1.19962897
1.94016688
0.28850906
-0.18180760
-1.33397324
-0.03982191
0.74971620
0.15521124
1.30986020
1.55011377
0.72569011
0.29576792
0.47189161
0.98581454
1.26394267
0.03001768
-1.17758506
1.19269333
0.40679287
1.81757230
1.88854931
