0.44846622
-0.32915325
0.73952815
1.96620408
0.74793228
1.55173443
1.02905573
2.87996622
1.88610207
2.63203088
3.04371184
1.63338652
-0.23887872
1.70545369
1.70780795
-0.53669709
1.56232173
2.68074020
0.47876724
1.29955604
0.58714240
-0.01223883
0.23361484
-0.16498720
0.48566527
2.04307344
0.31380944
1.81284370
-0.88479284
1.20851807
0.80018734
1.85246739
1.06129179
-0.62522375
2.26247777
0.98391549
-0.61731040
0.97157636
2.55531218
1.34437232
-0.39926621
1.22676718
1.34440686
2.32064842
2.91457425
0.41066446
1.91860962
1.11008512
1.00266251
1.50096231
1.85039991
2.25412999
0.56631384
-0.34073036
-0.15844409
0.86135547
2.06407502
-0.08043697
1.96862080
0.98654670
0.64188479
1.40502467
1.07833386
2.47815767
2.07199383
1.60862245
-1.04985538
2.61315335
0.06366406
0.87488406
0.55736390
2.14164686
1.84318055
2.21892913
0.63388738
0.07189467
0.57946678
-0.17464187
-0.80776043
0.07860440
1.32255897
2.22304977
1.14278388
2.08525342
0.23950244
1.02726687
1.73630846
-0.89641814
2.15949349
1.72880871
-0.39026911
1.76434706
1.19044161
0.74808568
1.54490221
-1.29609062
0.28305505
2.04799028
0.36997410
1.89561602
