-1.02148142
1.18858037
-0.07836934
-0.57497631
0.82011633
0.34861233
-1.22893471
1.17204636
0.92544093
0.70273481
2.45982308
1.26968560
0.04437605
1.39225974
1.82793218
2.15209727
-0.60894737
0.20173901
1.32881665
2.29368954
2.03173066
1.02037828
2.64466130
2.37179176
1.31543732
2.56369384
0.36047965
2.16358900
1.97605471
3.11630137
1.55143495
-0.35477247
0.93391269
2.28283766
1.01857445
0.75113788
1.09314987
-0.02494562
0.67642537
0.37958021
2.06176735
1.50877365
1.60846436
0.44918432
0.15779702
0.57295729
2.01162659
0.23008477
-0.53096680
-0.44990910
-0.14236563
0.92593279
1.81435064
0.62128562
0.86285494
-1.12186301
0.03933617
2.21789194
0.87217071
0.46278070
-0.09672383
1.44257002
1.26177250
0.02618717
2.19485825
1.69059283
-0.29982298
1.16990510
2.04010278
-0.80540468
-0.34164209
1.41794884
0.52352394
1.63068730
0.76089013
-0.30969788
2.51592062
0.04391159
1.93591232
3.17098116
1.98376020
0.08801854
1.85431540
-0.37204585
1.65263416
1.25611931
0.61048641
1.36206243
2.41415680
0.63873841
1.23025208
0.48528506
-0.76888288
1.87301979
2.26908013
1.38790918
1.18280155
0.48307292
2.21004591
2.64131828
