-0.22819166
1.06191649
0.45590502
0.87641519
0.06230614
1.58546783
1.58780701
2.61304923
0.42968712
0.40848110
2.11014455
0.85122969
0.71152390
1.63408402
0.02826998
2.46220749
0.57054312
1.17850607
-1.04913587
-0.69506956
0.18908657
2.73950603
3.65850208
1.03390727
1.40198218
0.42259938
1.87056305
-0.71543724
1.86987202
1.24466145
0.74629230
1.06288829
0.40737731
1.58643476
0.07876197
0.60784868
1.32176802
1.69893034
0.37939307
1.42842001
1.97199024
3.29981275
1.27453296
1.07624051
2.43217974
-1.39616363
-0.77557135
1.57654913
1.50429666
0.52431270
2.85751176
1.30865472
-1.25025517
0.78027793
-0.93984777
0.83816442
1.53775783
1.28882888
2.15565028
0.01407917
-0.33335346
-1.25027140
1.38005541
0.48704166
-0.08226454
3.05448136
0.98297122
0.89116388
1.24156145
1.75127575
0.86948827
0.80726712
0.53249847
0.62334831
0.75184404
-0.62928696
3.21094899
0.80517967
0.38579242
-0.23618047
1.87455579
0.26143470
0.69920795
1.41767150
2.12087356
0.90310462
0.27513059
-0.52193274
0.65008247
1.75324217
0.77276846
1.10192674
0.89505211
1.34324455
0.17546867
-0.59635442
1.95315703
1.98198944
1.32801687
-0.14770699
