1.66800938
0.61807640
1.35192171
-0.24137041
0.45255769
2.32177882
1.69192527
1.86210022
0.55652486
2.23103024
0.47682100
0.91739542
2.03405132
-0.19628259
1.46667849
1.23852560
2.14671480
-0.39860859
-0.04709165
1.38537430
1.67541001
0.65772984
1.04531799
1.57983641
0.30074279
0.07096146
1.57435312
1.61042275
-0.75235827
2.24772202
0.70655706
1.90572818
0.15734294
0.74945549
2.29102275
0.21571960
2.19924801
-0.16976259
1.22799295
0.64258617
0.51180638
0.77929743
1.72885228
1.71738346
1.37192153
1.90712236
0.67074927
-0.22194435
-0.37362165
1.52980191
0.73069885
-0.53938856
0.59276578
1.40278833
3.58891598
0.92147597
0.20420793
0.55179063
1.88788732
0.38449185
0.64485224
1.98274024
1.06487272
1.38190554
0.54754610
0.83193422
-1.14378140
0.49145479
0.84194423
0.49954914
0.80470947
2.16229406
1.27738827
-0.12473146
1.43634817
0.67486962
1.62481313
1.04820985
-0.47563035
0.35431715
0.45630069
-0.16765772
0.79404481
2.06368173
-0.47627413
1.29335741
1.41239084
2.51936262
-1.45196380
1.59215628
0.53121809
-0.02240873
2.30773949
-0.61487610
0.58359249
0.46266277
-0.19551289
0.38887180
0.06559623
1.28672023
