2.76141437
1.23711343
1.05699919
1.81404229
2.18156333
1.19696593
1.52469083
0.52098084
1.60012027
0.72097043
1.36932733
3.35120336
-0.07904993
0.53848932
0.71047233
0.82892137
0.12432071
2.65767033
2.87985302
0.60838124
1.11458529
-0.05963052
-0.65978020
0.64790890
1.77980308
0.29799336
2.03862405
0.81318908
2.26190956
-0.96270507
0.89256144
0.58918875
-0.85104658
1.84074171
-0.52024168
1.08783913
0.99937870
3.21393662
-0.00692421
0.79835722
2.87441394
3.41179496
0.48657832
1.40398619
0.46852707
-0.55021705
0.63857478
0.56792481
0.07885202
-0.61302772
-0.19203930
1.92299676
0.18979165
0.23463420
2.13095338
0.07078564
1.33851473
0.07308723
0.04064497
1.19538960
2.23454532
0.02133430
-0.23846606
0.28713529
1.60100760
1.41347562
0.49113013
1.01366243
-1.04505047
0.34079641
1.50444608
1.50339754
1.74382313
1.09787805
1.09536753
-0.20341318
1.82720997
-0.22788699
3.13001212
1.56665827
1.01788354
-0.33017337
1.99876209
0.77143496
0.78645425
-1.07782346
1.96372755
0.51388591
1.97765303
2.90395218
1.21938869
1.91140981
1.34589637
0.57012447
0.09048502
0.11872340
0.75086750
2.41474416
0.22363127
0.52827590
