1.36285010
1.29842354
-0.45318397
1.49073001
0.51009970
1.83658637
0.10855714
1.74673893
0.69263568
1.72719520
1.07826241
0.30511037
-0.18870230
1.54818658
-0.75286706
0.64808773
1.63359147
1.90578316
0.97201074
-1.83801875
-0.67708872
0.64722040
-0.68770947
1.31677838
0.46648910
0.77795712
1.86599608
-1.43702356
0.34988504
1.43565384
1.32624037
2.54273167
1.46666479
2.11633474
-0.39972575
1.56354699
1.01893513
3.02829226
2.24451042
1.11210705
2.84008262
1.60022677
-1.75841084
2.34626566
0.09003744
2.25607663
0.13315560
1.84970168
1.40059046
0.23810893
1.55423408
2.21822901
2.85261414
0.05754250
0.26754986
0.92663291
2.98555616
1.03183521
0.52910623
-0.03406162
1.45928608
2.27086007
2.27722071
0.35481997
1.27915204
1.10943119
0.54574070
1.16163992
0.03078982
1.39298469
0.40500505
1.44981092
1.30729318
2.28512892
2.38519678
0.57321437
-0.46669983
2.15196702
2.84365041
1.82917175
0.79468295
0.34513941
1.73598287
0.53166638
-1.04412964
2.43610707
0.35563292
0.10206456
2.68326810
1.95373888
0.40642882
-0.14167132
1.04798649
0.12143168
2.10264125
0.77483282
1.45326782
1.74733752
3.15419725
2.47946794
