2.36159901
1.05862132
0.18501874
0.53905051
-1.55876642
-0.02473479
0.15742682
0.08871550
0.88650126
0.66745449
-0.92005910
2.83629444
0.95973623
0.91705805
0.77047090
3.36265462
2.08677047
1.05053241
0.51359475
-0.52673108
0.87237549
-1.23956872
-0.05277995
2.98011175
2.64669914
-0.49452182
1.97687200
0.34260737
1.46233445
-0.30916028
1.52388015
0.25414037
-1.37676128
1.44982275
2.19377053
0.52839242
1.36030480
0.75053193
1.11387454
0.96521757
0.74663109
-0.10417368
1.17073775
1.62754654
3.40377041
0.42392284
0.20692727
0.10706936
1.30663883
1.92367606
0.37282518
0.21242011
1.84196850
2.27733891
-1.20175824
0.49002750
0.24752879
0.65821051
1.75910034
2.25146177
-0.15274204
1.58575426
1.12111107
2.02711535
1.28580296
-0.50022979
-0.58777041
0.30086168
-0.06794332
-0.28093929
1.86476370
-0.10506942
0.27535978
-0.11918556
2.92556198
1.23009637
0.18729662
0.65551489
-0.84827671
-0.75690147
3.06678064
0.57898897
0.21675200
0.91667900
-1.06039156
0.48760016
0.51109236
1.07140807
0.51207849
1.53663846
2.83405954
3.25915391
3.75078146
2.51706998
1.52478451
4.22625179
0.59132241
0.48571254
-0.02700453
1.12110272
