0.20632884
0.20785779
1.87824514
1.38891664
1.76083727
1.48790576
0.27698823
1.18430534
2.32512189
1.09221718
2.02359361
-0.03931297
1.64407207
0.40076457
1.15923175
1.26559327
0.77126183
2.52820979
1.24630346
1.91057417
1.31783284
2.35877732
1.90875578
2.53505392
1.55670605
1.88866193
1.66185757
1.82590841
0.61723487
0.71045120
1.14922588
1.79641082
-0.56043370
1.43999785
-0.80731158
-0.69505184
1.41310233
0.84709794
0.39746504
0.34698105
1.77674943
0.05316523
0.27301339
-0.06574687
0.35842164
1.89876181
0.56914984
1.36844325
0.61322893
0.19818224
1.71305551
0.79442570
1.31551316
1.19424654
-0.20343046
2.33911700
1.87660242
0.45502002
1.89945267
0.07357403
1.02722829
0.62884970
0.91511802
1.34306580
1.60709804
1.89203426
0.67442632
-0.43177566
0.98448980
0.87287260
0.84537987
1.80650373
-0.23366668
-0.99472599
1.47985387
0.82118812
2.04475949
0.71008393
0.57187129
-0.66302237
0.41542339
1.98098917
1.49336795
-0.05621159
1.93083636
2.00989374
1.98072977
0.81013662
0.89876682
-0.49439900
0.21191350
1.56422562
1.94385165
0.47326627
-1.90280673
-0.90750261
2.05917733
2.78565921
0.79533346
2.00954911
