-0.28748381
0.55536265
1.13009556
0.35180165
1.23163025
2.75581089
1.38926198
2.03499837
0.59800278
-0.29140788
2.40123198
1.19445066
0.44272540
0.43133253
-1.24968261
-0.20464857
-0.44253633
1.73227105
0.83927803
1.58946838
0.40017109
0.81911767
2.01686242
-0.03798724
0.87203868
3.20551261
1.71835730
-0.75798360
0.42477651
-0.07109348
1.05533279
1.23244690
1.76075047
0.57263132
0.71976375
-0.31317381
-0.63151560
2.19835373
-0.29177440
0.67815575
1.91580433
2.26827425
2.17536277
2.39433327
1.87356254
-0.95652349
2.37206952
2.24929591
-1.41069064
0.43879410
0.47156080
0.73275627
0.19335769
2.38495410
0.90313344
2.59197153
-0.70720308
2.66650026
0.38507395
3.26128119
0.45472707
1.27996915
0.22424536
0.32981097
1.42325529
1.80337534
0.53995703
0.58640900
0.65929855
2.68007274
-0.90532438
1.49628347
2.53519726
1.16291716
0.65123838
1.34039007
-0.74349729
-0.92098109
1.07413044
-0.70472562
1.64405148
0.58755565
1.77419748
-0.21215050
1.33692777
1.48028410
0.61384494
-0.51581472
0.78400226
-1.12038913
1.26898975
3.07864803
0.55538643
1.17677179
1.71170900
1.40053911
2.61540167
1.44733952
-0.36577653
0.58629263
