2.01393102
2.02491708
2.80245184
1.59856461
-0.32128597
2.64946445
0.99451424
2.58783808
0.60261686
0.25832476
1.27123134
1.32307448
0.56521593
2.77007993
0.53067436
0.62484692
1.54150328
2.04012853
2.41730064
1.69996075
0.66092840
0.02813638
0.45969625
1.63486512
-0.35810174
1.50580449
2.16465498
0.42317349
2.62768517
0.81393223
-0.26583001
1.69281592
1.73936962
1.38445848
2.14831408
0.12873153
1.74665180
0.81425370
1.98802420
2.12587697
1.92396673
0.48698633
1.87860801
0.83722745
0.28970269
0.47838091
1.63695575
-0.10303110
0.19676955
0.90751206
0.99887011
-0.12882646
-0.37229672
3.45832737
2.50281857
1.30434136
1.86027575
1.45820723
1.25655758
1.06510464
-0.49195005
-0.99578537
2.09050663
2.62980664
-1.18044103
-1.22028416
0.84926798
1.26571363
0.86343115
1.03174527
1.52879910
0.99020988
0.83966142
-0.17438032
1.45030022
1.22053040
-0.11083551
3.32074906
-0.07912893
1.38921134
2.40155069
1.56920025
3.23925780
0.03227454
1.19968072
2.48823583
0.71743354
1.95899978
0.52276547
1.81896299
1.07457159
-0.17680893
1.73135532
1.52457912
0.05350627
0.72421872
0.42805829
2.10659456
0.37507936
1.97331789
