0.46107874
1.57237652
2.11634380
0.37623118
-0.20801583
-0.30521863
2.17915484
0.96547930
0.46376650
-0.34664739
-0.34137663
0.28974102
0.78454719
0.06764407
0.47563389
0.25015214
0.16652457
0.67145636
-0.42929220
-0.28754915
1.44070035
1.18502771
-0.50019067
1.38750941
-0.19175509
0.37318535
1.16595014
0.85667446
0.72393589
1.76004161
0.62736195
2.06475987
1.30063167
0.69720614
1.94668054
0.83573006
1.04539269
-0.41828944
-1.24959598
0.89739993
0.73425127
1.74295020
0.46337368
1.92202007
0.38197952
0.87323063
0.04094940
0.93261271
0.10597036
-0.52052442
0.03360255
1.21775832
2.12392634
2.11798285
2.42977690
1.75467421
-1.22840525
0.78861868
1.91718452
-0.07116670
3.43995796
0.19916371
0.75555879
2.02743651
0.93922984
2.22725802
0.93153769
1.05044795
1.78741253
-0.29818577
0.84110213
0.56275571
1.03214126
1.76852442
0.33376716
1.00356091
0.69080480
0.92706267
0.29409921
1.36716028
1.19989697
1.81995540
0.67575571
2.96079439
1.60970490
0.82367807
0.62465964
0.06405671
0.89347425
0.33779810
1.01290909
0.96929295
1.61093277
0.04693988
1.17181880
1.95178119
-0.20905628
1.23759354
3.21666585
1.34126695
