-0.25971726
1.02450910
1.25527995
0.26219591
1.30445393
1.15883304
-0.24799958
2.57321765
0.01967284
1.49072250
2.54218349
1.20169452
1.54551056
1.20540844
1.10827081
1.94771042
0.68920226
1.46765942
0.32925144
2.07902722
0.86099067
0.04553882
1.40481087
1.85146532
2.28332663
4.47149310
0.38760551
3.02654392
3.35435456
0.45953409
1.71236212
1.17687718
1.77077841
-1.01193149
-0.05578745
1.49628447
-1.42918805
1.45114378
1.00440565
2.15266232
-0.16205620
1.82057251
2.73830763
0.67089669
-0.27233935
0.94837099
1.73548971
1.29055285
0.75836185
1.06233450
2.64924505
0.38126476
0.18386946
3.63523399
1.48583389
-0.47583069
-0.17985953
-0.56645157
1.62380753
0.77601207
0.91350873
0.94937964
1.51455868
1.28943757
0.24305401
2.21176112
1.56565530
1.49659835
1.09812743
0.59838128
1.66673862
0.52218823
0.32208468
1.68938733
0.83044383
1.04030556
2.72063036
1.37864244
1.51825182
0.75740206
1.04766498
0.36677630
1.38864443
1.62161259
1.05191011
2.18983033
0.01319338
0.65157872
-1.48373439
0.33191253
2.49846189
1.72341304
2.15233688
1.34775851
0.31297250
2.23058811
-0.78518666
0.81201121
1.16231824
0.40648637
