0.89096166
2.16955294
1.76844088
0.14813589
0.22074801
-1.43970255
0.85184522
0.71789949
-0.17863880
0.08890125
2.46849022
1.70947415
0.26394653
1.75794554
1.87166556
1.21804062
2.58626670
-0.28301237
0.73669882
0.10281659
0.99141661
1.03374953
1.55435457
-0.02160051
1.20997267
0.34048044
1.61076834
-0.26201949
1.28861501
-1.15023263
-0.73437190
0.22973354
2.00154301
-0.63124565
1.68517589
1.19603637
0.97995862
0.74183181
-0.64856024
1.86231204
2.90734345
-0.11744474
0.91085463
2.00290280
0.34479784
2.74644213
2.47577312
1.21202688
-0.39884876
1.23727727
1.05565701
1.93528930
1.86070294
2.89743569
-0.46445147
0.86158675
1.27622335
0.83354370
-0.15084540
1.44377030
2.04005574
-0.33277029
0.13557017
1.85200580
1.02390761
1.61901603
1.15749762
1.37346779
2.36033648
-0.01239738
1.74846646
1.10217497
1.43906126
-0.38212898
1.15792589
0.50420106
0.91569934
1.34840350
-1.03271002
0.48572149
1.02861796
0.79184974
1.09919645
1.89546568
1.46376660
-0.01514593
1.53912188
0.10922504
1.32123468
0.47457600
1.23820338
2.35309389
2.24721139
0.70245968
1.32949528
2.18705272
1.19895132
0.35036542
0.09537681
1.64015309
