1.63478391
1.82989403
1.44373798
1.38704644
1.70910447
1.70263099
2.57330249
0.34923975
-0.07795555
1.43503895
-0.51987805
0.83006999
-0.55465117
0.34321237
1.54476679
-0.67908969
1.77916467
1.06701617
1.26935544
1.71145928
2.64231037
1.40537902
-1.31707705
1.55767138
1.12281248
2.30153943
0.94037253
2.41853113
2.60644250
1.79268969
0.97289259
-0.22733425
1.99540082
0.59024045
2.37859813
2.36861367
2.80400127
1.81918067
2.07887895
0.90837387
-0.05718112
0.84859467
0.94654000
1.67619898
1.31760579
-0.41074101
0.37844413
1.73025267
-0.87885831
0.98129126
-0.93143788
2.18780063
2.37664300
-0.68473362
1.41648436
0.94258031
1.45141279
1.49469506
1.41900445
1.07523941
2.16928590
1.10613324
-1.44653700
2.22033493
0.13196144
-0.02225247
1.60972798
0.61024328
0.91840764
-1.18854442
-0.23507909
1.62914052
1.30350232
1.78811156
2.04380590
2.63051689
0.46460119
1.23869598
0.62433066
1.43042819
1.65556767
-0.81097151
0.54500236
1.01091975
4.16674530
0.44371555
-0.34814376
1.71646796
0.62421162
-0.10663509
1.19726289
2.17820668
0.45895115
1.14872821
0.68508926
1.78763730
0.77432073
1.29476003
1.68859572
1.97911446
