1.44268470
1.20037739
0.75181601
-0.92626763
1.14484225
0.57730645
2.38108633
1.04074750
1.25054617
1.16492639
-0.17686091
0.21889961
0.93089626
1.16917507
1.42908837
2.06602198
1.06730970
1.11777590
-0.00061857
0.60786051
1.92178864
0.13430176
0.71337264
1.12961937
1.46645003
2.46491778
2.99246114
1.04325817
0.66125531
0.68177463
0.93841369
1.64933027
-0.17419391
1.52099795
1.64485762
1.44876800
1.08347911
3.03255208
-0.23773668
0.94223144
2.11444629
1.55036304
-0.69829513
1.43910338
2.69823975
1.50438063
0.06821170
1.26561599
2.42232459
0.43430153
1.73258666
2.56702044
1.61623977
1.52162915
0.89652490
1.14451156
1.43191551
1.17349303
0.26735739
1.43057979
-0.40002010
0.63843730
2.38201413
1.29112362
3.11070838
2.44159463
1.75627333
0.92495700
0.80621667
0.48046931
1.20434255
3.09761720
0.55338689
0.98647925
1.75232913
1.31382239
0.65176096
1.84814614
0.58117414
2.05008597
1.67924003
0.92117268
1.73614242
0.27409273
0.85246499
1.26347511
1.15586681
-0.55708206
0.92207062
0.37221478
0.79856574
2.37764123
0.96243794
1.14451710
0.38320089
2.18632678
0.30139148
0.54824659
1.08086183
2.29096438
