0.14323864
1.45229903
0.99079558
0.90988011
-0.33130079
-0.65932715
1.15771226
0.30519221
1.63332086
2.20635416
1.12526953
2.79394492
-0.53831249
1.30106162
0.79780929
0.28786889
2.24045849
1.35069420
2.61505240
1.28910892
-0.19738196
1.15612356
-0.66293619
0.87940874
-1.04983991
-1.02903768
0.59016798
-0.09053244
0.05315195
-0.87962208
1.15989061
1.44341775
1.13913166
-0.30832015
1.06442293
0.34196283
1.39166781
-0.58529959
-0.11583784
1.60313074
2.20078994
0.14366515
1.19522973
-0.88783915
2.29086780
1.09496923
1.32510064
0.89871525
4.26379202
-1.58052305
0.75209017
-0.16713816
1.07837461
-0.00777651
0.38184749
0.18501651
0.52600282
0.45775655
1.67017178
-0.75214707
0.36133210
0.24468265
0.78164385
1.71318985
1.54697519
2.37492433
0.43371977
-0.21070223
1.79600004
-0.13102468
0.63122713
3.06689031
0.30111090
0.72414615
1.59232488
1.85162798
1.37788856
-0.15177436
-0.66148809
0.13469334
-0.34294164
0.78751414
0.80838045
1.40571260
-0.25174632
1.30791123
1.31770489
0.39433803
1.29394914
2.86242090
1.47390275
1.51959566
-0.63017496
2.48630464
0.56659326
0.40851766
0.01215984
1.33342262
-0.05255143
1.95934423
