1.95608636
2.89416467
-0.73754733
0.10100081
3.35975986
1.55344774
2.21947733
2.14599057
0.68721228
0.61645100
0.02334324
0.33817237
1.06292188
0.47738599
0.43096560
1.95470051
2.54457049
-0.53692413
-0.08326401
0.41757018
2.88930215
3.92345132
2.86759774
1.08833776
1.33124024
0.59511340
1.99571844
1.58824353
0.77493193
1.59389705
3.36073530
1.02851643
2.28072520
1.53765457
2.17797935
2.69833637
2.14987704
0.54957124
0.97755538
0.12414591
2.00608190
-0.20380436
1.81566293
-0.09245541
0.54627701
1.54120296
-0.77037129
-0.08994181
1.10400019
0.14242628
2.39660935
-0.09177935
2.06200120
1.86303128
2.42733371
1.58666416
1.90347248
3.04967708
2.67372611
1.65326844
0.51152998
1.20862733
0.93430077
0.41447597
-0.90707406
0.25891009
2.42489492
0.39784004
2.41733546
-0.28474389
-0.10748719
2.05587638
1.48325372
3.20319030
1.86272836
1.75526662
0.39660890
0.84754914
0.74960185
0.80057029
0.91672710
1.91913155
0.00734999
-0.13844390
1.36747889
-0.01074792
2.38715947
1.27394326
1.53387492
2.11496905
0.15634402
0.17360069
1.91153540
1.38832377
1.72648956
-0.21833353
1.03713827
0.22628181
1.04043728
-0.40404786
