1.06547823
2.02604139
-1.54696633
1.16414734
1.13501365
0.54217473
-0.01286905
1.23863634
0.70582390
1.66824907
1.55885350
-0.47113586
0.33892409
3.52833772
0.40181927
3.19906447
1.01970395
-0.58088262
0.67856516
-0.20588631
0.21807898
0.61010430
2.02669037
2.14093270
0.97100807
1.50488465
-0.17745817
0.24041239
1.53438110
-0.05197491
1.21067430
1.00331977
0.62146746
0.18876040
2.54119917
0.56194333
1.96759829
0.55627202
1.37557955
-0.25604193
1.06336006
0.52770685
1.36018326
0.74103403
1.20514456
0.15173109
1.85966126
1.30073025
2.28544483
0.40657914
1.08712655
0.20868833
-0.19330004
-0.35409021
3.05389590
0.96309208
1.03067490
-0.70502486
0.88732681
-0.02615314
0.88059230
-0.68530676
-0.08253827
1.11797673
2.41403239
-0.08645172
1.92162892
0.36096470
0.56163530
1.07468095
1.22721188
3.00691939
2.15947493
2.41080938
1.59885843
0.87166177
1.32227235
1.95470610
1.17970948
0.33048270
-0.66916079
0.32055460
1.03586071
1.41817060
0.46168391
-0.41211517
1.94807392
1.34092497
3.38378180
1.68550554
0.27845869
0.13736459
1.90718911
-0.38459929
0.88588697
3.51552385
0.95004511
0.97065896
0.87760394
0.33432128
