0.34290755
1.77366691
0.73163859
0.98824383
3.67223381
0.98683637
0.38933292
0.49850088
0.77879065
1.11016384
1.74274372
0.35317275
0.56569255
0.02714675
1.26408725
1.88260792
0.48517259
1.93965467
1.36706240
0.44376396
2.92310645
0.37486676
0.89240378
1.17350815
1.48765357
-0.18251553
1.29260971
1.52718827
0.31715137
-0.45719001
0.40927831
2.59004587
0.18667130
2.42353088
1.80592787
1.36982852
0.68123844
1.38465000
0.17720936
1.00231118
0.23849891
0.84010632
2.86991738
0.63184946
2.50018110
0.51138568
-0.13901798
0.69286102
-0.50752082
1.11796724
0.18916753
1.91178173
2.06463321
2.78894204
0.57341586
2.62129988
1.61512025
0.21221447
1.59687597
0.56085084
0.17766551
1.46362125
1.27964719
1.62898741
0.24478263
-0.45618095
-0.18712378
0.27028611
0.27080229
0.04731731
1.12810106
1.70240068
-0.40430885
0.34614806
1.37721976
0.97077691
1.54490362
3.09002513
2.29308833
-0.13309141
1.81937228
1.50174644
0.00034822
0.57005562
-0.05590864
2.14138661
2.00599173
0.35209320
1.26121848
-0.55663448
1.11588167
-1.67615716
-0.22781714
1.77026071
2.61404242
3.31915123
-1.07935733
1.63739688
1.87863665
-0.63355542
