1.89937755
2.93700820
1.95560935
0.62423667
2.31897758
2.56100893
1.14166741
0.92649648
0.21457095
0.49658381
1.39325918
1.75920075
1.42995021
2.21014682
0.31779180
0.88030935
1.41324340
2.42196144
1.22982558
1.97712412
1.09705164
2.53125971
1.56930548
1.67105065
1.22109263
1.99277833
0.73483423
-0.54967571
2.79877132
1.01487516
1.22556456
1.33956340
1.59105901
1.50432526
0.82730951
1.12492002
-0.12226358
0.12688943
1.88869284
0.19793874
1.36948825
0.93364810
0.17396279
2.16220228
1.80509243
0.43121069
0.10291078
0.07552852
0.73726106
1.42110832
1.76180202
-0.13111667
1.58121293
0.59914850
-0.01089767
-0.76289154
0.45584062
-0.33417825
2.01438539
2.16972155
0.85938467
0.89674684
-0.24192732
1.42889667
0.44925804
0.20589727
-0.07461621
0.13889265
1.88415390
1.13021047
2.69873923
0.55962254
1.07269545
-0.11649698
-0.30707896
1.11312486
1.44885333
2.04419891
-0.86755932
2.01615437
-0.15952928
1.95988589
1.38099524
-0.69377413
1.62471636
1.28724215
3.43221962
-0.03248060
-0.65029806
2.07387560
2.10490015
1.40048906
1.23045919
0.56397661
0.97177798
0.93416567
2.37346495
0.80430779
-1.07852757
1.72355790
