-0.61219311
1.20067706
2.00541408
0.06434543
2.61136571
-0.02670164
0.87124498
1.43643003
1.34196953
-0.04856953
0.81877894
0.94885877
1.64050921
0.88091481
-0.48238356
-0.06098769
0.65784721
2.71284183
2.20005163
0.69898296
0.38134867
1.05546640
-1.25946792
-0.14560919
0.47324751
0.08267545
1.50478135
1.82133127
-1.05559712
1.52229221
0.84306217
2.20229501
1.96397823
0.59235501
0.71445543
-1.91665460
2.19050785
1.17549423
0.54472270
1.28090717
2.79871961
1.45949873
0.47524696
-0.60108076
2.08060231
0.49967631
1.87314843
3.11720777
0.92084071
0.41856908
0.39517652
-0.09071163
1.56667829
1.29578425
1.55662643
0.58416027
1.76721569
1.79810561
1.38315449
0.06689173
1.50865962
2.95034509
0.59072775
1.98113088
0.05096474
1.50196232
0.86219697
0.27350931
0.36180442
2.44757670
0.95550090
-0.05613992
1.48618891
0.27400037
1.63188223
-0.96007550
0.43886224
0.72874522
-1.36611701
2.95953083
-0.17223844
0.43295941
1.07677731
1.17674299
1.09986184
3.20295565
0.37817094
0.37666866
0.86766549
-0.49986366
1.08904616
1.71103898
1.61282479
0.40942560
0.12824144
1.02167980
0.52298064
1.44158703
0.34648285
1.14276288
