-0.48441758
1.88729498
0.79816882
1.97058783
0.22309092
0.78873593
1.32510141
1.87064252
0.47337912
1.11198060
0.91606296
1.84733033
1.51318390
2.28763042
1.47595297
-0.17026315
2.06689080
0.87941403
0.80818131
1.95072219
1.65397565
1.11438044
0.85703842
-1.08951773
0.59887868
-0.66374178
2.10934542
0.35717487
0.48422513
1.29810552
-1.07431479
0.92519015
1.52574076
1.36023933
1.73893418
1.16992613
0.18698742
2.32097349
-0.35284111
2.95053049
0.60487317
-0.60838043
1.58996535
0.93998905
1.65454609
1.88389605
0.92009882
-0.80088091
1.23335912
1.44285805
1.13212252
-0.23810015
-0.26923407
0.67327770
2.10568626
0.20745293
0.95837276
1.58808885
2.76849389
0.00997779
0.10842111
-0.89249526
0.34401211
0.00904432
1.13228109
0.36842801
1.43540299
1.37108780
1.76262196
1.92695278
-0.21220746
0.17129518
-0.43917106
1.91736776
2.57360720
2.12033883
3.30403357
1.21475895
2.56860360
-0.11858144
1.08365631
0.75796345
1.17379058
2.46630203
-0.14658470
-0.08624461
0.14124097
1.42691121
2.18153893
-1.54356257
3.15835653
0.98078208
-0.42024253
0.16656010
1.48959547
1.53138826
1.51139425
0.32682884
2.01636175
1.46615712
