1.53709111
1.59067537
-0.47499276
1.09199700
-0.01441790
1.06075898
-0.63960502
-1.07017189
-0.26367374
1.52019916
0.74253521
2.62421530
1.78682443
1.72328791
0.86354269
1.14875830
1.51045922
1.51571577
0.71072278
0.46229183
0.00122144
-0.88329383
0.40119420
1.51560411
1.21686914
-0.03193203
0.57040716
2.11867509
0.73702678
-0.08458257
1.12566299
-0.46212425
0.68013544
1.97535998
0.87914106
0.80098113
1.02242721
1.56888153
1.31532300
1.33788705
1.22240706
1.32772237
0.13183975
2.28130264
3.27246629
1.51966433
0.88225544
2.96049973
-0.50234639
1.31518251
0.43034636
-0.38946549
0.73387362
1.46610674
-0.26711864
0.18589532
0.35742673
1.34065925
0.86940231
1.35314289
2.08306370
-0.47191484
0.88588999
-0.06064956
1.98661064
0.06234959
0.72094217
-0.68177825
1.59113995
0.64798425
1.56882991
1.70983147
1.46122241
0.07995375
-1.01835438
1.32292666
0.27617031
0.36687436
-1.28117145
1.60960208
1.62475375
2.40069053
1.94636790
1.87808612
0.73811067
0.71816027
3.04791759
1.63124585
1.70633590
0.88380950
0.51092536
2.64953011
-1.22108898
0.72237953
2.87673541
0.69484996
0.26649635
0.64491508
-0.06442505
1.35026709
