-0.04840243
-0.02666912
2.25490491
1.14485847
1.26415518
-0.54393898
0.63247276
1.65446247
1.26822788
1.25700393
1.71694110
0.56971472
0.90125564
3.46843980
1.64035162
0.83383413
2.78671959
1.11139604
0.66316968
1.01157964
0.88122816
3.33774545
2.85232556
0.95632823
0.15999421
2.73866443
0.87612152
0.76045117
1.15686669
0.33810634
0.56198498
0.17927155
1.00377868
-0.09565097
1.85664751
-0.64986360
0.77364070
-0.01619366
0.53365711
0.80100077
1.26593913
-1.25231151
-0.43245945
-0.03173746
1.14187607
0.87689788
1.83776900
-0.85981995
3.32033356
1.06178020
0.72084890
-0.36593604
1.32085714
0.31376300
0.62611893
0.72710259
1.96111774
2.55099721
2.56647673
2.02870222
1.69519912
1.09948656
2.76030607
-0.44534311
1.97958062
0.21539525
2.08938069
0.77286869
-0.11236217
0.54544698
1.76377397
-0.36049714
0.53269288
1.85177395
-0.36961602
0.95976066
2.16295705
2.21544115
0.69087636
1.14872172
0.13606383
1.21904906
0.36761734
0.59176939
1.52326162
0.45216776
2.37192837
0.71851753
0.85516797
0.96471976
-0.37561976
0.15920596
1.15687681
0.27712966
-0.13869326
0.33749873
1.78886591
1.27795444
-0.29349868
0.28514051
