0.12011728
0.10536413
1.67838998
-0.42362294
1.60025161
2.57756670
3.23153991
1.20039506
2.28446393
1.99268322
3.54903064
1.69571720
1.51735368
0.67498818
1.60508264
1.28060230
0.35298214
0.84234800
1.64471524
2.31544009
0.97172186
1.64669827
2.63972133
0.41383744
-0.29787139
0.06703563
2.06274129
-0.06091304
1.01956656
1.15124086
0.77501634
1.25111781
2.14955628
1.48692684
1.31307623
2.29238111
0.85712071
0.25232318
1.16806828
-0.74808556
0.26010005
1.75335159
-0.64208038
1.74149777
0.59152187
1.14307721
1.61979124
0.59048356
0.89127303
2.92246847
2.47015395
2.05432333
1.73521675
1.99381738
1.60253452
0.69315062
2.09581361
2.18975014
-1.17284093
0.87135579
2.27969021
0.06441264
1.26206433
1.40229585
1.17881319
0.89029401
-0.46593838
1.96401894
0.01561065
2.30713085
0.73947961
-0.26923026
2.17233110
2.70774423
2.47281729
3.16489355
0.36639261
2.45537157
1.91498817
1.92937721
0.93240125
0.75452705
0.75693771
0.40363969
-0.01245703
1.70745275
-1.55516455
0.86582365
0.83088764
0.02025339
2.58912785
-1.48842388
2.46740962
-0.92346921
1.18748977
1.53960489
0.17516967
0.41614030
1.85019392
-0.29331280
