0.25801521
-0.04388256
0.81438041
-0.29999418
3.03147608
1.14448876
-0.21826350
-0.43928388
1.62648051
1.47634398
0.43185063
-0.52597628
1.82796070
0.95643245
-2.34383517
0.53460397
0.96979750
1.89963846
0.98866247
0.16367692
-1.58493259
-0.10247327
0.37503219
2.81641972
0.61067668
0.97655704
0.19417548
1.13353097
1.06054449
-0.74555893
-0.14621431
0.93763092
1.74406424
0.79382008
1.18552712
-0.04017582
1.86708632
0.37114377
1.36607184
-0.00807162
0.16027478
1.62078853
0.48282505
1.08645940
0.84511180
0.69176100
0.81844992
2.35375393
1.34603335
0.16727116
2.49555691
1.16696721
0.77686827
-0.40485679
0.26770135
2.43260432
-0.17136132
0.64409451
1.04459515
0.87229153
-0.07591890
2.10938568
2.54355363
0.98120178
0.75392100
1.35785791
2.76078240
1.19766728
1.84546731
1.21137862
1.00365178
1.31630853
2.48554869
0.49681552
-0.17927886
1.46944315
0.45172636
1.18935595
0.04362681
1.24655936
1.84956659
-1.28607218
1.30558293
2.19378368
1.80227233
0.10050201
1.43921340
1.98928962
1.00521409
0.72315974
1.39886624
0.59271063
-0.31268158
0.41049547
0.93453182
0.76532798
1.76975315
0.84619830
2.66007311
1.59152356
