0.80537733
2.07671939
2.26865056
1.03082484
-1.27151662
0.40516706
1.18874610
1.20427379
-0.28495972
1.18159043
1.03599366
2.56496300
-0.00204434
1.10580164
-0.44901687
1.07429493
0.20377979
-0.21832999
-0.43964581
1.34931103
-0.68603060
0.89201529
2.25875679
0.89901436
0.18437787
-0.52042601
1.83651694
0.79551547
0.73595856
1.47357480
2.04127441
0.85722407
2.55155418
1.47302169
1.78490057
1.24372623
0.03368415
0.58223824
2.04959821
2.75020182
1.38440316
-0.16773110
1.57036180
1.79260644
-0.49923942
0.77730094
-0.23939885
2.10433211
1.31575646
3.28380629
0.70913675
-0.95131236
-0.22923335
1.09574527
0.01994092
1.29912377
0.75853060
0.74442288
0.72595435
0.33330894
0.74921823
1.37672755
0.63803016
-0.30795590
-0.38726904
1.68086391
-0.52503774
0.91868270
-0.34410961
0.55111807
1.30704060
3.56724055
2.69102587
0.99937876
2.29335075
2.36287987
0.19613615
1.27226748
0.72240526
0.17792214
2.37626305
0.92137668
0.70513043
0.52990041
0.55975654
2.25958903
1.57650090
-0.05666130
0.42829933
1.70606785
-1.51785105
1.06105334
1.43932938
1.14195131
-0.26215846
1.97971480
0.70486921
-0.88941667
1.61521488
0.40022539
