-0.17834278
-1.16233465
1.23516333
1.93574152
2.28642475
2.03016018
3.51039350
0.95871347
0.54081130
1.59974669
2.11886934
0.35744911
0.11019533
0.84941260
0.42533725
2.32349326
2.32990352
0.44843529
1.57947533
3.59561528
3.11657733
0.54274904
0.89330977
0.37369750
1.30095645
1.88907953
0.12801220
1.47126840
0.14698410
1.56700004
-1.95532443
2.25020883
1.73915696
1.23348821
0.81628959
0.81979233
1.09977753
-0.02302085
0.06791387
0.22808380
2.31508612
2.03579184
1.25928676
2.10149851
0.08629709
2.09578794
0.16848534
-0.60527418
1.15796505
1.15237306
3.39114954
0.84267751
-1.51701536
-0.22688644
-0.30239784
-0.35468957
1.43686978
0.47931504
0.74353150
0.09193663
0.90971377
1.31097904
1.44516416
1.26988352
0.16131303
0.65210705
2.30616503
-0.92345823
0.86660689
0.44988904
-0.65126762
1.83812636
2.36729725
1.24050767
0.66647450
0.58841291
2.65370563
0.29790158
2.60129144
0.71114135
0.17703406
0.83193840
3.12917611
0.86869759
2.70362452
0.47774678
2.25484142
2.69733335
1.55439991
1.23869426
0.75898293
2.59713107
1.85881036
-0.11359033
0.49083053
1.39283730
1.86776799
1.84350865
1.20843673
0.64316851
