0.02410725
2.07810176
-0.02856807
2.57623267
0.41782474
1.00317224
0.94087141
1.32293873
1.41075849
1.17919836
-0.26313627
1.70629929
1.20945599
1.53418425
1.23715694
0.05172719
1.92495689
0.34143494
0.16108058
-0.16944091
1.21378864
3.43217095
0.78453305
1.22940018
0.16908942
0.91958447
0.48087395
1.30484257
1.06753922
3.06572985
0.48270992
1.65229550
-0.89634592
-0.15547945
-0.91701811
0.99241780
0.58620007
-0.43859472
2.37668643
0.53015088
-0.00457036
0.87349120
2.08188355
1.18409658
0.63080063
0.86026946
-0.51589307
-0.98965579
0.13259750
1.00014817
1.91841728
1.07373220
1.09394887
-0.24575822
0.17854680
-0.27452762
0.85299396
0.36321161
1.90232872
0.38180445
0.70138320
0.83264703
1.21329353
0.92794839
1.71447769
2.21051246
2.11407619
0.16397468
1.81325097
0.88396896
-0.38592065
0.38733591
1.43148222
0.94515435
1.07568233
2.07293613
1.21162885
-1.01393768
0.47471956
-0.28651416
1.52779584
1.08794807
2.23501947
0.57689970
0.38889073
-0.05928973
1.38312715
-0.69534308
0.58846546
2.64965347
0.81170710
-0.54939750
-0.70046922
0.01193103
0.51063378
0.14779289
0.94144214
1.26072291
1.95286707
1.57497896
