0.91508440
0.03858568
0.12326838
3.01707061
0.92441225
1.58378219
2.23183683
0.47328937
1.70765515
0.52310469
1.65502624
1.37823476
0.46706041
0.89671711
1.62158237
0.32618973
-1.18585416
-0.23541221
1.24136904
0.88280787
0.28709392
0.66885362
1.25046234
2.37080219
1.31382215
1.06968299
0.64628848
2.27010041
1.72008141
3.05456909
1.45010694
1.14823673
0.45764008
1.52983331
0.38282230
1.86347051
1.32112243
-1.34431433
2.86008957
0.94706506
0.12769402
0.66381619
1.67233609
1.44063637
0.69983468
-0.27911780
1.02512984
0.32788513
0.05372072
2.12535166
1.12308926
1.37852259
0.03754513
1.20023665
1.89957356
0.25353075
0.62709343
0.46863331
0.72431388
2.01267361
-0.43839477
0.02928250
2.38273126
0.19937699
0.14611021
2.47138351
0.02840366
2.73206667
0.95552105
0.81545696
0.83039017
2.58622651
1.70457402
1.38740083
1.31612930
1.00599308
1.82532739
0.32590358
1.46816546
0.99052706
0.68564741
0.54148797
0.12418113
-0.74759110
0.66439805
1.38855139
2.27996420
0.08236561
0.33639715
1.51339648
0.27079754
0.31528683
0.54856343
0.81226051
0.46805791
0.60081539
-0.51726480
0.24815002
2.20312223
2.13080881
