2.17546888
0.71856325
1.16471047
0.08003191
-0.22516112
2.13689597
-0.68652006
1.92706060
1.56821680
-0.59917558
1.16524902
1.77193187
0.76468836
1.28233257
1.93588732
1.37750111
0.01675321
1.11537056
2.32651865
0.89491391
1.29214539
1.83981339
1.01666973
1.88316533
0.55600866
2.20710644
-0.49180814
2.42302774
-0.23948677
0.16269584
-0.64192547
1.32599396
0.07247502
2.85243562
-1.01917391
1.37150400
0.66060531
1.60532326
1.59188435
1.19289806
0.15046449
1.04754643
-1.30993417
1.71990961
0.80121198
0.64200103
0.67666679
1.22885016
-0.17795907
1.62931491
-0.60871066
3.13696490
0.71132163
1.66365665
1.76890282
-0.40714597
1.04464890
1.12552458
2.17047003
1.41998592
0.11918592
2.62785122
2.11562005
-0.35312983
2.39527757
0.31226401
0.15430531
-0.07026426
1.05106230
0.76482763
0.56047975
0.96144504
0.99257594
0.13289926
0.82774372
0.57787943
1.80882369
1.72729419
2.04731699
1.39641040
0.41617094
0.52044496
0.21927722
0.30814466
0.79394449
0.73128302
-0.88143601
0.14572762
0.25855118
2.03748197
1.41280175
-0.51871607
1.17320378
1.68271209
1.06930036
0.26989330
3.19216924
2.46334599
1.17418874
1.65540116
