1.92405
1.59391
1.30639
1.57894
1.74013
1.78693
1.43637
1.3322
1.77888
1.10089
1.78508
1.83516
1.76121
1.49608
1.4263
1.9458
1.8218
1.70927
1.15783
1.11975
1.90969
1.86808
1.44926
1.70543
1.39969
1.64505
1.69616
1.30021
1.59166
1.95657
1.15632
1.79688
1.13239
1.54824
1.98431
1.82307
1.42298
1.96436
1.79392
1.17353
1.56882
1.93252
1.20522
1.01991
1.84918
1.72601
1.7581
1.19758
1.74859
1.43351
1.46623
1.78163
1.32379
1.09641
1.88482
1.97761
1.62071
1.16004
1.43879
1.98955
1.99023
1.46791
1.4232
1.69243
1.12694
1.28638
1.24684
1.57108
1.52055
1.27602
1.52631
1.5338
1.63905
1.81462
1.01555
1.03244
1.09166
1.44896
1.37185
1.1616
1.46079
1.38099
1.53183
1.02876
1.60906
1.32163
1.78059
1.41966
1.16288
1.97644
1.21124
1.18592
1.75536
1.72206
1.08209
1.99511
1.871
1.43222
1.22657
1.63562
