1.45287272
0.32401707
1.78580804
2.50313934
1.37819953
0.21837884
0.69696817
0.76905818
1.84929736
2.22300536
1.95571973
0.18420801
1.17787571
1.72878262
1.54599023
1.85799265
0.76387435
1.37908676
0.83692228
0.85034341
2.15103973
0.03570605
1.29774375
-0.16610003
0.77986886
1.19125029
-0.16840991
1.35757275
0.05362315
2.62201912
0.90104901
2.07638391
1.38007521
1.80135003
1.89867381
3.42438466
0.35172447
0.54424187
1.55360169
0.80120434
0.98317588
1.53254822
3.58953941
0.08433034
1.76248105
1.00986779
1.67643680
0.50255485
1.19987658
1.71133768
1.10363253
-1.04513674
2.59162955
1.54712106
1.93416697
-0.01058287
0.71002439
-0.97715421
0.25613254
-0.06386630
0.12910483
0.20386652
0.69532480
0.98861530
2.03026469
0.25895932
2.58549437
0.34217633
0.90418292
0.97845200
2.12979229
0.82908121
-0.53875472
1.74826245
0.83386764
2.30832097
0.93534585
0.59269026
0.26309175
-0.01352899
1.06175442
-0.40237283
1.46198073
3.77232262
-0.01027207
1.70339412
1.31002126
1.56663057
0.21595245
0.91381098
0.53161701
0.89345514
0.09987740
0.15791217
1.14046376
2.24219518
0.54919955
0.08018444
3.16928004
1.86527402
