2.18284147
3.14478243
0.28615199
0.88370720
0.60230431
-0.12872656
0.61750576
2.13887954
-0.53701942
2.02619521
2.48950982
-0.36827915
0.06197950
1.57125799
2.75042220
0.64067066
-0.38426468
0.64970342
1.44034289
1.47585948
1.57255101
0.86620174
-0.26626866
0.22237186
0.45600841
1.87444358
-0.25722510
1.31268963
-0.35740470
1.81069624
2.31752081
0.17499325
0.67436310
0.40755761
1.54208428
1.21731749
0.44925641
1.97591783
0.34473221
1.20370810
0.03462964
0.41865531
-1.08124184
1.38389892
1.34036791
0.50556894
3.04520416
-1.10350627
1.23350179
0.43514054
-1.52849926
0.55095326
-0.52843308
-0.84555768
2.15495987
1.41871462
1.70606645
0.98474203
0.83838853
-0.26560882
0.85765196
2.51753834
-0.07169901
0.11469236
-0.78555461
2.60306209
1.33956031
1.06607174
0.01155888
1.30090193
2.15086482
1.35486833
0.58184871
1.59289630
3.16829585
1.13963541
-0.52408869
1.79228870
1.56168801
0.40659323
0.63044428
1.22291773
0.97343152
1.23364355
2.09735920
-1.71966306
0.86269467
1.36489908
0.89044805
1.58613669
1.80090386
0.47043282
2.05885645
0.36644522
-0.37801751
-1.13929006
0.67015860
1.82274626
0.47995337
0.45582299
