0.59598626
1.49561972
2.06557966
1.28785794
1.11505238
0.63254767
2.75824506
1.12061340
2.46998910
0.34050129
0.05041784
1.77647384
0.23210639
0.07296357
1.50778348
2.31773124
1.66186664
0.17197238
0.37670361
-0.49667048
1.11221823
2.61065282
1.01492266
1.01463307
1.10945345
-0.08099647
0.65421576
0.18496034
-0.46435505
0.62358765
0.33419722
1.41612842
0.09848647
0.79328880
0.67339661
0.73734739
1.22920823
1.22316548
0.24090912
2.34654510
-1.06419701
2.24905441
0.53578711
1.77419333
0.60996672
0.32974442
1.48740815
1.24829561
0.55310483
0.03309818
1.25023174
-0.33084597
0.91810119
3.12169206
1.65075192
0.93240691
0.39727524
1.76540616
-0.16094371
1.57377127
2.29183023
1.29410881
1.02926509
1.13253920
0.66385247
1.13345599
0.88730539
0.19902386
2.42903836
0.09979018
0.06323388
1.43267684
1.31424211
0.45732209
2.01976221
1.58057543
1.13734184
1.67512618
0.31143933
1.38531395
-0.91259837
1.50659567
-0.31614855
2.21851710
1.33306993
0.84349759
1.42145688
0.67890758
1.45583907
1.65969203
1.62060350
0.66205730
1.39139206
0.32072346
-0.03217491
0.28294698
1.01358525
0.03785808
-0.84001178
1.22019157
