2.49262918
0.82956097
1.26130120
0.43736475
0.25329245
1.01683913
0.70289751
1.84106960
2.50569268
0.93833822
2.48945887
-0.50591444
1.74956828
0.86928778
-0.11182022
0.77308385
2.86499340
1.32333277
2.38808921
1.13902676
4.29925096
-1.84592588
1.58795937
0.38383066
0.58151261
3.97248555
0.72769038
1.27145278
-0.54894448
4.30541921
0.60107284
0.66073943
0.60419574
0.94869027
0.82855178
0.17917313
3.00857416
1.68185620
-0.18785668
-0.05565376
0.96587023
-0.47795772
1.51639800
1.35636802
0.23379198
0.58769933
2.42896108
1.34054291
1.47398995
1.83789346
1.85485390
2.42817802
2.18022705
2.45106141
1.87205952
1.38399121
0.26650242
-0.83981618
0.73678829
0.59782120
3.03647487
1.77753482
0.63336042
0.72909390
0.16365707
2.10427426
-1.79254356
1.10076665
-0.08639841
0.46395162
2.31448195
0.99415763
0.73513633
0.49962810
1.03926363
0.59304122
-0.92847396
1.59708030
0.94011855
1.02932838
1.51360550
1.51024823
1.25567029
0.78510904
0.94973199
1.42255113
1.57952662
0.88689704
0.80415929
3.20796518
0.45608841
1.68135404
3.34720900
-0.15400041
0.47120509
0.36767088
-0.12482177
1.32675196
0.97147391
0.99802507
