-0.49411612
0.64506697
3.38739636
1.10653203
1.46425026
1.30108378
1.30094930
1.83828236
1.36081220
0.43331268
0.22164374
1.07183470
1.03054455
0.82872412
2.60056086
0.46063288
1.20110687
0.21729212
1.33941198
-0.32269502
0.32313794
1.07830805
-1.10331061
0.44616908
-0.82255617
1.27557319
1.16914107
0.96252745
0.20882774
0.88286947
0.62938510
2.30516367
1.04514960
0.91120989
2.59104634
0.90256405
1.19440958
2.15153347
-0.36255494
-0.05980632
-1.51231615
0.62388932
1.86859466
-0.17504225
2.53783574
0.72302366
0.27831621
0.81961543
1.96138153
2.62282017
0.89771086
1.60470093
1.49072313
1.00304805
-0.37575248
1.59839593
-0.14812838
0.73904483
1.53015987
2.74731288
-1.60743053
1.21858212
0.51577639
0.20247392
-0.77721552
1.59220550
1.03525354
0.78160362
-0.29555042
0.70480357
1.39900504
1.29861328
1.21928559
-0.16779577
3.10431256
0.66041558
1.05530844
1.17119392
1.39599828
2.32789892
-0.93771914
-0.15926456
2.58587058
0.38211395
-1.08487115
0.45913208
0.01323597
1.41969869
0.85169564
0.40368202
-0.41420321
1.13073186
1.22433710
-0.31087724
1.01399419
1.22707917
1.10501222
0.97050801
1.90915954
1.43202979
