-0.64247912
-0.24131475
-0.22685066
2.26277492
1.28698748
-0.15037083
0.54446489
3.31888350
-0.14480519
0.63915187
-0.22805614
1.92044643
2.05198160
1.43119920
0.03093793
1.71741969
0.81529496
-0.06976881
0.99870831
1.45280323
2.41544529
1.44670680
1.16907434
2.48807787
2.21790611
0.46273590
2.10983568
1.09789164
2.08490178
1.33031106
1.15284456
3.90152574
1.67412871
0.04004445
0.95415223
0.83438096
1.05206488
1.19164938
1.33482331
-0.16045919
1.42901479
1.45645822
0.27445887
0.42578951
2.27469663
0.07018333
0.63077978
0.68465308
2.53738591
2.12735553
2.37399856
-0.33740935
-0.40983213
2.14985968
2.71702996
0.03768805
3.29805838
0.70367696
2.55835552
0.59997295
3.51286418
-0.18640459
0.13145018
3.11824197
1.44905134
0.77130578
1.39304961
0.83269569
1.46614535
1.31429188
2.02640473
-0.33375332
2.65031368
-0.16652257
2.89663736
-0.70773604
2.46699748
1.39258344
1.17876488
0.37572973
-0.87321901
2.40765896
-0.96239119
2.71612931
-0.10738140
-0.74918635
0.83018639
0.39590136
1.05775379
1.67996175
1.16876338
1.15923237
0.32877982
0.33920686
0.97456342
0.85859148
0.84965087
1.57399467
1.16221495
-0.45466079
