-0.66441601
1.09582060
1.69175537
2.21849310
1.27596587
1.50664270
1.12836710
0.14406312
-0.37193209
1.17988903
1.79963197
1.95259916
2.29264491
1.31817309
0.98664014
-0.27769802
0.31861797
1.29470944
0.27805769
0.36352567
-0.45253080
0.72970066
0.67837006
1.24812794
1.44553398
1.52567886
0.42218415
0.22703324
1.00412818
0.76831630
2.09631649
0.14038250
-0.52576028
0.99755328
0.58056660
-0.18746579
0.49637319
0.29431029
-0.60841621
2.02799688
0.92836139
1.96049510
0.71400941
3.46397024
0.62928708
2.03462109
0.47197151
-0.74439216
0.45702367
0.65410719
1.87597696
2.49971250
1.32440161
1.99513158
1.78751409
-0.54266558
-0.24840557
0.76172618
1.43914644
0.43789419
1.07541966
1.72323523
1.09183866
1.10310024
1.07191860
-1.23146800
1.22208132
0.53340762
2.94549811
-0.67792620
1.34422126
2.31106408
-0.75405558
1.95030618
1.47508029
1.14216378
1.77057433
2.41492846
0.67081637
1.47643015
0.95024762
1.92595095
0.89646587
1.12065150
1.84296836
4.26321974
2.41447731
2.13037725
0.12412265
2.75009266
1.71726831
0.14272930
0.34657385
0.32429732
0.61729278
2.26518859
0.76460916
2.94325947
-0.03581057
1.12789267
