1.83198514
1.45669337
2.69216092
3.25903818
1.89906421
1.37161744
2.48953759
0.32766090
1.70202977
1.13798993
-1.02191958
1.85416041
2.32827840
-0.15503797
1.23818208
2.47981384
1.83207491
2.61708486
-0.38206717
0.59638234
1.81020917
-0.30649105
1.30449534
1.45152125
2.33609457
-1.63941959
1.61475068
1.55586858
1.15930185
2.22211068
0.24024380
1.43868258
0.62897728
-0.11627889
0.99486979
0.51311600
2.91269955
1.08123769
0.51128992
0.52083662
1.67037414
0.68634929
2.47901669
0.78417129
1.07813588
1.24977105
0.48889066
0.43807943
2.38970719
1.39604638
0.89105724
0.09111819
0.53667881
2.17986357
0.18915386
0.72527154
1.70649101
0.64220964
2.06217061
-0.03088935
2.28633814
0.66791268
-0.05460696
2.00403478
0.37787889
2.06716613
1.47385513
0.68515625
2.81598891
1.09167456
1.07414357
1.61700395
1.32197532
0.67428324
0.62577848
0.97561316
1.88719323
2.70368084
1.25745687
1.52869198
0.00554507
1.49885118
2.47369674
1.55798488
2.50971179
1.74875764
0.88525189
0.81403370
1.19534500
1.32645882
1.66797442
0.98114502
1.80954557
1.16494542
1.00141006
2.61824682
1.69597048
1.81811321
0.10171177
0.67312682
