0.78077943
1.36710273
1.71667229
2.58208327
-0.24405701
3.00262398
-0.79106446
1.64310714
0.62241533
-0.54861970
-0.79995596
1.34109309
1.64835961
0.52136175
1.23016897
2.09156695
0.73068814
0.04054630
2.43967755
1.66023245
0.71809877
1.28906886
0.36224433
-0.95005573
1.58721979
1.21708638
-0.04221954
1.02690366
1.10905998
0.55321452
1.39677978
0.95718672
2.72758092
0.86523712
0.50116158
1.48251254
1.11850056
0.83351130
1.17685131
1.51286359
1.28438222
0.74342750
-0.76622862
1.85975745
1.77590770
0.62422163
1.37580782
0.68957347
-0.12604381
0.91325016
0.39390576
0.73628625
2.24963806
1.46543140
-0.44201443
0.06542006
1.28733207
2.31659619
0.64908707
0.72853524
1.98603822
1.82120850
0.89997508
0.85100365
1.36793067
1.90384266
-0.08748326
0.64598821
-0.13541904
-0.31777637
0.86961738
0.66622816
1.67763338
1.61994152
0.44798189
1.19705729
1.75913276
1.13520705
1.12585458
-1.32692894
1.29604242
0.68897129
1.94016836
-0.44068222
0.08877994
0.77207116
0.47631448
1.12689158
-1.14166743
2.66247246
0.75309950
0.57856328
1.85623743
0.87942673
0.25023440
1.37333699
0.76807719
0.45867909
-0.10580574
-0.03710137
