1.39525361
0.17701974
0.98697026
1.31542966
0.95598694
1.29245632
3.08938850
2.18351991
1.32489450
3.31016961
0.24077684
0.07093876
-0.06429148
1.35639434
0.76539147
1.29603233
0.93173279
1.56736669
-0.35754627
2.98411694
0.46959992
0.86115737
0.76274714
0.78726058
2.21573678
0.76976970
0.24596953
-0.12993857
0.31108785
0.11423194
-1.21238133
0.54244900
0.54540407
-0.08129981
1.18285819
0.57912518
0.72372024
2.59131148
2.64674582
-0.00383465
2.75060352
-0.07267440
0.84270360
1.50136915
1.83100654
1.52454067
2.02505971
1.31690076
0.71638397
0.88305777
1.91135942
2.04501476
2.98815172
3.06862380
1.69436298
0.58607509
2.54686349
1.06414556
1.35378056
-0.26240263
1.52405949
-0.34431343
0.96227091
0.84306052
1.04661193
1.88763704
0.49118898
0.18562286
0.12384510
1.25726881
0.63846057
-0.01623336
1.85698128
1.10769091
1.80274577
0.79085672
-0.28403352
2.88838315
1.26004998
0.49750088
2.03736533
1.74931215
1.15614229
0.70988581
0.43168304
0.61746098
-0.98925697
-0.27913640
0.92797689
1.89738226
1.27597821
0.96768061
0.40122576
0.77816428
0.74954490
2.19822517
1.90295213
-1.21562145
1.24925634
1.30441408
