2.91819229
2.33040448
0.46516769
0.58924762
0.70310398
0.25876798
3.88802291
1.41503836
-0.55464558
-0.01828735
2.20597050
1.78866081
1.99694722
1.13712436
1.80691100
1.04602319
0.53326379
-0.23019321
1.10150212
2.43035760
2.59059410
-0.16044390
0.46482853
1.00622299
1.93847267
1.58954342
1.86062602
1.12307455
2.34353345
2.35695658
2.11337560
-0.97838241
1.54442410
1.19882068
2.68505097
1.19790075
1.06837350
1.01037674
0.76250686
0.42725080
0.77620565
-0.28628984
2.13622517
2.00201326
1.08153027
0.60207898
1.05722352
1.85513290
-0.26196181
1.68994494
-0.01536811
1.69880862
2.34006552
0.88676122
-0.33896505
1.82646288
1.26645447
0.49448341
0.44648074
-0.04758773
-0.10743161
-0.78012897
2.14544331
1.01169077
0.89362312
0.43082893
0.50051779
0.94207946
1.46052943
1.79701683
3.23970505
1.21336962
0.56569422
1.52298518
0.28575996
2.46921275
0.05571673
2.51612923
0.10757204
0.69417202
-1.06174939
2.44650052
-0.18142828
2.74368901
0.88885132
2.79499180
0.43648869
1.66378319
0.73453136
1.08806052
3.30464541
0.16424365
1.84605481
2.88712409
0.87803523
0.44916997
1.07741218
2.20198721
1.28779497
1.10320464
