1.23487368
-0.95123490
-0.77222999
0.88857049
1.46941861
0.94331156
2.36149996
0.24251241
1.93422557
1.77480840
1.79484386
0.35516344
1.05639797
0.50108450
-0.16599083
1.88606708
1.76048317
0.36047067
0.35132002
1.29734296
1.41766297
0.60198504
-0.04659733
0.89502128
1.36250912
0.58418146
-0.31759248
0.87256921
2.15171931
1.81154818
1.90769779
0.75645951
0.71249963
0.71618045
2.00681930
0.29668498
-0.27607418
0.70669980
0.79078872
-0.50419554
1.03701177
0.67744816
1.39996306
0.33692876
2.70676470
-0.51759766
0.37213658
1.09689330
0.66285080
2.35472116
1.41977776
2.55375992
0.89487552
2.99198723
2.48400143
1.13026437
1.01633167
0.09899366
3.65475698
2.78149985
0.75686823
1.39590987
0.44649732
0.91456977
1.31546414
1.28442200
-1.22143693
0.82744551
1.42021999
0.62700421
-0.29131744
1.09663513
0.99800146
-0.47283739
-0.41942062
2.42785509
-0.26984848
1.81064341
0.55555227
0.77568430
-0.02257561
0.28735961
0.83671203
-0.27659941
1.44872161
-0.76718391
0.19227151
2.93081721
2.49631085
2.57943978
0.06822404
2.17277718
1.54423821
-1.48506823
0.90855793
0.40437804
1.20279273
0.24417659
0.60271896
0.66418919
