0.23431305
0.31337562
0.22785899
0.89942892
1.66075642
1.09967201
0.39498226
1.12973463
1.85076369
-0.11010177
2.14495889
1.19849597
1.52766121
2.01099694
1.13649173
-0.95624253
-0.05894925
1.43374929
-0.03575400
0.11097744
1.40489281
1.05774119
3.59201025
1.14505906
-1.64100261
1.34656063
0.94216027
-1.21258402
0.89616179
1.15613001
1.20844568
0.29371477
2.90951075
1.42473621
1.73360638
-0.33961540
-0.10751850
0.98906969
1.37684598
2.02160349
-0.09985303
1.29924244
2.20831900
2.49518530
-0.21502170
2.25340092
1.87495257
0.18966964
0.31234340
3.21203938
2.64973700
2.53574369
2.03865250
1.71753842
0.13043183
0.93553412
3.36445810
0.94591910
1.89306325
3.12107220
0.90085480
2.38302498
1.45617031
2.33983386
0.18119186
1.94818006
1.40913806
1.06897155
3.35807580
1.18856071
1.86440469
-1.26539560
1.15626421
0.89279013
0.21263506
-0.31674910
1.54461658
1.21215093
3.89669732
0.67988662
1.65943165
1.50507910
-0.37973496
2.13989326
0.73224067
2.74942039
1.51607185
-0.88340493
0.70673901
-0.07543709
-0.59796976
1.37238302
0.42593667
1.46033661
2.06357358
1.39900849
0.16020749
0.56146056
1.82144878
1.02340914
