-1.41835821
1.27023850
0.38486152
2.21409322
0.19791788
0.14567141
1.50148225
-0.99502119
-1.44969055
1.74197759
-0.28473931
1.27991126
-0.31995167
0.92783927
0.83969479
1.18377359
2.41048821
1.72007979
1.08055081
0.26992160
1.43975503
-0.41368210
-0.09878426
0.58289146
1.24603068
3.11591049
0.95374409
-0.55261935
-0.01735893
0.45673247
0.24168219
1.78480237
0.23562498
2.60532621
1.97007753
0.47080174
0.21321920
0.24496152
0.76537682
-0.56779227
0.14097747
0.77668955
1.30260121
1.30615382
1.08363012
0.75962951
0.70324214
1.82656357
1.52680937
2.78221280
0.49850276
1.31930489
-0.19892878
1.55546806
0.69611900
1.55549500
1.25970547
-0.35683812
0.55521351
0.27152989
2.36097097
2.79253694
0.56573239
1.67046378
1.59233551
-0.51965087
3.48102498
2.09013951
1.40123648
1.88675679
0.66110176
1.52974181
0.20054822
0.98973227
0.15238466
1.07208201
2.35104135
2.84358188
0.72692486
0.42744244
2.80164627
2.11546315
0.91267551
0.75325273
0.14170060
-0.17226512
2.59580128
0.62759723
1.63474724
1.62207419
1.37650752
1.57162388
1.86971838
0.89028062
1.77485474
1.74266964
2.04710441
2.58276054
1.89596246
0.36566402
