0.53823002
-0.03653499
0.43329210
0.18093044
1.82582262
0.18106528
0.70979400
0.04071774
2.61661354
0.21941209
2.91141151
1.65932934
0.89874670
2.27355167
2.34010510
-0.10583795
1.27714245
1.96499503
1.48288881
1.19485668
0.54895377
0.38132686
1.73062165
-0.07824528
2.53966474
-0.34310171
-0.70367238
0.58726316
1.20677562
1.58213265
0.92775444
-0.69738840
0.99791522
1.98243006
0.64633968
0.46152771
1.34569556
2.02120744
1.53037856
2.12809060
0.19044514
2.04495692
0.52833432
2.30238398
1.86349273
3.16904771
0.94135966
1.01951921
-1.25263785
1.02483034
1.08418106
-1.13177293
-0.32247941
0.33002661
1.92619274
0.20629500
0.50815968
3.25385284
0.87058117
-0.12553060
2.12374844
1.08855475
1.16571387
2.15345161
-0.14605106
1.44543982
1.94214010
-0.44679375
0.10557463
1.18059770
1.06371291
0.18950105
0.99021951
-0.01664011
-0.18335238
-0.16789454
2.30847792
1.32211109
1.93342351
0.11865356
2.38577827
1.44865944
0.48633163
0.86258757
2.19016486
0.72238540
0.22763672
0.74855871
1.03224391
0.59071887
3.07483142
1.00184746
1.29827508
-0.19114478
1.87146167
0.18078272
0.52795631
1.78533915
-0.36273419
-1.54467280
