0.98131952
1.81389925
2.00695508
0.28238001
0.69939514
0.82262914
0.50848098
1.59305637
0.61050367
0.06490160
1.32119738
0.97506639
0.02624544
1.36563346
0.76873167
0.80807690
0.29754854
1.04784987
2.85289298
0.53009095
2.05974773
0.19669516
3.40184938
1.46790880
1.80734021
1.36861445
1.79338315
0.17304846
1.36813279
-0.06102565
-1.27978658
0.02370154
0.54209783
0.30163555
1.19104274
2.78231002
-0.68205113
1.35188773
1.81949851
1.60508060
-0.36302552
-0.30331971
2.02681230
3.02156285
0.35608919
0.99447015
0.14391705
1.94317746
1.87269795
0.82728420
0.59047557
0.41299362
1.40051681
1.86463959
0.78413990
1.04603042
2.59627694
0.64516115
0.63051434
1.24487005
2.12248359
-0.33987895
1.41856446
0.20888792
0.10263504
2.01634407
2.56866076
-0.19429710
0.69367802
-0.61735573
1.16851414
0.48280251
0.73008562
-0.92165026
0.83297445
-0.25413461
0.73195527
0.44267115
1.31280133
0.63182016
0.84711952
1.19914241
1.09822992
1.10168025
1.41288227
2.09066912
1.76376141
1.30070286
0.57045736
0.99569908
1.14414287
1.69120856
1.13460689
0.55797562
2.26987349
1.02041226
1.69642699
0.46521909
1.09740223
1.02370233
