-0.02793934
1.59335912
1.53400290
-0.09761593
-0.44843916
1.35132058
1.23599499
1.92631281
0.95427254
1.16637587
1.09503202
0.15987033
1.91087760
-1.26607077
0.81073688
1.71744692
-0.50648168
0.30430278
0.85676837
3.37970668
1.21258898
1.58132030
2.06399642
0.44479829
0.58843036
0.27743636
-0.19639145
1.05014205
1.03725447
1.55362692
1.74194614
0.47531323
0.09360806
0.55371893
0.42323052
-0.01758109
-0.82949372
0.57334713
0.64512301
0.41353793
0.29629501
2.13067928
0.06690571
0.92158978
1.24766253
0.99116925
0.52496346
0.76292356
0.29029119
2.17030643
2.35734807
0.25528395
0.44844285
1.85909598
-1.28114718
2.64917367
1.73913583
0.92707691
0.64784170
1.64305670
0.62671719
1.95166951
1.20687958
0.24277798
1.07619266
-2.10854590
1.19684041
1.18287529
0.92551815
1.41473328
2.48720932
0.86865069
1.95457735
-1.02601418
1.10660585
1.05956172
0.92434673
2.63101642
1.09489410
1.11041733
0.24482928
1.54303807
2.18085371
0.68968781
3.57628197
2.22435356
2.04071242
1.38085076
0.08262326
2.70274255
2.14361387
0.29207936
0.62466530
0.57171937
1.34594995
-0.14824548
-0.27744815
1.48027450
0.96186982
1.81885975
