0.33537986
2.19458193
1.22953878
0.12191279
1.48485976
2.90626771
3.49483267
2.30781241
2.18531111
1.54817286
0.75415958
0.70483245
1.66858113
2.33024479
1.58699813
1.18631880
1.83909841
1.27297438
-0.96204802
1.31070448
1.27971684
1.36655942
0.91991344
0.90869510
0.67895570
2.08190825
1.37763947
1.19326085
0.03766084
2.46177488
1.39669468
1.45430232
1.05378348
0.77879724
1.95682177
-1.50994841
1.51652745
-0.45785628
0.51511229
0.45409462
1.27781939
-0.17151040
1.23803478
0.67956768
0.78379259
2.06058339
1.24241602
2.15543994
0.86183618
1.22490352
1.55499149
0.39856097
0.38670694
0.47868970
-1.09770128
-0.80764099
0.64462993
1.81464360
0.59703854
1.66777053
0.22007906
1.43102175
-0.09522858
1.38106221
2.30226852
2.67604622
1.03531044
2.74419857
-0.04779607
1.90016614
-0.12890618
1.63603507
1.32975900
1.67521591
0.14018994
1.68529930
-0.01052975
2.34980833
2.74674451
1.98664655
2.77082319
1.86706054
1.33012005
-0.27019280
-0.49042019
1.36194039
0.79145961
3.04459033
1.64638516
-0.91009556
-0.43345541
1.09084231
1.71444093
0.97747821
1.10492894
0.37466830
2.22131337
-0.28103617
1.72257693
-0.13435195
