0.14805600
2.12313225
1.29123136
1.35815217
1.12453852
1.04120308
1.16713968
2.87563785
0.96536364
1.58615185
0.73652768
1.09766180
0.36723342
1.91054682
1.29561010
0.69158255
0.81832737
1.29030702
0.35055620
0.77810936
-0.75412109
1.79945840
0.48467714
0.66008301
1.28320470
1.24748923
2.81500963
1.36599365
0.55494188
2.26294429
2.64116691
0.65992998
0.97986931
1.45170619
0.10624426
-0.08494310
1.44180699
2.10525956
-0.96919677
-0.22900359
2.25560229
1.70521945
1.57098679
0.41844862
1.12082379
2.77170238
1.48274490
1.18052211
-0.00226861
1.53566051
2.05514511
-0.70703847
-0.92821944
2.52446809
-0.92491205
1.01037413
0.38264023
0.81102331
1.82308751
2.23099252
1.23081655
1.37814234
0.34868581
0.57809979
1.89977016
1.32891078
0.67613160
1.78579381
1.94591841
1.89800357
1.18357746
2.23773997
0.74167328
1.71678214
-0.39730371
-0.35183805
2.81502600
0.62241851
0.23104460
0.88470867
1.51679327
0.61680867
1.29991976
0.51514885
1.95390975
1.49944417
1.30262276
0.66133934
2.07793512
1.23425029
0.06970713
0.37650747
1.88180547
1.70148619
0.23738989
0.37706218
-0.44337331
1.93332898
1.78046425
1.82552625
