2.41127437
0.55325728
1.01498969
0.42027796
1.66204147
2.17890424
1.41112869
0.88477877
0.98907954
2.42647321
0.96337923
0.80387920
-0.48855403
0.38210023
-0.88709390
1.00661012
0.19336998
1.83006748
1.59267312
-1.41238033
0.27484869
-0.61738908
3.43100767
1.25920293
1.49713544
2.95797101
1.29649987
0.57501156
0.12144677
-0.30843713
1.44997991
-0.04069973
0.21912229
1.24115717
1.66812062
0.41169127
1.06777174
-0.76447405
0.36584187
1.92486454
-0.19000763
2.72056164
2.23840767
0.83366233
-0.07917836
1.88904286
1.61052086
0.58544361
1.93134259
0.64251045
0.05288572
1.45729181
0.88167405
2.24013584
0.42225798
2.35369640
2.83892665
-2.04134396
0.90898661
2.05117980
0.79192353
3.19176079
1.12446274
1.95143984
2.87689167
0.83516224
1.81276397
0.60420761
1.83065959
0.27221115
3.36539702
2.51570106
2.06920669
0.85615369
0.04409974
2.62906779
-0.62137049
1.18906229
0.70869922
2.29806902
0.30868640
0.67469257
2.53931341
0.42705693
0.34006221
-0.34274530
1.20837154
-0.17551580
1.14614530
0.65261629
1.81743407
1.31846198
0.46744909
0.11932931
1.24039125
0.25046382
2.56990863
2.56002183
0.39545655
1.57100986
