1.25058799
1.71333873
0.32481504
0.57967834
-1.20393516
-0.00056686
1.23699403
1.94337600
1.92546089
1.94832692
1.14194693
0.38794121
0.48328425
0.77475059
-0.12981851
0.79299062
1.26523675
1.72342612
1.01271214
1.88535793
-1.15311512
1.19691308
0.52549070
0.76966908
4.01232040
-0.63266247
0.36019380
1.69364511
0.61739718
0.56793550
1.25550487
-0.20046177
2.19289430
1.54083826
0.96048352
-0.20239294
2.00154558
-0.15486765
0.59744877
0.45231190
1.68991702
-0.32971826
1.36446348
2.87246268
1.33131562
0.87355176
1.32428033
2.25075750
0.33702798
-0.37344194
0.56694766
-0.55970974
0.70139559
0.74716722
0.12614460
0.41691206
0.54575609
1.87282679
1.99460585
-0.63187331
1.11919577
0.83715388
2.56754956
2.02004794
-0.59403782
2.38053139
0.19019081
1.13766393
0.37504658
0.70412894
3.36444061
-0.82241414
1.40212751
0.58354470
-0.43059011
1.79014530
-0.14736786
0.03502618
0.05888760
0.02026266
0.71360972
1.01707906
0.32298658
1.14385547
0.57299113
1.44810066
1.84254025
0.66497418
-0.86135518
0.74169793
-0.11129158
-0.30429754
1.90867486
0.21588063
0.50107319
1.54618943
-1.53977643
0.00877321
2.40611523
0.13220271
