-1.05312015
0.29641580
2.20287379
2.08560725
1.08761488
0.75998885
-0.00683533
0.12881226
0.47784151
1.60076294
1.38141316
1.93848665
0.73705314
1.35663598
1.40642988
1.15944542
-0.70517138
-0.21558631
1.73140791
1.93658661
-0.22525042
2.06315325
0.50502423
2.51416650
-0.57551218
1.81649564
0.86736273
1.66995422
-0.08345260
1.32551755
2.06643292
2.45358651
0.59950503
0.40021649
0.10568182
-0.29324056
0.68510836
1.04987756
2.14773016
1.95029646
-1.09980919
0.56547331
0.21440717
1.62046248
2.60315579
1.67879579
0.13644872
0.61254516
-1.39962753
1.10819613
1.65213480
2.95188432
0.32868454
0.30335202
0.16074375
1.04396836
-1.30476371
1.49328265
0.47781452
3.00480624
0.53014923
0.02367211
-0.11492167
0.35186441
1.80550945
0.95340531
0.26354047
0.56218042
0.38864037
1.72254318
-0.06630952
2.14543173
0.59429443
0.27013062
0.09088434
1.63478387
1.30929223
0.04652118
1.48615841
2.00280236
2.19921086
1.85888809
-1.70788313
1.15733316
1.10111656
0.64269890
1.94962507
1.75170498
1.01646775
1.49994132
2.80018594
2.50392626
-1.03267614
0.53177212
1.57449872
1.37863422
2.21671217
0.19617949
1.66209847
1.65723647
