1.13719137
-0.33693751
1.47813186
0.88043755
0.32473358
0.79152076
0.50644251
0.91146501
2.57653137
0.81773510
0.53378128
0.62138513
1.25839407
-0.40995396
2.95662657
-0.25337571
0.02042396
-1.48567042
0.33173901
2.14422875
0.04070970
-0.51600831
0.43711687
1.58941705
3.63573179
2.18266010
-0.20464113
2.68673744
-0.01846903
1.44979611
0.64771689
2.58885770
2.33364880
0.98988087
2.21276813
1.86226972
0.92509665
1.54856967
2.31245836
0.65660433
1.60525109
1.73853672
-0.16021942
-0.02014056
2.46067521
1.50218632
2.29769562
-0.03280001
0.40062479
0.97371557
1.67051280
0.59445146
1.02236644
1.01139016
0.44100677
1.86247979
1.47706358
-0.39083178
3.02648805
-0.59272457
1.12454248
0.00083933
0.80975453
0.84976577
0.79389584
1.16231063
0.19043795
-1.01825166
3.31264560
1.74329442
0.02650163
1.90542495
3.85037457
1.47912858
2.08289325
0.31228004
0.67844739
0.92157450
0.55023219
2.31015333
0.18693809
0.24896013
-0.45436890
-0.13237660
1.35655839
-0.62354575
0.37560758
3.59683391
0.25945566
0.74247243
0.11515456
0.66170762
2.30907852
2.75504302
1.01475267
1.48982589
0.40259353
1.41066291
0.89055265
1.81652534
