-0.73808324
0.93077523
0.82848127
-0.02269464
2.12844071
-0.21365397
0.86807819
2.09536827
-0.46945780
1.29910519
0.43611942
0.70577765
0.62065171
0.93753906
-0.16518938
0.10521053
2.73793209
2.39256899
-0.23754686
0.81139779
2.52630757
0.31044139
1.27252420
2.03027249
0.45272877
0.85513786
0.65330399
0.25390087
2.77380298
1.63836512
1.67941762
-0.27928773
1.19576542
0.85148836
1.72217020
1.21679182
1.97134521
0.59452035
-0.01609929
0.78000101
1.81795608
-0.17619936
1.84638090
-0.28656554
0.68737026
1.97840072
1.19251152
2.82584027
-0.56898479
0.74896367
1.68346279
0.62816663
2.23432799
1.25953239
1.16681523
1.64294469
2.10406894
0.74216134
-0.73545259
-0.19467822
2.20508256
1.40109453
-0.14950104
1.98370820
-0.34829550
0.54818889
2.04118325
0.77996756
0.80648693
2.00163012
1.14309046
0.10075632
0.52367957
1.64480353
1.64905504
0.81373710
0.96802585
1.59362185
2.67649552
0.34263266
-0.23642410
-0.68957951
0.22040606
1.06691963
1.24910035
0.23558216
1.41608384
1.34675067
1.76815652
0.30951095
0.96285613
0.13195651
-0.28361606
-0.22632041
1.67926534
0.78728447
0.27355076
0.25082132
2.90377895
1.41148507
