2.54036698
1.89590185
0.87690888
1.03992128
2.74201352
0.99966122
1.45911840
0.63645357
0.24449067
1.74576984
-0.22427201
2.64227102
2.70328937
0.69057448
0.56966546
0.96980858
0.70991098
0.65012291
2.98411722
1.80785442
0.95387500
1.78027886
3.38866153
0.99239555
1.39824082
1.29431841
1.15994471
0.58908727
1.19538433
0.82112902
1.72682602
0.43066429
-0.59506844
0.43090840
1.15058955
-0.48838357
0.54867314
1.67033307
0.91797335
0.31653602
1.82324779
2.74072341
1.78690112
2.25331105
0.38600679
-0.07275441
0.49203099
1.59252268
0.13731641
-1.03376831
0.62434201
2.57646613
0.78054369
1.86986225
1.29864035
0.18428784
0.06515592
0.64041627
-0.34481776
-1.07435108
1.93374731
0.30309916
2.40932375
-0.99850249
2.45530415
1.56113115
2.24127696
2.40352219
1.82456582
1.06353391
2.54865328
-0.67254356
2.21196108
0.85225792
1.03232758
-0.43062931
0.68879424
0.97132999
2.42395375
1.03123427
-0.36182911
2.13726933
0.50924167
0.07277848
2.94254522
0.14734415
1.20624535
0.38086302
2.41351275
1.39923154
1.50765922
1.65234207
-0.35787467
1.07120057
2.05887488
1.65096657
1.91649442
2.43367413
-0.66521106
0.46507885
