1.26381351
-0.53845086
1.72188922
0.44924633
0.14174010
2.26195999
2.74483217
1.72403344
1.00406625
1.30259465
0.87138039
0.78559527
1.59262024
0.52568610
0.57479847
0.17103313
0.42093847
0.98531777
2.49460803
1.27980320
-0.43737333
1.29662824
-0.34488260
-0.25896525
-0.02160059
0.76737409
2.13299861
0.13590476
1.90143700
0.15688343
0.26042002
0.37379492
1.32923343
-0.06878930
0.87167183
2.22536571
1.22376851
1.77129049
2.13419596
-0.08604846
2.73518420
-1.66444314
2.83121240
1.84510418
0.71636844
1.53141362
1.37425884
2.79083501
0.09331009
2.96434915
-0.86811584
0.70507830
1.54519618
1.43802728
1.91953752
0.73302362
1.44709089
0.93995204
0.52187007
1.98840719
0.17049628
-0.91582372
0.58295040
1.58969568
0.32957625
2.29005139
2.04725374
0.71499728
0.09507090
-0.26873467
0.84259655
0.29142590
2.03456437
2.63516415
2.38835346
1.15718751
1.64839241
-0.65412361
1.79061054
1.07250777
-0.58256303
1.80515709
0.53757248
1.87505562
2.65088760
1.78947472
1.15587989
1.07426466
2.48771003
1.78833829
1.75254200
1.06085358
-0.62522789
0.13794975
1.12635945
0.72618511
0.25101808
1.98287679
1.98440575
1.10489405
