-0.15351207
1.89196261
0.27717079
1.36702067
0.41566455
1.50561965
-0.44230625
1.28059662
0.61269226
1.18993300
-0.49626904
0.38025072
0.46803998
1.01922780
0.97556026
3.05350951
-0.88994271
-0.31067183
-0.60699429
0.18183844
0.98303384
3.08878727
1.97313374
0.54428929
0.53625726
1.68016880
1.59808526
1.03871640
2.16000562
1.44126003
-0.26473489
-1.32613649
0.97030563
0.81984625
0.85581291
-0.15573071
0.57316042
0.59517302
1.45299257
0.74567791
1.89608649
0.88578307
1.54481130
-0.22684662
0.06890241
0.99753145
2.72907312
1.43583502
0.83573049
0.97841277
1.46020021
1.29309620
1.26127558
2.20665696
2.04688036
2.53254374
0.74358214
1.11024340
0.30020876
-0.47889502
3.00786002
0.44221388
1.28601022
2.73457206
-0.28469486
1.72589279
-0.46318262
0.58298298
1.88338287
0.32334506
1.24852624
-1.48098462
0.92795226
0.75086890
-0.21166468
1.71791314
-0.71707023
0.34859696
0.64074476
0.77616424
0.50893503
0.99932187
-2.06322377
0.18254566
0.89505290
0.22326651
0.21282729
2.04054536
1.87575182
1.74168452
0.05171016
-0.18341452
1.99929541
1.02074048
-0.45420490
1.64697854
-0.66731148
3.01991687
1.96581056
1.10726507
