1.45812640
2.00756553
1.14559458
0.94679863
1.15058294
2.49673126
2.39240051
1.00767696
0.55199826
1.67668900
0.23615820
0.38992756
0.29100497
1.12487517
-0.02313417
3.33332656
0.20325664
1.24209242
0.79749814
1.99969088
-0.10311435
1.01805583
1.29075388
-0.10650142
1.30836094
1.72358268
-1.14879414
1.17127831
0.75533075
-0.18788271
0.80280866
1.02672388
2.02511235
1.70828795
0.84359591
0.82314784
1.46234536
1.73315876
-1.82189244
1.19864050
1.30344002
1.51285909
1.15015901
-0.04580197
3.05939163
1.72009328
1.04234928
1.10182474
1.19289813
1.04980533
-1.56038091
-1.21340726
1.42794806
-0.54806191
2.42221128
3.15645844
1.46098853
1.00243575
0.50379240
2.84666322
0.83193681
2.22487639
-0.43837862
2.44253982
2.05127756
0.43285019
3.32083498
0.92708453
0.25097817
-0.25906644
1.18223806
0.46400812
0.52489646
-1.03493015
0.96611246
1.79874969
0.36344448
1.12901568
3.51128628
2.33562726
2.20784719
1.91661440
-0.56670927
0.20563291
2.94512548
1.39747735
0.87629358
0.10014543
0.05684488
1.89875198
0.91493129
0.91786621
0.87966793
0.92032110
0.32343721
2.77407234
-0.31773509
1.92143051
0.24766562
1.05172900
