0.85530602
-0.16203030
0.56829650
-0.09412400
0.68157269
1.86577564
1.94441701
1.93142515
2.21354968
1.35480312
-0.45542328
1.04358908
1.22019855
0.93677256
0.61223816
0.49098306
0.55023849
-0.15644381
1.58274784
2.14046370
0.88628697
2.65838654
1.58996918
0.61335265
0.23504390
1.31937536
0.04636508
0.25247422
-1.05295616
1.76035600
-0.72780934
1.13657393
-1.18487558
0.59950054
1.54026249
0.56175531
-1.07003316
-0.02614813
0.77343423
0.49535051
1.32076216
3.46727470
0.63313920
0.56405133
0.23078326
-0.58980796
1.92711593
1.60112315
2.85140470
2.26185576
2.18328150
1.75910630
-0.04479314
2.40297484
1.83643269
0.18198577
-0.06006454
1.99698982
0.35668056
0.40033493
2.12948662
0.25395093
2.37344700
0.40758417
-0.20905581
3.47377107
0.86127498
-0.37980713
0.65677224
0.94547565
1.02490080
0.88729953
0.46929648
1.00823537
1.10607198
0.54342282
0.54107983
1.08186589
1.04959330
0.69857987
0.31213371
2.02240291
0.50646182
1.14793295
1.03422333
1.97120141
1.32445816
3.36058302
0.89358495
-0.03666281
0.01706421
0.67026524
0.70355323
-0.97269399
0.00601522
1.12797344
-0.75003354
0.80990581
1.35906373
0.17617214
