2.99493005
0.99189006
1.24510072
1.70585069
-0.02321791
1.49533024
0.13128749
-0.56364463
0.64556811
1.76593896
-0.02815790
0.14747449
0.22842772
-0.09525381
1.21073980
2.73282494
1.43910436
1.23927061
-0.09207843
-0.44592781
-2.37765276
1.72155012
0.75452388
2.37999597
0.89617066
0.89680865
1.40160567
0.08945995
-0.18960792
1.88562126
1.61982664
2.28348473
2.64751163
1.87201501
1.13529807
1.37983707
1.33824673
0.15886295
0.87554165
2.17335505
1.91823755
-0.48586288
2.77087587
0.09792363
0.32616479
2.06178622
2.26794116
1.53028735
2.26637637
-0.40947758
1.10805553
0.52374180
-0.67773393
1.35130913
0.68933262
2.42244096
0.52247191
2.69368626
1.73903573
-0.03549680
1.57358061
-0.15314473
1.19793865
0.59997633
0.79186415
1.73661512
2.29617268
1.64601613
1.10748578
2.29083618
1.07195415
0.70254969
1.14481155
-0.47467440
1.03352946
0.54420094
-0.22414673
1.58398166
0.40806896
0.11924615
2.88783640
0.56996290
0.41390721
-0.71415383
1.08273651
1.37641001
1.03280920
-1.03044200
1.11537581
0.31230162
1.66390285
0.88641959
-0.03531232
0.50219847
4.07676967
2.44397204
0.53006976
1.24446171
0.88999316
1.59297592
