2.35016136
0.62771460
1.61971972
1.63517747
1.70746621
0.71345040
0.88212739
0.53826377
0.90885866
1.14322946
1.97734564
1.70719453
0.07253952
1.27569298
1.03977647
0.36928000
1.30842124
0.94672928
1.00583377
-1.23505415
1.37246200
0.36659211
2.77128138
0.67469242
1.25356592
-0.44188060
-0.35119467
-0.66300883
0.93792419
1.91751700
0.22891633
1.59118009
1.50933718
1.30783187
0.53274101
0.94949577
2.79912514
2.43591421
0.53489951
0.84413301
3.22801722
1.32642832
0.58340599
2.38317579
1.52273698
1.85794780
0.75111050
1.14505556
-0.72712434
1.57597645
-1.04209966
1.95755245
0.23508133
-1.35773217
0.67405392
0.95436306
1.96401749
-0.52850984
1.56716725
-0.42291586
1.76435156
-0.38889395
1.00661695
1.76567423
2.03206117
2.50357147
-0.75025595
1.52240316
0.44227591
0.46041497
1.02595210
-1.40328106
0.10349500
1.08203606
0.12267416
0.60226236
0.02637772
-0.12904085
1.30067688
2.30223517
1.36636986
1.31986962
2.32083406
0.63360565
2.37463671
-0.26352259
0.78079929
1.65285802
1.61821252
1.05834402
2.51807020
0.56293743
0.96518466
0.00545883
0.90934089
1.89961901
0.72707656
0.56458901
1.47677346
0.74649977
