0.76812062
0.40762096
0.01278909
3.00988631
-0.68988885
-0.04972580
1.86710500
0.67304867
-0.14971822
-0.23588347
0.58300357
-0.63292937
-1.02133938
1.25587967
1.64513922
0.49601940
0.68626188
0.98439453
-0.84866167
-0.51910776
1.26473198
2.76908160
0.32950281
0.40201375
0.91153930
0.29794590
0.98196816
0.28015610
0.00021933
0.33046512
0.41796280
-0.24241982
2.12239999
2.34722551
1.21946206
0.97043856
1.33634720
1.67486704
-1.07600418
2.81108299
0.77974021
1.40140676
1.29868135
2.05730001
1.44580927
1.67686585
0.78756222
1.82828636
0.87005238
1.25204407
1.66392929
0.59210120
-0.02299520
2.91743904
0.01766387
1.55027198
3.48494845
0.43313179
-1.66364671
0.82573646
0.07882924
3.71227398
1.50900217
1.13657152
2.26539702
-0.13575301
-0.73165032
0.47042416
1.44370410
-0.05261671
1.05516043
0.68475533
0.99606083
0.83478751
1.22698616
0.05225250
1.40073380
1.76101305
1.77203357
1.50013575
2.88617232
0.68776475
1.73163560
-1.72244977
1.78134142
-0.91731172
0.73784786
1.47155358
1.28892470
2.08314663
2.31697065
0.82981628
1.54497147
1.82621884
3.47647958
1.08964442
1.71971435
1.50264394
0.50171454
2.17336200
