3.03360292
1.42171405
0.04868745
1.18432125
0.83200744
1.32630584
1.37531674
0.25366611
1.30013973
1.30217792
2.15633520
0.96285622
0.96232074
1.96619834
0.78411225
-1.61594167
0.75134571
0.74544859
3.06105776
2.17354831
1.67234095
0.05061015
0.91625746
1.56737560
0.83168590
2.06116413
0.06711505
0.86768247
2.86484290
-0.49894964
0.72088720
1.24282287
-0.76472910
2.01656455
0.89891966
3.32724257
1.92552380
1.39339869
0.41945892
1.00478415
1.34770111
0.61920693
1.42317821
0.04022981
2.74326762
0.46553275
2.74044242
0.87338053
0.35104048
1.15221672
2.30526504
2.11793772
1.25003538
1.38074573
1.14115199
-0.33693714
0.67807944
3.47806831
1.83100950
-0.11068760
0.88550124
0.70564514
0.26246205
2.88594492
0.44932534
0.98347694
0.14223177
0.82086717
0.43449634
-0.21371127
0.51671846
1.77751051
1.83669511
3.17171525
0.32813607
0.88084916
1.71001562
0.02425652
1.27049585
0.56740327
-1.10821286
2.48793969
2.31402235
1.12282881
0.85321917
0.35548944
2.12113784
0.76321837
2.12591855
-0.51685893
1.80069725
1.39714996
-0.91536206
2.03437230
0.92929264
2.21276221
0.98335534
1.21134006
1.17403628
1.04508119
