1.38562620
-1.24496512
0.15458739
1.30034698
1.43339996
2.44203892
1.99518120
2.94700433
-0.38469021
0.65563770
2.40249684
2.77842477
1.73737483
0.64548040
0.67583360
2.74345122
1.88170637
0.29922797
1.10761076
1.70588331
1.89177532
1.57580657
0.44408059
0.97783327
1.84577625
1.43479787
-0.35063617
-1.46933130
1.36432280
2.13104386
2.57249374
0.33310664
0.80391698
1.50118795
0.89317547
-0.62052772
2.94728650
-0.13389849
1.79853544
3.02298006
0.80023776
2.83485574
1.08798642
3.30705124
1.73680679
0.80768030
2.34924250
2.19480771
0.30972570
1.92469515
1.78266475
0.11310303
1.42912105
0.54378532
3.93862287
1.10682143
-1.76334634
1.98858354
3.50532270
1.64476883
1.63381760
-0.06028850
2.32842403
-0.01136149
1.40355413
0.96096067
0.65781408
1.55155071
0.97669823
0.55046710
0.89158743
2.10706858
2.44532124
2.73172569
2.09369140
-0.63570105
0.13811505
0.00054515
2.03669426
2.49632137
1.84665706
0.49295661
0.42087168
1.62092322
0.82580636
-0.84189516
0.95344788
2.90058396
-0.56061030
2.09273725
0.39206459
0.23228277
0.50723895
1.48937824
2.96947014
0.63210886
2.49410280
0.11610201
-0.45231546
1.34921358
