-0.78817189
0.67179403
-0.89880606
0.84887664
2.69593050
1.39014236
0.39391500
0.36093304
1.31625415
-0.80560380
3.14471543
3.27708583
0.89240099
1.77129438
0.27254729
1.50896520
1.33902199
1.91332007
1.06386092
1.60029307
0.50417034
1.06714936
2.99245281
1.15726077
1.68417804
0.75246627
1.11722454
0.90593588
2.20899140
-0.21670685
2.01373603
0.55360657
1.43900734
0.48237893
1.38793081
0.42093289
0.05206039
0.43988182
-0.45655449
-0.02066169
0.00043960
0.65954002
1.27580809
2.43137020
2.43148032
1.13818217
1.31373101
-0.52674973
1.85549869
0.52208391
-0.03815142
1.28741181
1.44411047
1.57411575
2.40976376
1.45272012
-0.45885567
2.38684264
1.45606278
-0.24946616
2.43282019
0.85913929
0.55106290
-0.01434435
0.30571907
1.06855337
0.55168973
1.25803654
0.66220902
1.14790117
-0.12854916
-0.19480658
-0.19021167
0.81943881
1.20201554
0.48222053
1.02667556
1.40318746
2.01271095
0.63785540
0.90010850
0.84106410
2.59697891
1.00295592
-0.80126117
0.72357506
0.18593760
1.74877988
0.78482511
-1.17870835
0.61372296
3.03426810
2.42197656
-0.51283989
2.69330731
0.99492971
1.86079778
2.49065750
2.13881869
1.93572457
