0.92183945
0.00262284
1.52274722
2.62283429
1.46066700
2.66571064
-0.17930439
0.18719557
1.29868426
0.07186829
0.88798579
0.81127430
1.32498928
1.33821195
0.43914452
0.93216606
0.90697488
-0.94394519
-0.05492006
1.13665866
1.23928913
0.05034533
1.60589422
0.86826863
-0.45957358
0.87457622
-0.29989599
1.30730188
1.06044752
2.45949728
0.38904890
1.70897796
1.98742908
0.65976424
0.31922471
2.60024265
1.43514705
0.53483331
0.63081478
0.19233049
1.34908457
2.65302855
-0.14447551
2.25761925
2.35085548
1.26816897
0.80379663
0.33859896
1.03228646
0.46638917
-0.57197601
0.93497989
0.00050810
1.70721726
0.80801720
-0.91512534
0.74544330
1.97563045
0.41030400
1.08141028
1.12229354
0.55043502
-0.38489505
-1.04927348
0.92700112
1.42974075
0.48502136
2.43025751
1.34315111
0.57562428
0.76922681
2.66261510
0.64580067
0.24839564
3.14229714
2.10615476
1.33039206
1.90636820
0.26137432
1.05534192
1.34715132
1.35909818
1.50703820
1.40233324
0.68150429
1.15450363
1.79024021
1.53623330
1.15680670
1.90574226
-0.13072873
1.07487694
2.38906833
1.62272591
2.32595211
-0.02141425
3.23009871
0.55679894
1.27935956
0.72397173
