0.70138117
2.02105495
-0.90039321
-0.37934003
1.80802202
0.81610273
-0.91087693
1.86714017
0.04615032
1.34253792
0.16059009
0.93841898
1.88133415
-0.87790202
0.95625827
0.26031835
1.19632307
2.22420550
-0.29900691
0.03342066
1.18651825
0.36003006
0.75836348
-0.01297667
1.93347461
0.53327860
0.58885084
0.83792139
-0.69168364
1.30158531
1.58847744
0.21482461
0.12180079
2.12992464
-0.02998694
2.16106349
2.64222493
0.47386166
1.06158906
0.30107297
2.01995949
-0.41213603
0.19723049
1.22180461
1.28399273
0.58058894
2.59817016
0.70913925
0.64044908
2.00916772
1.20344348
1.75387824
0.08181586
-0.18076836
1.48903199
0.76048389
0.02530631
0.56435473
1.73954030
1.15229902
0.97607760
0.78216406
1.16392446
1.90751763
1.16918379
1.17120987
0.44676724
2.91412806
0.40812045
0.34314010
1.53872591
1.76110155
-0.17975654
-0.83843949
1.59255273
0.78713923
-0.97881443
1.51365414
-1.68741135
1.04983943
1.77824854
-1.37519251
1.03406503
1.68511839
1.50551312
0.69930837
1.06843077
1.69333433
3.27203010
0.45135233
1.62412865
0.17183017
-0.83871284
-0.60770019
1.90039924
0.06130100
-0.08879107
1.98951905
1.30506410
1.35648773
