0.53962689
1.87007055
-2.41278380
1.62418069
0.35982186
0.79780257
-0.05627095
0.97952550
1.32226147
1.50456149
1.62048792
1.70886784
1.80233888
1.98343470
1.34817817
0.92679285
1.57509590
2.38320941
1.09318472
1.35428228
-0.02842430
1.32615274
0.01623299
1.31028948
0.65017863
0.29228198
2.19893394
0.80803525
0.04385866
-0.96887552
1.52954288
0.82164992
1.44834807
-0.20855280
1.25947497
0.66770022
1.64136384
0.79927749
0.93199273
-0.47996346
2.04786803
-0.18824742
0.00746158
1.47130088
1.26055975
1.08860895
2.51571903
2.12362851
0.06146898
1.44144921
0.68622995
0.35709007
0.49121130
3.19389839
1.37420889
0.55567136
3.35501506
1.08414006
1.50497626
2.79815348
1.53650596
0.56730880
1.85350729
-0.54890619
1.45005899
2.70501690
1.28260734
1.63127876
1.86516618
0.98268700
1.55499635
0.92467276
1.34439541
0.41592261
2.18628677
1.37712984
1.51031486
1.11756641
0.84449853
1.13877675
0.72740716
0.78031395
0.32452301
1.48995747
0.31469848
1.60070396
-0.03416448
-0.57493457
0.53206068
1.34779313
1.65123773
3.38927380
0.81500591
0.81860134
1.01072584
-0.38281465
2.46474074
2.78983911
0.25219256
0.13220482
