0.87152599
0.70913204
-0.16385628
-0.46035560
1.75610806
-0.99976011
2.69861146
-0.16358816
1.03892630
1.65424147
1.26002626
2.59862958
0.76846306
1.30452391
1.49235278
3.05103927
2.06389727
0.66345591
0.72240787
2.78299950
-0.34401147
1.60619327
1.12769469
1.46553222
0.03290465
-0.44173671
0.86570239
1.18072946
0.61464280
-0.37138955
0.72374151
2.13648806
1.82743548
3.01342705
0.14560783
0.92197267
0.57387373
0.51358449
-0.47605978
1.29611699
3.36090506
0.09421635
1.87610145
0.66783996
0.39563188
1.20206335
2.02660135
0.10698189
2.78698626
-0.23033150
2.99231156
1.79316032
1.31997418
2.03018994
1.97607165
1.36351703
0.88665785
3.27694033
1.80772940
1.62849785
1.66793484
1.40631823
2.69202423
0.57393786
1.27515533
-0.19848520
0.77505772
0.06027310
2.00339986
2.16347270
0.17824931
-0.13397266
-2.04293557
-0.80373060
0.94779557
1.43446604
0.73923610
1.15378124
0.83160503
2.65932062
-1.23263877
1.49506542
-1.68155051
2.65630838
0.97964479
0.77174300
-0.63613034
1.23707898
0.67463279
0.20844650
0.78326031
2.21822840
0.82260205
-0.79741451
-0.44493240
3.17230228
1.07509042
0.89820664
0.52353136
0.85668228
