1.45022996
0.31474477
1.17618031
0.47873760
0.56850702
0.32494611
-0.69269166
0.76300668
-0.51618631
-0.04964641
-0.64188232
1.94526830
0.59827703
2.63287460
0.73503140
0.65859446
0.61095927
0.00432479
-0.05462897
1.22115832
0.77748806
0.03984438
-0.26183784
1.87953641
0.76348035
1.43576527
1.50599803
1.49899763
0.47383423
1.66564958
-0.12710170
2.82855566
-0.05448758
1.62708445
0.34633902
2.11801031
0.76854492
2.86856822
-1.71457399
1.56762641
1.14772806
-0.12129897
0.15882482
0.77372470
-0.04875862
0.36932385
2.72608774
2.28160090
-0.49288488
1.44426506
2.68137282
0.81582443
0.07414085
1.07412218
-0.14391746
2.96011860
-0.22880316
0.57385114
1.38165629
0.38434240
3.20606826
1.95063418
0.91016072
1.49066160
-0.78740811
0.65504451
0.92587833
0.74192774
0.48145391
-0.82019688
2.72591925
1.60590638
0.19685133
0.60793898
-0.05767541
2.58664526
-0.25644312
1.02027359
3.05501581
1.26339881
0.65319489
-0.33199636
1.28168503
1.28542298
0.56319278
-1.02583037
0.24865203
0.47816967
0.19152092
-0.88542813
0.96367668
0.99210123
2.82139977
0.20881166
1.16228511
1.07332507
0.93425508
1.15946012
0.95264248
-0.22075902
