1.18398937
1.64349427
0.26440074
0.00865276
2.54258222
2.89326505
1.60670945
0.03601018
0.42942975
-0.99565629
0.59701144
0.49419473
1.55050320
2.06399865
3.12455005
-1.03160230
1.63211631
2.55135858
1.51439283
-0.10530105
0.44386320
1.56190900
1.72688648
1.37260742
2.29474154
-0.46503950
-0.67151235
-0.11680718
1.50511110
0.92562509
-0.16297444
0.59165733
2.95112182
1.32828298
2.24841996
0.79275348
0.98928038
-0.57375025
1.23903600
-0.31850572
1.29935818
2.26759092
1.57854098
1.39899412
2.80628755
2.08279148
0.53565827
2.22954408
-0.09727981
-0.31661505
1.52544584
0.80630542
0.86579907
1.46174217
1.28768082
0.65561748
2.48941822
0.40139401
1.38551055
2.32640658
-0.11906033
1.00538249
0.30979735
1.60973570
2.26537831
0.78819860
1.63978096
3.15888077
3.19936360
0.73998252
0.33211801
0.50356484
-0.02886268
1.38156319
2.45893492
2.11727693
-0.00857017
0.34590007
1.23911752
2.36725599
1.65123974
1.74723325
2.52728243
0.66343329
1.52815375
0.07139076
1.07413234
3.90361632
1.16068447
0.87713863
1.53587396
3.26882442
1.94216137
0.27555862
1.14002082
-0.12240888
-0.48119844
1.30788803
1.24829434
0.73623447
