-1.20629941
1.52558601
1.97239392
2.38687489
-0.75188584
0.21246658
2.12203472
-0.29725990
0.67552138
1.58803645
0.81680793
0.47479600
1.31243876
1.35590773
1.57968271
-0.86716819
1.88669498
1.23408203
-0.08150656
0.48930846
0.64006028
-0.17321184
2.14971647
2.20815207
-0.43124104
-0.00776965
-0.22293648
0.69835367
2.08721755
0.60107018
2.11149049
0.96272375
3.47144115
-1.74266051
0.92998826
0.13348572
1.17768363
1.85712428
2.28282135
0.37523550
0.08669917
1.52015432
1.26348742
2.20004991
0.86718385
0.23275390
1.01420586
0.48411311
-0.35671158
-0.61473113
1.33571516
0.43913354
0.70196272
0.40409247
1.12958862
0.69659077
1.67935010
0.42080193
0.98376195
1.55274452
-0.02888296
0.53506312
0.83974451
1.75542870
0.93323455
1.50280380
1.17249809
1.17003168
1.45200473
0.32763403
1.44698166
0.58907492
0.60239457
1.39642887
1.42286019
0.91717824
1.60673054
1.24227327
0.74951439
1.54933673
1.49021321
0.20249714
1.95688492
1.30762843
-0.29041891
1.50424603
0.52032677
-1.04455514
1.36415678
0.44860242
0.51619138
1.16839623
0.40078018
0.90779192
1.10786003
1.04759483
1.44617354
-0.29585183
1.08856419
0.96666447
