1.63278013
-0.93105609
2.20142281
0.82985443
1.83806583
2.90371254
0.90654039
-0.74531555
0.53678339
1.30997830
0.70960271
0.53628785
1.27375580
0.65199120
-0.15739791
2.55771000
0.76621135
-1.29816058
3.11198433
1.70940945
1.19407224
0.52869784
0.20872333
-0.15735079
0.69217320
0.74922715
0.43658360
1.04436594
0.35762942
0.97223895
1.71720755
1.76158690
0.72505888
-0.02932705
0.32389068
1.27389641
0.95159379
-1.05113391
0.94821361
0.82299229
0.64838707
2.55395410
2.38278349
0.47984566
-0.19606897
0.46817329
0.58679679
1.31787021
0.68933809
2.25285448
1.25467612
0.28877780
4.04609088
1.95148858
2.35591616
1.25427753
0.05130843
1.73569551
1.06033329
1.07711774
-0.28302818
0.30129103
0.77807866
0.25745282
1.26927380
1.83185584
2.67622273
0.52798300
0.39457482
0.65582033
0.43834583
0.25481198
0.98390989
1.62835295
1.45552245
2.06022554
0.82796489
1.92462373
1.80664619
0.13071866
1.63347644
1.89781324
2.28865079
1.57910500
2.11502930
3.01884929
1.34367730
-0.19826986
0.58492052
1.49213780
1.31247279
0.81585420
0.83894595
-1.19815190
0.91914785
1.32064691
-0.15278037
2.20032124
1.99232248
2.35406849
