1.71988214
1.74890175
-0.93209391
1.67877728
2.04736394
-0.09974790
1.05979879
1.11051845
2.44324451
0.24401006
0.77173615
0.64121861
-0.65164112
2.01759962
1.90987278
-0.69923003
0.76653805
0.02668215
0.75992878
1.28539218
2.06414591
-0.08715460
1.48998558
-0.23049569
1.50686691
0.33212293
1.76277303
2.26768368
0.83880451
0.15436102
1.70747903
0.07482631
1.31144088
3.68448496
1.18039512
-0.67645740
1.86079637
0.41125961
1.39281911
0.40799135
0.88648478
-0.29680434
1.05675552
0.72155024
1.41208594
1.63000813
0.81022028
3.72110046
0.49113921
1.28509428
1.43879459
1.20311937
0.15006992
-0.88747562
2.16093757
-1.67166918
-0.92227580
2.04903134
1.26891909
1.01209627
0.38917697
2.66902003
0.60413648
1.63083156
-1.23325184
4.47070699
0.20633819
1.13807599
1.28708747
1.17101824
0.46837009
-1.44591518
1.17307267
0.30739412
0.82550953
0.09694638
0.40117684
2.55194705
0.03424857
-0.72737293
0.93266312
2.57643138
0.17992561
1.61929350
2.68048364
0.12374393
0.26328153
0.99400905
-0.70870132
2.40040664
0.60343696
2.05226760
1.49496571
0.93864733
1.84879211
1.84668759
2.83820600
0.39078054
1.03959784
0.63561966
