0.48041056
2.23528369
0.30281544
1.95168305
2.09221661
1.24951652
0.41928749
1.55143923
1.16235568
-1.13382010
0.67406716
0.97885266
1.61640471
-0.01148480
1.81813156
0.60402697
0.86726768
1.75507694
2.52690193
1.53549800
1.72901119
-0.03230201
0.02647644
-0.27789756
1.41880254
2.13437616
0.90702822
0.40078633
1.74818327
-0.59067566
2.27536995
0.89050525
-0.04900335
-0.94690440
1.52985176
1.38134802
0.64265075
0.50325827
0.21657247
-0.80806829
0.58689177
-1.50594850
1.44584395
0.44712067
2.09817201
0.36195384
-1.79528507
2.70341379
1.56202564
-0.13133250
1.27348580
1.76275867
0.95697340
1.34378342
0.68595151
0.09378833
-0.69689724
1.47179428
1.60471216
0.75875325
1.22435237
0.29517880
-0.13991617
0.12016707
1.76344209
-0.24805946
0.40639009
0.68303640
2.53423244
0.41137130
0.99800601
-1.33575802
0.07399922
1.31379245
2.17054777
1.11754685
1.63807269
0.41219247
0.58786339
0.63173503
2.14024095
-0.45686550
1.44477278
0.84143553
0.12333437
-0.97559743
1.93616458
0.45242903
1.75200572
-1.07408427
2.10223128
2.80603710
1.25333976
-0.12398891
1.77640167
1.39905634
1.30135973
2.85115484
1.16067704
1.39169500
