-1.03015079
-0.55243375
0.06207497
0.56877364
3.08123713
-0.59734296
-0.38475095
-0.02391631
1.07474599
1.03355521
0.95717173
1.22403908
0.17311518
-0.42330306
2.02937076
0.31700248
0.43641428
0.50990379
1.13660936
1.38529302
1.38716405
1.01907477
-0.27836707
2.19916940
0.67114083
1.04213305
-1.46724575
2.61226112
0.87387440
2.93207600
0.51591361
1.89685046
1.60557881
2.61288127
-0.88011958
0.35528062
0.87231197
1.91138363
1.53318142
0.91592491
1.50483950
0.91633959
1.59295512
1.00184462
1.18049853
0.46489059
-0.45128147
0.69377264
0.39424643
1.44553056
0.53226525
1.74507813
0.34903335
0.75581554
1.32871316
0.67190920
0.70954054
-0.08262128
0.05820803
0.22504784
1.92490554
0.30557053
0.22080133
0.53031414
0.58983656
0.69180383
-0.79532434
2.04813521
-0.51366784
1.84182953
3.26382427
0.79395281
1.40220224
2.84872357
0.95389204
3.20009200
1.31846526
-0.45992255
0.61155467
-0.59396944
-1.08259310
1.65061838
1.15669787
0.62631263
2.31960402
2.73084316
0.81529697
-0.22251143
-0.10894637
1.18526118
0.18613896
0.40135408
2.25573254
0.63272791
0.62615805
0.09631306
0.36736738
1.41552621
0.94135403
-0.74456369
