1.01535172
-0.39331011
1.93387499
1.31504365
-1.00842038
1.71608222
0.44501242
0.62714397
0.29741638
1.19458175
-1.56518776
0.71809016
1.92510213
0.65482369
-0.71156840
0.34104907
-0.23476776
0.88795165
2.75842959
2.08857313
0.76747714
0.65859812
0.48134751
1.28913736
0.06826156
-0.19390040
1.10003860
-0.72192709
1.43057798
0.11194185
1.44255564
1.53623436
0.23809702
0.94315992
2.02101641
-0.14780333
2.12408827
1.32226307
2.12567025
0.66659257
2.76493620
-1.45698344
0.57288001
1.37348717
2.06756913
2.03542653
1.05869455
0.02140068
-0.28042353
1.76283809
1.64771113
1.03734038
1.25943761
2.26146074
1.20998254
1.16388977
3.00440806
1.39508727
-0.27779852
2.13469435
1.29500960
1.54977708
1.57470325
0.47154073
1.03070357
2.01001350
1.57166187
-0.45816677
1.29667465
-0.20268350
2.29388652
1.19484288
1.97071203
0.02392805
-1.24683448
2.39016442
1.17382696
0.94480882
1.51963307
2.05493208
0.78405385
1.49616640
1.30508950
1.22281910
0.03279597
1.48930789
0.52574053
0.96617094
1.61496084
1.29623278
1.55021155
0.35545351
2.16906392
1.28315055
1.33265510
0.59776798
0.71260950
2.07001880
0.33698584
-0.06333876
