1.65454367
1.13729335
-0.94993695
0.29509748
1.12961488
0.39377680
1.50794332
0.09966289
1.97092904
0.83367619
1.62541620
0.76458182
0.33542401
1.35302780
3.56170038
3.10295507
1.62350383
1.25137465
0.32001842
0.16837028
1.98497763
0.66311831
1.08444301
2.34129647
2.27077045
2.33128512
1.33292460
-0.93842744
0.36836580
1.48037529
-0.18918265
-0.20564750
-0.60529391
2.02455316
1.40325626
0.93760371
-0.02084971
-0.41334084
-0.89064888
-0.83139833
0.43621385
0.67639952
-0.13571411
2.79775834
0.84282749
1.05144658
0.43391008
-1.16516639
1.21302818
2.68480292
1.42543981
0.85869637
0.79759557
2.08223326
0.24493338
2.25893137
1.56288683
0.87191441
3.00748053
-0.15613274
3.80798852
1.97625590
-1.14681125
1.81507750
2.63152317
1.02624755
-0.23646375
0.20136635
1.35668041
1.17683052
0.95131629
0.45380106
2.03426100
1.50162292
0.44618584
2.33212133
-0.25552979
2.20027022
2.72405393
0.47798582
-0.53101539
1.93418881
3.12552607
2.89338368
2.44808431
0.84012860
1.25606092
2.14602156
1.98903859
1.83571237
0.47999879
0.93429398
0.09657217
0.85772126
0.94975963
0.13698697
1.77593689
1.72662555
0.89649955
2.74650182
