1.21187272
1.06180803
0.55566243
1.30221588
2.20810967
0.87563143
-0.23851867
0.42156364
1.48025294
-1.97129218
1.56335525
0.57670544
0.85715092
2.52648061
2.01447182
0.17712718
0.81701287
1.92296540
1.23092885
0.57977347
-0.64282547
1.76841999
1.91644898
1.68257209
0.92968975
0.36014490
2.55836248
1.55066605
1.80309309
0.71990063
0.37697924
0.11977782
0.53950784
-1.35855491
0.69745319
2.31111017
1.10947743
0.37106837
2.18458164
-1.44770476
1.99998790
0.78678654
1.38749256
0.29999837
0.77947820
0.71969055
0.74798375
-1.57943356
0.30559697
0.17606719
-0.87079138
0.04425089
-0.63019451
1.28343095
0.82763980
0.72666901
1.19219549
2.19430698
0.04092719
1.62874057
0.94514866
0.57360397
2.23923972
0.88970303
0.96185707
0.99605818
0.91875260
1.01943723
-0.80535240
0.01380179
1.98655291
1.73017353
2.04609607
-0.51744592
1.82092250
1.63758767
0.48789424
2.29230547
1.27411255
1.21354283
1.65971297
1.23956205
1.45043801
-0.52670557
1.16202731
0.62495101
1.97210012
2.69850131
-1.40203147
-0.66035483
-0.23412257
0.30856361
2.96573047
1.87088424
-0.18290777
0.23031668
-0.65032223
1.50564337
0.18834031
1.05237686
