0.73790497
1.77026320
1.70974894
1.72036227
-0.07501294
2.17574887
0.64309945
0.30987058
0.50652361
0.02159855
0.80296825
0.33587130
1.59337318
0.24823522
-0.40015848
0.80421119
0.47551701
1.82380926
1.14969578
0.56330943
1.59551268
1.38384816
-1.16374175
1.91233526
2.41973864
0.96522338
-0.27503892
2.35153268
1.39073395
-0.34470310
0.65486832
2.56350333
0.83539390
2.67084053
1.10700301
2.72366529
0.16296173
3.16454732
0.00610691
2.38525072
0.29637791
0.22454555
1.82471647
1.34476656
-0.07887397
2.94478614
0.36336284
0.91034527
3.15013585
2.42356212
-2.13471166
0.70367139
0.56884978
-0.00575295
2.61063666
1.67297901
0.82849528
-0.08413347
1.83077803
-0.12199385
-1.01280732
2.08364355
2.14518518
1.07461465
1.78214641
2.59793992
0.78286567
0.11496136
0.35653169
-1.63229722
1.08540228
-0.01497318
0.47277879
1.52027863
-0.45549458
0.34272126
1.18252533
0.40562998
0.92748107
0.13752591
1.54201644
1.61175870
-0.06344970
1.34407324
2.54863428
-0.89428086
0.65518982
3.19076331
-0.26783567
0.87298400
2.41901713
0.72874351
-0.94044391
0.51685302
1.96570820
0.33690839
1.01764661
0.69268934
0.52705696
-0.14188105
