0.63277047
0.78391437
1.43403119
0.55497666
1.69246512
0.58178999
1.52922263
1.53391506
1.88761538
1.65921881
1.87775489
0.14044723
1.82978607
2.13369310
1.47702717
2.93779097
2.95108608
0.74188930
0.62719915
2.31389221
-0.57450575
0.88294448
1.26437599
-0.93007342
0.23254152
1.21515796
-0.17982596
2.64838080
1.35171493
-0.44232459
0.94997491
0.82857162
0.13682323
-0.64438779
-0.72567567
1.27147466
0.61739764
0.88257709
1.38213989
2.27337127
2.56021712
2.17663509
1.91467361
0.71700929
0.20181596
0.01916218
0.45078988
2.91657393
1.65288935
0.68310366
2.59635484
2.21734735
0.56244318
0.95958553
2.45097207
0.62256060
1.48990679
2.47690045
1.33581654
-1.27009828
1.17988001
0.84101685
-0.54988473
2.52871779
1.08998324
1.70292033
-1.36313639
0.52127081
3.09141715
0.58433461
0.19641659
-0.44860467
3.02661254
0.32306184
1.72557798
1.47584399
1.57972908
0.79006824
0.01652102
2.17491130
0.40080303
2.09151309
3.49391677
0.23469013
1.23178792
-0.37410444
-0.15046732
1.86177988
2.03951967
1.05742032
-0.37449060
1.34396517
1.10880435
1.84002547
1.10338379
1.93709991
1.80024979
1.87831411
3.06862425
0.64245426
