1.17811348
1.18817440
0.04267422
1.41908664
-0.27349374
0.93287005
0.45690224
0.16267695
1.64159813
1.15646078
2.80675071
-0.08968306
1.40014150
1.28271273
0.87771475
2.68406405
0.92384218
1.15485826
0.74883035
0.75648255
-0.94988219
0.81239350
-0.08167585
0.58448905
1.66065606
3.62674494
-0.32862045
2.06935973
-0.03613184
1.54739528
1.11675093
0.26858037
0.54175927
1.05536443
1.87486321
1.08830421
0.75584932
0.63796610
1.40527093
0.92159538
0.80918487
0.70227446
-1.02658246
2.84636210
-1.17782150
3.37282047
2.56618944
1.91085064
-0.08586777
0.30719065
3.07089004
2.09965137
2.59018827
-1.19178218
0.87781793
1.88941338
1.22083806
1.67170914
2.21561509
0.56419651
1.05612780
2.24051703
1.23036750
0.35695470
0.43940126
0.26260430
0.03194562
1.68660863
-0.18623329
-0.26177502
1.19743623
1.31492537
2.19154662
0.28104517
1.98168411
1.23083579
0.82184614
1.05687662
-0.37969698
-0.60993326
2.07090998
0.89207567
0.97734106
0.76887423
0.98442518
1.14593994
-0.65347932
1.71867788
1.09625045
0.75563527
1.34044831
0.73260872
0.90688053
0.43270115
2.40541992
0.75967922
0.52848388
0.48682964
1.51137311
3.19685506
