1.84445255
0.86949650
0.77006076
2.22357512
1.12841054
1.07318332
0.43127681
1.19484062
0.99705899
1.42064315
1.67917965
0.40336190
1.76260213
-0.90115923
0.18679787
0.42330344
1.42888302
1.62114871
1.99938349
0.19400062
1.07627730
2.72048219
0.84108340
2.04561588
1.65005161
0.61806828
1.57704392
1.13995446
0.68203073
2.51705807
2.18012154
1.66775402
2.70800411
1.65651328
0.45118682
0.78094167
1.44267070
0.10856245
0.81079036
0.35455251
1.09437246
1.94841318
0.64231568
2.22150977
-0.05398918
-0.82224787
0.18230820
1.32508783
0.94980944
2.32459653
1.20713613
2.47780933
-0.37534118
1.30750346
1.06547052
1.02934244
1.26730804
1.90442872
2.09823005
1.48557197
1.15202471
0.82230041
1.96725237
-1.29529798
1.98508347
0.57550919
1.33645801
1.52442782
1.03526864
1.42558217
1.29838611
0.26148111
0.66857290
2.73343363
-0.52170969
1.10265451
0.96275282
1.21187852
2.34480714
2.21221700
0.09057048
1.65494454
1.79563896
0.53267441
2.22416784
1.79094970
-0.50052384
1.62658531
1.24904597
2.05447278
1.62579413
2.01773937
0.67289481
0.66062274
1.70643159
2.50513023
0.76690965
1.78009433
0.26424482
1.50898807
