0.58016856
0.66777095
0.82265978
3.25639115
1.56747940
1.96852560
3.71752891
-1.19341207
1.11180688
2.35216945
0.87597837
2.72878393
1.76332147
1.30849556
0.52719702
2.00223254
1.45952456
0.51852903
2.60551464
1.26276641
1.41424932
0.91476324
2.09222642
1.04422266
-0.50077859
2.17122021
1.16217518
-0.56599001
3.74046948
2.03162218
1.78693239
1.64056775
-0.48313409
-0.04946100
2.77994826
2.38719334
0.37996130
1.40739380
1.65464998
-0.47720563
2.25646864
0.15524729
2.98202040
2.26224606
1.13709757
0.48005440
1.08910418
0.60734653
-1.81071255
1.97327667
-0.84561110
1.40356969
2.99088174
1.28654278
0.41618643
3.93962439
0.38780951
0.52958581
0.83240074
1.75267829
-0.53050146
0.78021502
0.60414101
0.63211437
2.79019766
1.06336356
1.04552887
0.21587398
-0.60699294
2.31593143
1.12897978
1.22194887
-0.20621818
1.48045522
1.03116908
0.22846407
-0.54776070
-0.55618548
1.26927615
0.36778067
3.58711369
-0.58024954
1.14416519
1.07559068
1.55079214
0.06179835
1.94843690
0.35829554
0.94517176
0.01726406
1.63458058
0.19939206
0.30538114
1.90537815
0.03826115
2.49883800
0.95994910
2.67241620
-0.05407954
0.59789812
