0.88295935
1.50890861
1.95411116
-0.15480460
0.29623114
1.78557015
2.26241667
-0.58948043
3.67021724
0.72575269
2.40793388
0.08588064
1.66693727
1.58824261
0.89715596
0.81881919
0.58691638
0.86837902
2.42199107
1.29693248
1.73551569
1.07991104
-0.93408148
2.74248074
-0.79533396
-0.28764699
1.40991569
0.31063414
1.52185671
0.95501620
-0.94578417
2.33381745
-0.04813947
-0.03927549
0.21424308
0.87588483
2.46194394
0.97696281
2.56766694
-0.59018825
1.24091966
2.42435098
1.14493202
0.52463279
1.02815137
1.09404240
0.31170691
1.22070673
-0.29259119
1.83086080
1.00514498
0.71053340
-0.19994913
-0.30215261
0.12878102
2.64090267
0.85618402
-0.17708571
1.04692820
1.33940891
-0.12446806
-0.66329421
0.75935823
-0.45678235
0.55314445
2.61490217
1.13407532
1.98737622
1.34536558
0.03902464
-0.09420926
2.69772507
-1.81854314
-1.07635294
1.89216343
1.61097797
0.77028702
1.44153373
0.86742924
-0.22842727
0.78032482
1.62785972
-0.47751355
0.10755238
-0.75156652
1.26868357
-0.25819288
2.16858046
1.64385003
0.59627720
1.52775322
0.59522803
0.72508376
3.38510089
-0.78110084
1.67861900
2.49942899
1.33142106
1.00070616
-0.23493161
