1.55573931
1.97870120
1.42999772
0.62126392
2.06825144
0.72137944
1.01764437
-0.13254602
1.44032446
0.09975368
0.38179898
-0.07814208
1.40548752
1.69224585
1.64997676
2.16646080
2.60392254
0.61079866
1.18243718
0.10798463
2.60090629
0.69974643
2.58829122
2.11431254
-0.78644337
2.13277982
-0.51701698
-0.07370196
1.04337211
-1.00861602
0.84371034
-0.82243987
0.49340703
0.40051699
-0.30063022
1.47105028
2.58773967
-0.63181740
1.44727503
1.02576317
1.93685613
-0.03214023
1.40577779
1.98947813
2.00701072
-0.77778949
1.40097928
1.32159063
0.32164980
0.20805499
0.67485933
0.63163378
1.43804362
-0.01415053
-0.17575631
2.34633510
0.68772341
0.12815182
0.52949436
-0.51087038
2.04581539
0.22574121
0.50649395
2.76307470
0.91884946
-0.42630137
-0.06951382
-0.90681590
1.48181266
0.37058064
1.10155161
2.65591948
4.00835878
0.28458249
0.22006066
0.84786828
2.42099758
-0.63568881
0.67361795
1.86867634
1.71728622
0.86963357
0.09983191
1.21348949
2.10757134
-0.71865643
1.31879269
0.23718627
1.86943798
0.47465336
0.47308300
1.03343583
-0.42116042
0.81627393
1.69931268
-1.60126511
1.71834908
1.81131946
0.89895992
-0.57992754
