-0.04045218
1.16711502
2.29702685
-0.08850030
2.87947227
0.36539453
1.25080169
-0.25536017
1.77994818
0.09303587
-0.47863744
1.79710983
1.03726248
2.64084544
-0.04528487
0.92852148
0.48136280
1.50571790
1.34461186
0.99957119
2.54672093
0.95206292
1.43061745
0.78051445
0.35658395
0.96696091
2.32789241
-0.74161769
1.18758227
0.71972079
0.22477131
1.86491585
0.67499872
-0.43921796
2.32034370
0.25424580
1.58286625
2.07049254
3.97972760
0.41426372
0.07135060
0.97835538
-0.45236101
0.90045705
-0.25869421
0.81522741
0.23280775
0.09811763
0.34320924
0.28833197
0.58347337
0.65932034
1.96859969
1.52883769
2.16546338
1.01831635
1.56813750
0.83533552
1.40912888
1.15217184
1.01500581
-1.00121469
0.73602478
1.65966347
0.54198467
1.37549031
1.13599927
1.72315163
2.29925020
0.07452007
2.34574663
1.33730330
-0.55863928
2.04382823
1.05469013
0.43104318
-0.27641104
1.82897579
2.38599919
0.90892543
-0.24594932
2.52049307
1.89364704
0.46497922
1.13997217
1.47256151
-0.90916544
1.47678065
1.12621498
1.51186661
0.29065765
0.12387179
0.14264128
2.18418816
1.79783541
-0.32911257
-0.07713177
1.11220422
0.77900015
0.99173428
