0.29217118
1.29944544
2.34929093
3.09722340
1.01765226
2.89953049
1.20820402
1.14714219
1.14560948
2.11002229
1.78378772
1.66031003
0.75653794
2.53107258
1.03190758
0.63310048
2.18426812
-0.07749000
1.65478986
2.15238278
-0.99180078
0.97789871
0.91944683
1.39891631
-0.65122468
-0.46483588
0.76188747
0.70511132
0.98389611
0.04678468
1.28614651
-0.20507006
1.21442363
1.29475887
0.53802196
1.57100188
2.73089813
-0.59742354
0.02915107
0.65511887
0.38007429
1.22586291
-0.33314943
1.30093675
0.20213600
0.62331827
1.99802150
0.95381730
1.37725631
2.18047341
0.12660149
2.66086577
0.67452947
0.41491620
3.00941196
-0.51716059
1.85446152
1.14758930
0.91321443
-0.03066689
-1.14247894
-0.20539988
1.27702404
-0.41384813
0.67653753
1.16848626
-1.43427160
1.55198648
1.22918445
0.23342391
2.03062826
-0.63816668
0.73642973
1.68445319
1.49436786
-0.43497684
2.75515815
2.49560653
1.34874119
1.71743179
0.73451877
0.99679970
1.25384769
1.29850131
1.97945297
0.95217319
1.07850783
0.55448837
1.22917626
1.71666370
1.49632887
1.12182695
0.96602851
0.02705820
-0.33738219
2.61557118
0.55739215
0.61038612
1.15937012
1.28830513
