1.57035717
1.91031421
0.88334612
-0.31374979
2.39376382
0.13576309
2.52079431
0.91641119
0.04646096
-0.00983295
0.20456705
1.33834788
1.33695921
1.19718352
1.27458135
2.88461531
0.70627812
1.89344758
2.86173251
-0.02720637
2.89945140
1.05824555
1.00411868
-0.00732249
-1.62503327
0.79664566
0.77315138
1.40865691
-0.67444046
0.28006287
1.51398928
1.48485270
0.92445467
1.42559746
1.89494504
0.55034707
0.96692144
1.19508591
1.07976013
0.25194403
2.74585279
1.07119377
1.68954856
1.30449190
1.00664631
0.21758591
2.56045328
0.93772834
0.07632600
1.80830291
0.95581259
0.46953608
1.01340919
-0.24967589
0.07414541
1.10357413
1.40189043
1.56198762
2.11608814
1.56492346
1.05309959
0.86490585
2.40438133
0.31533243
0.46594949
0.78885216
2.12923226
0.03144252
0.90029161
2.62791980
1.74815149
2.92844150
0.99298502
1.69243600
0.42948889
1.21780030
1.64257180
1.57116565
2.38992057
0.55034654
0.98762613
2.16112019
0.02259135
1.54778237
0.63859949
-0.36978968
0.97886294
1.27524276
-0.17589714
0.34966701
-0.27616562
1.55713526
0.95094075
0.17250241
1.20997538
0.53556085
1.20689233
1.01299612
2.40591332
1.29685121
