-0.36303357
2.87678963
1.75406648
0.05483009
1.17433664
1.70073395
0.94158830
0.72960986
0.22349167
1.05555835
2.53769269
0.88844711
1.18057402
-0.80664052
1.42283047
1.08336115
0.62452559
1.03392332
1.60710615
0.79671936
0.14987174
0.37894057
3.30310682
1.18680902
-0.20682888
-1.02701973
0.64773061
0.98509745
1.16648849
1.07903856
1.14779205
2.34279272
0.86730730
-0.89082733
2.45551408
2.35264830
0.30903270
2.56544547
1.08322522
2.48290821
0.58316113
-0.61006167
1.85898451
-0.70573063
1.61516523
1.44096679
1.10539973
1.76108321
0.68423692
1.04779384
-0.22159629
0.07546727
1.85401429
0.33267736
0.89986982
1.63874924
0.22477571
2.00934919
0.38315358
3.06746565
1.99657963
2.11395848
2.56059976
1.13842227
1.62926745
1.06319726
0.71882262
-0.50194932
0.99907527
2.65767518
1.58342117
1.28670506
1.78758339
0.61004311
-1.04434906
-1.06185558
-0.40798062
1.23594860
-1.00231949
1.36726837
0.26768426
1.70995851
0.69268254
0.91879376
0.65401299
2.63899816
0.00974969
-0.41821022
0.62558772
1.56053707
0.95262921
-0.48473304
1.37024268
-0.85106468
-0.27165340
0.93147864
-0.25905863
0.20984767
1.09641441
1.97466696
