1.60075167
2.81713116
1.91872497
1.04642922
0.98901355
2.04480792
-0.74491078
1.00832286
0.82654117
-0.31562662
-0.48423147
-0.01693019
0.17122201
0.35376935
1.20539967
-0.27657988
1.30289132
0.62585599
-0.26888366
0.24509778
2.14488521
0.43754834
1.94719088
-1.42658445
-0.09794894
2.77451058
0.70012708
3.37300065
-0.35186700
0.49133773
0.71543009
0.29975072
2.10637919
1.38930291
0.82097727
0.18409856
0.57615116
2.34895750
1.23433990
0.35201960
-0.97749097
1.75820029
1.29440819
0.08329242
1.77954446
1.80287602
-0.18528021
0.93327249
1.84340910
0.78630297
0.58603131
0.75442916
3.16485756
0.16453150
1.68798819
0.89606179
-0.30260989
0.45386857
-0.49304955
0.71433471
3.17944950
1.52806439
-0.19681738
0.44138924
0.35667290
3.15578998
-0.20639603
-0.38330655
1.29454628
1.55523851
1.73706055
-0.08928720
0.82894659
3.20782761
-0.68926251
-0.11813166
0.19587389
3.00938366
1.20621344
0.76514036
1.17389881
0.79186704
-0.20489852
0.18998557
2.39111616
-0.56226047
1.01440334
0.21669056
1.81010896
2.04343971
1.66225406
0.57179891
-0.06764555
0.91523254
0.48336652
2.13172178
0.14279559
-0.57558723
-0.54416521
-0.36408328
