1.70911381
0.52893738
0.65201182
0.79885114
0.77075267
2.83361760
2.40590336
-0.38601449
2.78286592
1.51982591
2.45459082
1.21354748
-0.79062608
1.14617848
1.09492683
2.51271537
-0.44925951
2.06900622
0.86705648
1.90456925
2.11391614
-0.14567196
1.06708835
1.44323763
2.80120393
0.20397298
0.38666916
-1.58743292
0.44576478
1.77037666
2.93800970
2.41842145
2.07850195
0.96209174
1.02218426
-0.16715820
1.69569225
0.30819070
1.30851473
1.34105052
0.52783531
0.37152097
0.98029729
0.23525049
-0.84513586
1.69290605
2.39369866
0.93884142
0.40329856
1.12641318
1.52010824
-0.22143267
0.06671470
1.97293487
1.09297942
2.01833827
0.02458939
1.63096783
0.70304050
0.57112277
1.81856871
1.81985729
0.73415191
2.68225945
-0.41386946
-0.25725391
1.24826406
1.34954236
-0.68279047
0.55472583
0.05693671
2.45985729
0.07038121
0.06926667
1.13258311
0.55146950
1.68034958
0.18728967
1.77215558
3.05666665
0.85817390
0.19796259
0.95391949
-0.35534957
0.35774179
0.31596967
1.37451837
-0.91053154
0.26002023
0.47618959
1.66211355
1.58393834
0.04046607
-1.23312106
0.60217801
2.10789371
1.03250828
0.26632193
0.91831832
1.99295260
