1.51881297
1.48602061
0.65526755
1.41201179
0.57130606
0.39997983
0.65813838
-0.11387577
-0.51994664
-0.20028333
2.21354550
0.98757686
1.11319769
1.84610855
-1.03228452
1.53228334
-0.65549672
1.37441400
0.45345440
1.39314433
1.43598489
1.92295526
4.57298392
1.59389855
0.95064758
-0.17191656
0.43756341
3.38829474
0.46515720
-0.05920329
0.64306770
0.28507195
1.20630582
1.51872397
0.39342058
2.50805041
-1.42774752
-0.06861003
-1.30308272
-0.61672493
-0.21203036
0.48055439
1.26834953
1.20443861
1.10618181
0.86059040
1.11501308
1.95890558
-0.44021378
0.81142002
-0.81589832
0.91736589
1.06010805
2.99337694
0.24478174
2.03838657
0.04279123
-0.15756506
0.70983581
1.58886596
-0.36212220
0.58404874
0.25717417
-0.33263766
0.67772990
1.96981299
0.49854171
1.64110480
0.85590021
-0.52127142
0.96557838
-1.04657943
-0.39257592
-0.37881305
-0.50829617
1.12093455
0.39845220
0.20389361
1.22642721
-0.27669194
1.83717919
0.25930572
0.84127156
0.58792028
2.38239410
0.96362983
0.34818796
-0.40827844
-0.86029594
0.81590954
1.30186082
1.02353216
1.98672576
1.69135141
2.16899573
-0.09839579
0.67001832
1.51884155
1.43342955
1.67177762
