1.55352
0.329142
0.333555
-1.31433
-0.2549
-0.517021
-0.146627
0.12538
-0.0677493
1.391
-0.677209
-1.49359
1.38278
0.017397
1.69807
0.963718
0.797701
2.18665
-1.97074
0.821711
0.456167
1.37711
-0.319303
0.19769
0.493785
-2.02608
-1.47451
-1.42239
-0.936159
-1.32342
-2.82032
0.51347
-1.00702
-0.105758
0.227205
1.12448
-0.245935
1.67087
-0.866999
0.126586
0.0610987
-0.237409
0.0506335
0.750588
0.960275
1.40825
1.84741
-0.580122
-0.45304
0.480709
1.0416
-0.647489
-0.509072
-2.20527
0.546129
-0.361595
0.944152
-1.69765
-0.298907
-0.213362
-0.225998
-0.629095
4.05761
-0.341234
0.225195
-1.54922
-0.19618
0.727495
0.940459
-1.23565
2.43376
0.589515
-1.48491
-0.112472
-1.95365
-0.383538
1.1501
-0.662634
-1.12034
-1.94737
-0.214321
0.273106
1.43146
0.324519
0.484485
0.105004
1.42702
-0.290484
-0.26523
-1.29752
1.01906
0.756713
-0.657716
-1.85545
0.0741921
-0.211947
-0.569569
-0.955409
-2.45312
0.340454
