-0.740025
0.141639
-0.0745753
-0.0132427
-0.0908189
0.927499
-0.738338
0.650273
0.193922
1.31317
0.356329
0.658177
2.11358
-2.42888
-0.177803
-1.09794
-2.76776
-0.0336803
0.767184
1.51011
-0.109223
1.00887
0.480045
2.29612
0.50957
-0.949181
0.628393
-0.123195
-0.329404
-0.153826
0.321648
-0.459668
0.960596
-0.717214
1.18728
1.1274
-1.19353
-0.143271
0.546567
1.15127
-2.06772
-0.124574
-0.917685
1.06147
-0.800435
0.306366
-0.91638
0.543384
-1.44415
0.501206
-1.34594
0.77533
0.881205
1.27425
-0.308877
-0.0398781
-0.529185
-1.73703
2.36209
-0.721014
0.568293
-0.434451
1.19875
0.457433
1.26785
0.264005
-0.0304225
0.0173707
-0.92071
-0.514844
1.42632
-0.374051
0.903518
0.905894
-1.07162
-0.0294348
-1.18017
-0.0326363
0.773724
0.212075
-0.59506
1.89111
-0.527113
-0.120328
-0.681975
0.766071
-2.03833
0.331247
-1.04869
0.675187
-1.70489
-1.11821
0.904941
-1.18496
-0.283851
0.806147
-0.84636
0.140043
0.304053
0.461151
