0.661736
1.72208
0.0743473
0.24204
0.64648
-0.330029
0.655585
-1.08654
-0.170459
-2.09917
-0.0782016
0.25507
-1.55039
-0.0444097
0.0924982
0.797542
-0.388331
-0.304669
1.0037
0.0403017
-0.47934
-2.18144
-1.2479
-1.06261
1.21975
1.19626
1.08813
-0.127342
1.03626
-1.88609
1.20981
0.296838
-0.527679
1.54771
-0.0071172
-0.0698581
-0.903941
-0.17082
0.99868
-0.121227
1.12899
-0.200867
-0.129812
-0.562616
-0.540904
1.29146
-1.26779
-0.862834
0.302484
1.03848
0.279661
-0.108682
-0.976952
0.529264
-0.404248
1.44767
-0.375668
-0.237211
-0.0150079
-0.47928
0.682601
1.72802
-1.12611
-1.70516
-0.0867377
-1.34571
-1.54213
-1.6946
1.54437
1.70089
0.809842
-1.97228
-0.796019
0.5448
-0.884109
-0.998407
1.39364
0.104301
0.859882
-0.287035
0.879529
-0.196729
-1.50511
-0.483694
-0.581132
0.586295
-2.60268
1.51392
2.05632
-1.52227
1.80147
-0.748986
-0.104793
-0.222986
-0.801785
0.733137
1.09994
-2.24343
0.198559
0.208228
