0.80153
-1.98542
0.689545
-0.0259816
0.580536
0.857532
-0.64352
0.919507
0.196693
1.60412
-0.0755336
0.820303
0.77494
-0.552756
0.0785141
0.285356
-0.175716
-0.470395
-0.304841
-0.296716
-1.18548
-0.519982
1.00187
0.664939
1.21164
-0.844197
0.475021
0.768804
-0.280811
-0.645802
2.31658
-1.01875
0.853124
-1.77114
-0.478537
-0.184807
-1.54796
-0.325701
-0.0861121
1.02879
-1.30471
0.877343
0.450033
-1.94353
1.33607
0.283757
0.077401
-2.2266
0.775261
0.445881
0.405322
0.5343
-0.199833
-0.77457
0.812706
-1.01916
0.309162
-0.506942
0.117029
1.07589
-0.40286
1.10733
0.428407
0.450458
-0.331194
-1.10487
-0.453993
0.0971052
0.177177
1.39094
0.458979
0.257886
-0.123998
-1.06443
1.42007
1.55182
-0.0998588
0.50544
-1.30356
-0.311417
-0.945511
-1.3128
2.23379
0.103479
-1.54866
0.24396
-0.24503
-1.87933
0.267357
-0.975978
0.122341
-0.734068
1.11409
-0.086731
-0.488818
