1.09163
0.332049
-0.705138
-0.447462
-0.740648
0.11868
-0.525462
-0.910833
0.288394
3.06745
-0.286129
1.40111
-0.463887
-0.260516
-0.183572
-1.31345
-0.375796
-2.0428
-1.31017
0.301179
-0.497018
-0.951903
-1.6003
0.363443
-0.589263
-0.184973
0.846529
-0.788569
-2.54255
1.09456
-0.780878
-1.65141
-1.82081
-0.0494182
1.0383
-0.732125
0.985614
-1.55341
0.123209
1.87769
-0.724102
-1.09938
-0.754078
0.990423
1.19507
-0.744413
-0.0198829
-0.0497527
1.36145
-1.71069
-0.106181
0.273393
-0.0249771
-0.483033
0.190322
-0.947173
-0.111772
1.40946
-1.11482
-0.277699
-0.43319
0.358042
-0.559981
1.3097
-1.06129
-0.647148
0.0768493
0.335149
0.197812
0.484845
-0.496839
-0.564288
-0.0424402
-1.21942
1.40004
-0.0244736
1.34149
0.564855
1.33703
0.748428
0.373392
2.10767
-0.53224
1.29644
-0.758183
1.4493
0.351503
0.730895
0.72578
0.0964651
-1.42544
-0.724232
0.0420603
-0.953893
-0.698047
-0.714223
0.691393
-0.375969
-0.673836
1.3457
