-0.476182
1.19273
-0.255984
0.375559
-1.36871
-1.43914
1.3838
-1.10393
-1.87625
0.092442
-0.0259482
1.6836
0.947871
-0.0823892
-1.05088
-0.423757
0.382296
-0.177088
0.620808
-1.36744
1.3639
-0.576431
-0.0405163
0.612788
-1.32479
1.82887
0.712173
-1.29452
-0.314319
-0.924483
-1.41857
0.120549
0.132585
1.98697
0.463567
1.4388
-0.435386
-0.219152
0.0828639
-0.182939
-0.430131
1.29884
-0.294362
1.01671
-2.00585
1.0777
-2.42771
0.922381
1.95101
-1.01768
-1.16762
-0.521413
-1.23348
0.321209
-1.05186
0.828675
1.00729
-0.824147
-0.398579
2.13194
0.389191
1.3099
-0.854998
1.07965
0.65745
1.83869
-0.752981
-0.0500966
0.142818
0.27422
-0.533115
-2.69587
0.204811
-2.1533
0.34794
-0.571359
1.94775
0.973619
-1.22567
0.897577
0.511483
-0.38391
0.26843
-0.740991
0.353112
-1.5504
-0.729045
0.0121284
-0.857506
-1.55414
