0.948407
-0.612096
0.281585
-0.499066
0.0592978
1.66552
0.641074
0.508513
0.377526
-1.35762
-0.088331
0.168685
-0.52318
0.018952
-0.155675
0.841462
-0.79029
-1.77351
-0.887148
-0.0270629
2.48501
1.25251
0.360875
-0.838705
0.252519
0.126934
-0.600014
-0.107806
-1.27586
-1.03807
-0.657716
0.0708117
-2.23189
0.140946
1.17766
0.763058
-0.428217
-0.745025
0.644178
0.585546
-0.213227
0.47467
-0.103117
-0.433491
-0.388805
-0.594829
0.875265
0.236045
0.360098
0.279303
-0.399279
-0.731094
0.600531
0.213206
-0.339856
0.736054
0.944108
0.666588
0.0477624
0.443247
0.949894
-0.886947
-0.186117
-1.75587
-0.0427979
0.792133
0.700838
0.592186
0.72964
-0.610219
0.912752
-1.40654
0.515632
1.09643
-1.40342
-1.06637
1.95375
0.536789
-1.35864
0.991914
-0.315413
-0.260005
0.572313
-1.41035
-0.25573
0.494725
0.905813
1.22242
-1.4187
1.14879
-0.894937
-0.393061
1.45951
-0.0190261
0.738453
0.102354
-1.01783
0.708619
0.184294
-0.396223
