-1.58424
0.765498
-0.671976
1.19026
-1.72247
-0.474399
-1.00794
0.18976
0.264203
-0.726927
0.918046
0.491344
-1.33063
0.325643
-0.671409
2.1841
0.789545
-0.571192
0.996012
-0.00263034
0.863424
0.431254
-0.523661
-0.346598
0.445064
-1.87253
-1.4196
0.0412784
-0.0648193
0.531201
1.20925
-0.503167
1.35756
1.68628
0.772658
-2.14203
-0.526938
0.284379
-0.894104
-0.00042998
0.9143
-0.178151
-1.16863
0.465429
0.883292
-2.87057
-0.0209506
0.850062
-1.03394
-0.293181
-1.5759
-0.0663731
0.705714
-0.0431205
-0.113085
0.100653
-0.60668
1.45118
1.02525
0.103632
0.601569
-0.79858
1.2739
1.60863
-0.0289031
1.92845
-1.03837
-0.39158
-0.585151
-0.41432
0.640353
-0.292279
0.516156
-0.0552313
-0.573836
0.148458
0.59236
-1.41951
0.480775
-1.14536
1.35097
0.336004
-1.24713
1.10243
-0.151107
-1.57165
1.32738
0.448765
2.61032
0.584249
-1.64257
-0.157614
-0.644679
-0.0804824
0.277979
0.218496
-0.406967
0.939046
1.35721
1.45846
