-0.79231
1.36397
1.40202
0.808161
0.218142
1.62357
-1.34529
-0.0958885
-1.45433
-2.32446
0.196034
-0.0517877
-0.812453
1.55753
-0.833907
0.430263
-1.1093
0.394348
-0.715693
0.0211036
1.79365
-1.43463
1.15452
0.617172
1.5108
0.151942
2.66124
-0.384659
0.0853452
-0.416719
-0.7673
1.57282
-0.519262
-1.97318
1.09294
-1.35346
1.26394
-0.390754
1.37652
1.32561
-0.201811
0.956503
1.0823
0.186224
-1.23476
0.924597
-0.610065
-0.726557
0.202651
-0.0749396
1.28647
-0.416244
-0.00870588
-1.40311
1.14065
-3.30448
-1.18441
0.908003
-1.73917
-1.48395
-0.611931
0.0387051
-2.19789
-1.44008
-0.70053
-1.79687
-0.272205
-0.730641
3.04961
1.23584
0.412891
2.11836
-0.0742528
-2.75638
0.233981
0.367839
-0.913331
-0.381783
0.158305
-0.797896
-2.02204
-1.22516
1.13832
1.59185
-0.623964
-0.199311
-0.963938
0.190487
0.710611
-0.520109
-1.11118
-0.251339
-0.0862184
1.67965
1.00663
-0.881252
0.0076863
-0.524161
0.368409
-0.597512
