1.29169
-0.392668
-1.06993
0.23008
0.462727
-0.644853
-2.02538
-0.0429414
0.463842
-1.39903
0.9596
-0.859747
-0.932829
0.384056
-0.799734
0.262329
1.93334
0.775505
-0.417079
0.633629
0.615022
1.3234
0.607601
0.921347
0.638387
-2.17694
0.310767
0.115483
0.583645
0.23058
-0.968966
-1.31872
-0.984092
-1.14316
0.0463142
-0.07225
1.77775
-0.453174
-0.939598
0.416906
-0.975623
0.0459946
1.02155
-1.34467
-0.30208
0.233223
-0.595759
1.55982
1.05741
0.0656004
-1.13868
-0.578864
0.210771
0.197242
1.45416
0.453073
0.902824
0.0629864
-1.55816
-0.828428
0.666465
-0.128391
0.0349682
-1.31479
0.246417
-1.03775
-0.982907
-1.7757
1.67461
0.637878
-1.42676
-0.331951
-0.297184
-0.675535
-2.21009
0.507627
-0.79181
0.555627
-1.12504
0.96599
1.12742
0.313503
-0.193758
0.148093
-0.409574
0.456823
-1.46793
0.968299
0.532265
1.75437
-1.53718
-0.706329
-1.05726
0.355845
-1.12339
1.07739
0.54087
0.991959
1.80785
1.03714
