1.81295
0.601839
-2.2641
1.27858
0.517029
0.645854
-0.0702097
0.804354
-0.615837
2.25196
0.221223
0.939024
0.271512
-0.753728
-1.15549
0.454746
-0.753587
0.0155828
0.672329
-2.8297
-1.27974
-0.0435321
-0.541267
-1.86691
-0.341838
1.40126
-0.0170541
-0.438528
-1.09982
-0.493816
0.28475
0.511579
1.37942
-1.06723
0.729244
-0.767656
0.27145
-0.549566
-0.0162009
-0.587865
0.194773
-1.26764
0.0639391
-0.253414
1.05426
0.978394
1.35031
-1.21853
-1.06571
-2.45772
-1.21692
-2.24155
-0.159873
0.163317
0.466313
0.381318
-0.661542
0.427796
-0.602213
0.687451
-0.370963
0.958721
-2.02711
0.336668
0.558367
0.745065
-0.0436154
0.938906
0.363228
-0.870606
-0.402357
-1.45655
0.050799
-0.661237
-0.174762
-0.337501
1.00342
1.77397
-0.754502
-0.678496
0.401302
-0.39863
1.74546
-0.301627
2.08828
-0.707245
-0.680695
-1.16951
1.36667
-0.756548
-1.00718
2.18735
-0.978465
-0.398497
-0.281404
0.121652
-0.137568
0.780573
0.69705
-0.971052
