0.550973
-1.49629
0.169569
1.25309
-0.109691
-0.128294
0.521023
-1.23262
-1.13465
-0.702913
-0.843881
-0.595892
1.97417
0.361724
-1.79826
-0.174874
-0.0468738
0.15559
0.581317
0.582147
0.297723
-0.688958
0.903948
-0.456005
1.23477
-1.02497
1.70523
-0.569014
1.62855
-1.49556
-0.852003
-1.40317
0.102682
0.234446
-0.809422
0.955653
-0.478486
-0.174611
1.11939
-0.32858
0.961667
-1.25601
-0.358415
1.16756
0.652936
1.51634
-1.01674
-0.236257
1.54547
1.19378
-1.79741
-1.7638
0.790063
-0.28732
0.173856
0.0930656
-0.653449
-2.59781
-1.07677
-0.472121
1.19861
-0.888387
0.439017
-0.160813
-1.5178
-2.21399
-1.51352
-0.742173
0.856573
1.44617
-0.175502
-0.996794
-0.335041
0.936967
0.341772
-0.0929927
-1.43172
1.60351
-0.241631
-0.552909
0.402915
-1.107
-0.278526
0.422303
1.14558
-1.16104
-0.713745
0.725571
-0.324693
-1.54911
0.300606
-0.17115
-1.15248
0.0476838
0.466783
0.327858
0.0355722
1.11768
-0.583814
-1.92058
