-0.116627
1.06575
-0.428097
0.709608
0.0035153
-0.801416
0.903961
-0.299705
-0.360836
0.418188
0.126426
-0.0138809
0.284036
0.877749
-0.533036
-0.123625
-0.849733
-0.723094
-2.06519
-0.747065
0.969638
-1.11014
0.0393525
0.882485
-1.19807
1.15781
0.205227
-1.20893
-0.719909
-0.304706
-1.98731
0.79838
1.27326
-1.89889
0.246154
-1.15751
1.67695
1.6598
-0.468681
-0.149837
-0.806854
-1.16983
-1.69433
0.476117
0.359722
0.475324
0.0699949
0.886965
0.884925
1.63622
-1.16262
0.36171
0.108545
-0.168821
-0.487834
1.53857
-0.266978
-0.396058
-0.53402
-0.98578
0.767137
-0.211227
-1.88115
-0.324199
-0.799529
-0.145456
-1.02066
-0.450815
0.260782
0.392884
0.236756
-0.501846
0.295058
-1.11355
2.47053
0.0910036
1.25444
0.998492
-0.015126
0.265969
1.72532
-1.42365
1.30625
-0.488523
-1.62838
0.872893
-1.10023
0.678401
0.245714
0.557174
1.00943
-0.466405
1.86504
1.34868
0.499792
-1.54886
-1.70584
0.115419
-0.407478
-1.58635
