-0.33502
1.35954
-0.121445
1.58111
0.177293
0.940112
0.7769
0.20237
-0.14967
0.805564
-0.244273
-0.340521
-0.257453
-1.51442
1.21361
0.450125
0.710589
-0.854034
-0.520053
-0.548695
-0.647413
-0.630308
0.754567
1.15827
-3.39633
-0.752608
-0.00585389
-1.36019
0.083924
0.0392738
0.305151
2.01441
-1.33003
-0.638569
0.323467
0.113037
0.137128
-1.0185
2.58722
-0.080011
-0.355707
-0.628231
-0.733282
-2.14968
1.19528
-0.385061
-1.27329
0.0436577
0.395138
2.02853
2.06641
0.274376
1.59846
-2.64601
-0.930928
-0.810913
0.359819
-2.20362
-1.97944
0.362241
0.052473
0.457769
1.07347
0.303849
0.324692
-1.1198
-1.81526
-0.53885
0.751076
-0.563093
-0.12107
0.739641
0.557322
1.12226
-0.591774
-1.20337
0.33022
-1.09672
-0.0569171
-0.380745
0.974348
-0.101957
-0.520528
-1.70133
-0.439752
0.868439
0.515995
-1.5861
-0.312822
-0.688935
0.434448
0.192119
-2.23396
-1.30609
2.91698
0.071293
0.423217
-1.70852
0.602501
0.155066
