-0.854268
-1.11213
-1.49252
1.77586
0.148887
0.987042
-2.10431
-0.582441
-0.484434
0.863836
-0.257545
-0.163373
1.35024
-0.707296
0.602075
-0.277006
0.217406
-1.39031
-0.7667
0.079435
1.02112
0.107762
-1.00349
1.69415
-0.679696
-0.829797
-0.728071
1.94858
0.31491
0.733692
-0.0631134
0.0405673
0.953184
0.370437
-0.0577406
-1.5239
1.31984
0.894318
-0.438931
-0.844773
-1.78499
0.888872
0.618068
-1.07015
-0.676139
0.00311454
0.208121
1.11992
1.50935
-0.970136
-0.255363
0.332838
0.499714
0.194261
0.220804
0.40541
-0.752503
1.15573
-1.06438
-0.736183
0.406685
0.0967269
-0.217248
-1.11423
-0.385377
0.17277
0.582178
-0.413116
-0.59587
-1.65161
-0.700841
0.119715
-0.877511
-0.149836
-2.17236
-0.642055
0.900146
-1.0194
0.642258
-2.02673
-0.862553
0.268783
-0.109712
-0.500319
1.27419
0.699706
0.169268
0.23605
-0.839738
0.743974
0.978233
0.142534
-0.54302
-0.32955
-0.124572
0.595651
0.194631
-1.65132
-0.615496
-0.0202809
