-0.00628831
-0.563763
-1.35953
-0.860898
0.263071
2.40137
-0.996858
1.39021
0.555385
-0.308804
0.504854
0.959207
0.71878
-1.35756
1.12193
1.17096
-0.966156
-0.235215
-0.944085
-0.64752
-0.829406
0.646279
-0.976247
0.368827
-0.236357
0.272376
0.318755
0.274228
0.290525
-0.0405261
-0.1289
0.319545
1.36626
-0.518151
0.24654
-0.233447
-0.0205022
-0.0932922
-0.601128
1.30378
-0.545654
-0.206134
0.80936
-0.213787
0.784196
-0.270377
0.815432
0.793002
0.664881
-0.230456
0.959632
-2.16785
-0.0467448
0.233393
-1.27689
1.69281
-0.32273
0.992696
-0.493301
-0.0871795
2.23866
0.954746
0.687212
-1.25573
-2.2782
-0.373021
-0.932955
-1.10863
0.978662
-1.28114
-0.345782
-0.20977
0.0382604
-0.559258
1.1068
0.279684
2.53464
0.363147
0.518548
0.34635
-1.54965
0.203981
1.54069
-0.360052
0.19034
-0.0598021
-0.717947
-1.36398
-0.807518
-1.6412
1.34363
-2.15865
0.501102
-0.537892
0.509356
0.186001
-0.666937
-0.0691229
0.840424
1.40238
