-0.40464
-1.01783
-1.04101
-0.970988
0.592657
-0.58902
0.0897049
-0.493435
-1.10074
0.105084
0.635637
1.28127
-2.27058
0.874075
-0.458275
0.892815
1.826
0.254624
1.31434
2.81335
-0.571372
-0.436376
2.26422
0.585635
-0.180934
-1.03008
-0.45704
-1.5535
-0.957715
-0.155247
0.0673838
0.078546
-0.33921
0.112244
-1.29606
0.337623
0.0122745
1.41557
-0.189676
0.781665
-0.857004
-0.400063
0.730535
0.92205
0.198432
-0.564357
-0.210995
0.902455
0.435335
-2.01373
1.5416
-0.910944
-0.498672
0.51708
-0.930175
-0.585911
-0.491336
1.05415
-0.0897996
-1.20054
-1.4955
-1.08814
0.774411
1.60124
-1.27845
-0.445329
0.281705
0.146827
-0.499585
1.04474
-0.0735129
-0.61642
1.0751
-1.38307
0.418773
0.448693
-0.294173
0.809508
0.581687
-0.839166
-0.280467
0.571924
-0.520208
2.85902
0.211066
-0.482775
0.912799
-2.17903
1.21108
1.12436
-1.51232
-2.11591
-1.02306
0.637923
0.657855
0.334951
-0.0692837
0.289057
-0.805052
-1.21533
