-0.259661
0.263505
-0.400164
1.57786
-0.487385
1.90847
0.429798
0.289521
-0.26677
-0.722678
0.595016
0.423698
-0.961703
-1.3333
-0.264951
-0.826043
0.509722
-1.06345
0.877327
-1.57087
-0.694404
-1.30892
-1.02883
-0.749052
-1.74753
-0.744654
0.712937
-0.0225502
-1.25187
-0.598509
1.34042
0.375076
0.847004
0.128991
0.393398
0.808391
-0.474186
-0.687483
1.21538
-0.292066
0.259877
0.0983361
-0.732656
-0.153426
-0.0833543
-0.665199
-1.39669
0.231928
0.0008203
-1.13805
-0.322719
-1.93945
-0.82481
-0.436234
1.03271
0.931232
-0.605899
0.460073
0.54292
-0.302355
0.256114
0.469475
0.771774
1.43952
1.19519
0.0267077
-0.331372
-0.483397
-1.02341
0.707943
-0.602169
0.126707
-0.236555
1.47743
0.360132
-0.566174
-0.337073
-0.455779
-0.524889
-0.164036
-2.1603
-1.39156
0.972048
0.509396
1.13927
-0.392624
-1.78775
-1.83002
0.152884
-0.40946
-0.565188
-1.28221
0.191211
-1.76721
0.840871
0.876424
0.00253152
-0.554046
0.85698
0.207578
