0.279848
0.867968
0.532868
1.77237
1.08605
-1.00546
-0.216753
-2.15595
-0.991338
-0.100157
0.747113
-0.114434
-0.88059
0.212505
-1.09053
1.45704
-0.203579
0.204945
-0.646721
-0.172488
-1.46175
0.182685
0.110424
0.058945
0.00154722
-1.12341
-1.64809
-0.342758
0.110455
0.219964
0.198587
-0.443482
0.472873
0.950736
-0.405562
-1.05859
-1.65591
-0.767562
0.643555
2.13085
-0.00576765
0.817478
-1.67653
0.451718
0.0317632
0.291191
-0.415178
-0.171219
-0.0876491
2.67013
2.31051
0.755377
2.32861
0.385103
1.67625
1.35585
1.17006
2.02017
0.440189
1.35408
-1.71951
0.8154
1.49989
0.281314
0.858883
-1.03235
-0.0447931
0.221609
-1.20897
0.673077
0.275219
-0.158883
2.13463
-1.13186
0.419705
0.158639
1.73392
-0.422568
-0.567173
1.56046
-0.659191
1.2095
1.12774
0.832885
1.43616
1.75128
2.05411
1.16968
-1.03623
-1.07482
1.55482
-0.0399283
0.689993
-1.42186
-0.631017
1.04326
1.04018
0.138055
2.07795
-0.0193232
