0.84519
0.91833
0.141894
-0.914825
-1.35375
-1.24645
0.988826
-0.288639
-0.0509579
-0.616648
-1.03844
-0.223708
-2.47547
1.2163
0.097482
1.58243
1.8668
0.0216931
1.57361
-1.2191
-1.20136
0.0323294
-1.32489
-0.855322
-0.346275
-0.767674
-0.748848
-0.467299
1.7563
-1.24157
0.798877
-0.00071411
-0.206237
-1.4046
-0.120567
-0.447658
-1.99524
0.702472
-0.111982
1.39437
-0.620599
1.28617
0.402284
-0.343832
-0.975347
-0.180237
1.10604
0.150135
0.992399
-1.19364
0.248479
0.0903691
1.08531
-0.903448
0.66665
0.258412
0.715549
-0.661653
0.370546
-0.024228
-0.939608
0.751332
-0.602875
-2.94446
1.32425
0.188107
-0.789202
0.272419
1.82415
-1.29254
1.17588
-0.348059
-0.168957
-0.152893
0.0509878
-1.16179
-1.1523
0.807763
0.267261
-0.125117
-0.399409
-0.546566
-0.262143
-0.342356
0.979577
-0.0692522
-0.770418
-1.16088
-0.102025
-0.750989
-0.289145
1.10968
-0.0775505
-0.264445
0.290356
0.397827
-0.0167606
1.85855
0.587704
-1.10558
