0.705636
0.574162
1.35403
-0.382081
0.697836
-1.41934
0.385049
0.234707
-1.12926
0.363782
-1.21511
0.549662
0.589229
-0.838328
0.332273
-1.92373
-0.647779
0.17796
0.261398
-0.890885
-1.98458
-0.166042
1.08902
0.61467
-0.0671776
1.13069
-0.110409
1.34369
0.683326
0.800513
-1.74317
-0.116694
-0.190952
0.0650125
0.322524
0.232127
-0.440799
-2.00286
0.267379
-1.11656
-2.97482
-0.450989
-1.56054
0.845523
0.381866
-0.79987
1.24605
0.788003
-1.0215
-0.796044
1.5747
-0.92799
-0.271695
-0.562424
-0.819719
-1.04855
-1.08698
0.455195
-0.279532
-1.12925
1.04956
-1.03735
-1.20641
-0.488527
-0.21731
-0.323354
0.901811
0.260772
-1.66163
0.973253
-1.27039
-0.168537
-0.928303
0.0462905
-0.101388
-0.477874
0.193018
-0.916031
0.773027
-0.226057
0.758886
-0.693582
0.94477
-0.809698
0.411569
-0.36038
-0.204121
-0.888759
0.946066
0.306232
1.47912
-2.09839
-1.38714
-0.193675
1.55944
0.0980238
-0.987089
-0.213736
-0.660402
0.08262
