0.215601
0.1774
-0.831415
-1.32268
-0.963432
-1.6066
-0.941241
-0.566215
-1.1487
0.151724
-1.61639
0.730896
0.28345
0.120443
-0.789579
-0.654104
-2.07987
-1.69955
0.478101
-0.0822468
-0.76231
-1.41173
-1.69395
-0.687761
-0.401337
-1.0944
0.8511
-0.475362
0.0888263
1.30326
0.546251
-0.325251
1.22954
-0.862032
0.801734
-1.15545
-0.63964
-2.06367
-0.955417
1.65117
3.05769
0.54131
0.569866
0.277395
-0.927782
0.716672
-0.957059
1.51112
1.12941
0.315641
-0.7562
-1.55519
0.390271
-0.473446
1.05766
0.591085
0.9808
-0.446201
-0.151597
1.13628
-2.02451
2.00192
0.263794
-0.893238
-0.792195
-0.797014
-0.753701
-0.207511
0.328844
-0.580357
-0.57537
-2.49661
-0.903488
-0.419175
0.309467
-0.82616
-0.148653
1.25401
0.00182901
0.763166
-0.00774367
0.245924
0.29381
1.78373
0.353835
-1.00919
0.805941
-1.67727
-1.69742
0.10934
