-0.0317764
0.202979
1.81292
-1.2192
-0.953095
1.36913
-2.18726
0.213897
-0.851581
0.976376
1.22125
0.690941
2.47722
-1.06882
1.06664
-1.3893
2.5175
-0.378851
-0.0691614
1.07566
1.90674
-0.586587
-0.0343316
0.418218
1.6227
0.804311
1.18247
-1.96659
0.440108
-0.520305
2.0572
0.158657
-0.858007
-0.865468
-0.0316882
1.06119
1.60066
-0.276338
0.486971
-0.458206
-0.274651
-0.1839
1.87063
-0.992914
-0.513426
-0.156231
-0.396899
-0.23146
-0.592121
-0.201839
-0.691403
0.570896
-1.19012
-0.478381
0.292727
1.10143
-1.14414
-0.243102
-0.0669148
-1.20064
-1.60355
-0.767747
-0.820458
0.850723
0.607863
-1.1632
-0.193206
-1.50627
-0.292795
-1.07901
1.96321
0.254494
-0.114615
-1.39059
-0.0732837
-2.02195
0.344153
-0.682883
-1.18238
2.75524
-0.194082
1.05241
2.92717
0.810991
-0.400405
-1.44897
-1.26333
0.734378
-0.668017
1.27477
0.342828
-0.397705
1.15631
-0.00483129
-0.373966
0.625933
0.932136
1.79345
-1.02701
0.701035
