1.50921
-2.1244
0.452531
-0.367384
-1.12849
-0.633495
1.26411
0.680531
-1.31382
0.455418
-0.49888
-0.572148
-2.06599
1.02202
0.429303
0.00478989
0.676315
-0.571893
0.248785
0.236764
0.78402
0.00382842
1.33013
0.0314837
1.80103
1.43128
-0.570571
-0.313388
-1.42629
0.0398305
0.542468
-0.404428
0.937959
0.65826
0.428389
0.0920528
-0.806033
0.144572
-0.896113
-0.148786
0.71198
0.166836
-0.46342
2.05193
-0.24118
-1.29715
1.71323
-0.260705
-0.92173
-1.32879
0.186607
1.11591
-0.46517
0.83613
0.483445
0.544385
1.86463
-0.34083
0.0300466
0.969808
2.7334
-1.25336
-1.61065
-0.717956
-0.295309
-0.415
-0.858856
-0.035454
0.812908
-2.61855
0.927849
1.40278
-0.490458
0.915671
-0.787165
1.44445
-0.481767
-0.329052
0.0220823
-0.556616
0.391627
0.358824
-0.210973
0.372154
1.03853
0.468852
-0.318218
0.286178
-0.808946
-0.851075
-1.01931
-0.488065
-0.0984176
0.776736
0.449948
-1.29146
0.251195
-0.241151
0.952889
-0.652858
