-0.451502
1.63858
0.618557
-1.79054
0.846396
0.244002
1.65882
1.5156
0.371242
1.27462
-0.944059
1.44375
-0.671925
1.04384
1.69533
0.825663
-1.47566
-1.12417
0.824087
0.706187
-0.622692
-1.12321
-0.890455
-0.827483
-0.632406
-0.328289
0.825052
0.238378
0.88367
-0.308213
-1.23971
0.169749
1.43898
-0.240019
0.046036
0.0847146
-0.823588
0.0929309
-1.37835
-0.397316
0.468626
1.02324
0.286505
-0.765245
-0.861352
2.6133
-0.261626
1.22044
-0.19708
1.23306
-0.757755
-0.464672
-0.149725
-1.06352
-1.2672
0.592483
-1.13242
0.888139
-0.348291
1.87082
-0.872977
-0.495743
1.09654
0.627069
1.12114
-0.459682
0.031545
1.80142
-1.18696
1.52919
0.856933
1.06221
0.466692
1.01173
0.850488
-0.383362
-0.851296
-0.206936
-1.24284
0.906972
-0.675
-0.508784
1.42505
-0.0104391
0.302476
1.04925
1.53503
-0.822311
0.765488
0.89836
-0.764091
0.353624
-0.413594
0.0532139
1.07002
2.36484
-1.64638
-2.5821
1.11105
1.0991
