-1.22081
-0.793627
-0.85365
1.44993
0.0111067
0.0324358
-0.492201
0.0971211
-0.719654
-0.500163
-2.19414
-0.129568
0.0399605
-0.120396
-0.334834
1.26903
-2.51406
1.91968
1.37257
0.67652
0.750662
-0.955392
1.89908
-0.772038
-0.152562
0.0938363
-0.116048
0.393546
-0.251733
-0.786349
-0.989153
0.486247
0.803591
-1.50761
-0.569848
1.46354
-0.272687
0.439708
-2.01392
0.248102
0.53497
-1.78032
-1.50227
-0.0604529
1.99956
-0.249436
-0.276679
-0.683657
-1.07092
0.481417
0.0697698
0.69129
-0.355748
0.0537536
-0.118114
0.304677
0.457628
0.389334
1.50133
0.558164
-0.375755
1.73344
-0.620054
-0.289805
-0.566531
0.0241016
-0.014559
-0.0364271
0.186556
1.08634
0.519572
0.366841
-0.0740102
-0.43522
0.546145
0.141032
0.570536
-0.266404
-1.83342
-1.10331
1.32174
-0.236585
0.918353
1.88378
-1.41025
-1.45344
-0.298675
1.34673
-1.22514
0.795198
