-0.306035
1.34449
0.877384
0.496014
2.04616
-0.775769
0.572401
0.968529
-2.40491
-0.867364
0.25825
-0.0553124
-1.00554
0.719307
-0.400763
-0.66761
1.73272
-1.12613
-0.993211
0.70735
2.02015
-0.655105
-0.519749
-0.635189
-1.17842
0.527515
-0.714904
-0.656898
0.355962
1.60544
0.245367
-0.23269
-0.890216
-0.37968
1.25358
0.775439
-0.944107
-0.718079
-0.363859
0.523966
0.568026
-0.51889
-0.0339017
1.53894
-0.789809
-0.4607
-0.172208
-0.0143963
-1.19734
0.582281
-0.356966
-0.217184
-0.553904
-0.191843
-0.990709
-0.674427
0.624331
-0.730846
-0.188039
-0.588533
0.587763
0.276169
0.59919
-2.24428
-0.971365
0.417027
1.5763
0.80476
0.10697
0.317558
0.229256
-1.13536
0.0291259
-0.859742
-0.173627
-0.980293
0.429114
1.1807
1.69322
1.19489
2.15246
0.354036
0.340819
-0.200669
-0.586963
-0.367973
-1.55762
0.264631
0.639369
-0.441989
1.0147
0.0929059
1.48432
-0.0445099
2.35806
0.877186
-0.42928
-0.767942
0.751871
1.91165
