0.358485
0.609964
0.832386
-0.199477
-0.326534
-0.0784598
-0.763941
0.139527
2.72428
-0.608205
0.844274
1.88723
0.100952
-1.17702
0.849824
-1.42149
0.0596672
0.127561
0.815165
-0.0629469
-0.566172
0.321013
-0.49702
0.293578
0.515732
-0.0705059
-0.0383666
1.14696
0.982788
3.5613
-0.39929
1.99634
0.22755
-0.551731
1.04929
-0.072378
-0.141917
1.42758
-0.276773
0.0779702
-1.70143
0.716992
-0.377929
0.587372
-0.87735
0.40748
0.801889
2.36232
0.624485
1.23486
-0.721384
-0.513091
-1.75309
-1.35577
-0.32126
0.263183
-1.1958
0.532165
-1.74688
1.30063
0.916511
-0.167676
1.4629
0.120496
-1.06605
0.465222
0.93913
1.16134
-0.639559
-1.15507
-1.90664
-1.59164
-0.417376
-0.679554
-0.965922
0.47306
0.598123
0.414446
-0.0535007
-0.636178
0.859686
0.455966
2.30228
0.45343
1.13398
1.07715
1.55052
-1.72438
-0.391749
-0.815902
1.51315
-0.537177
0.908029
0.682194
0.394635
0.784593
-1.736
1.29209
1.09192
0.798027
