-1.55675
0.274282
1.01336
-0.218217
1.20354
0.12692
0.512238
0.112992
-0.0103268
0.277998
0.429412
-0.902844
1.60598
1.30396
0.351253
1.42481
-0.0607162
-0.749403
0.172336
-2.03818
0.142131
-1.72093
-2.19935
-1.30849
-0.239038
-0.464085
-0.321853
-0.12411
-0.0688124
-0.15727
-1.2499
-1.26125
-1.58405
-0.455311
1.80404
-1.54174
0.0417806
0.852763
-1.4952
-0.21023
-0.417265
-0.468731
1.52725
1.31793
0.833921
-0.312757
-0.13716
0.522333
-1.00734
0.32913
0.708751
1.10685
-0.113969
-0.244151
0.287496
-1.17324
1.38279
-1.36068
-2.32102
1.85823
0.483048
0.533094
0.302223
-0.662917
0.261555
-0.162351
1.48118
1.33244
1.26878
0.254666
0.503568
1.12209
-1.23459
0.369232
-0.0523861
0.68302
0.20635
0.375687
-0.202235
2.00476
-0.848668
0.101384
0.969732
-1.30434
-0.705422
-0.368352
-1.20582
2.31457
-0.0557952
-0.273176
0.651377
-0.140347
0.191936
-0.632789
-1.39015
0.268695
0.658969
-0.650556
0.84471
1.15084
