-0.128411
-1.43002
-0.935928
0.878435
0.108978
1.34222
0.188035
-0.538618
0.486746
-1.66425
-0.94854
-1.01698
-1.51376
-0.626758
-0.393305
-0.142669
0.352848
0.0330311
-0.564947
0.220355
-0.291601
0.227966
-1.23024
-0.558257
-0.105443
0.378642
0.606151
-0.127283
-1.66998
-1.25333
-0.516424
0.407103
1.59699
0.995749
-0.419332
-0.307163
0.786009
0.185452
-1.22449
0.268587
-0.606444
-0.443403
0.280157
-0.382597
-0.164184
-1.11471
-0.168622
-0.0779114
-1.43588
0.58092
-0.252663
0.184787
-1.39621
-0.611275
-1.66602
0.985823
-2.19602
0.111577
0.418162
-0.979181
-1.43421
0.0987577
-0.008171
-0.320209
-0.26237
0.0472262
0.485127
-1.39618
1.05279
-1.58053
-1.63007
1.77845
1.85076
0.271078
0.619882
-0.479962
-0.732159
-0.330398
1.81293
0.376624
-1.01793
-1.38229
-0.880472
-0.895147
0.360141
-0.0582529
1.64855
1.29419
-0.734008
-0.15446
0.809524
0.664311
0.195285
-1.0987
-0.873231
-0.39548
-1.08996
0.620651
-1.89114
0.0181887
