0.0705063
1.0483
1.41209
-1.39962
-0.888291
-0.0269423
-0.301006
-0.680553
-0.555681
0.266771
1.61416
0.55279
0.693732
1.54616
-0.207886
-0.060814
-0.100416
-0.83863
0.339393
0.478722
1.32462
-1.31436
-0.0356644
0.102468
-0.11044
0.54155
-0.31143
-1.45021
-1.73379
-1.12539
-0.265794
0.487663
-0.226567
0.674462
-0.137006
0.306227
-0.560071
-0.46709
-0.667934
1.26447
-2.28916
-1.49898
-0.250715
0.650127
0.196061
-1.80079
0.61749
-0.947618
0.196987
1.10698
0.697501
0.187362
0.579938
-1.33297
-0.591892
0.795116
-1.96047
1.05628
0.092771
0.0419769
1.22282
2.60842
1.38133
-2.55914
0.419084
0.720594
-0.397124
1.15852
0.297332
0.642889
1.52556
-2.22877
0.911951
1.29514
0.762038
-1.68363
-0.49866
0.498772
-0.221718
-1.79801
-0.326049
-0.683787
0.218139
0.806733
-0.460251
-1.18267
-0.500828
0.829576
1.24426
-0.357082
1.84236
-0.144581
-0.445331
0.966897
0.0897331
-0.187011
0.561997
-0.0536817
0.683253
-0.211888
