0.0254997
-1.48319
1.9504
-1.11693
-0.369326
-0.265005
0.0519037
-1.20066
-0.103314
0.735786
0.127887
-1.98529
-0.405234
0.126987
-0.452197
1.78528
-0.340585
0.464002
0.0444284
0.0952045
-1.81927
-2.40595
-1.08904
-0.980958
-0.516736
-0.772968
1.23364
0.377955
-0.915682
1.86177
0.324684
-1.30957
0.952409
-1.58966
2.61454
1.67569
0.899389
0.60998
-1.44465
0.619361
-1.20661
-1.58077
-0.593104
0.541589
1.26459
0.30097
0.447973
0.29809
1.13842
-0.135008
-0.385571
-0.925506
1.01049
0.16083
2.38766
0.309343
0.139433
0.670456
-0.94494
-0.12236
0.025103
1.58945
0.824103
0.506724
-0.368548
-1.72019
0.941569
0.893417
0.394076
-1.59178
0.365333
-1.31334
1.70564
0.452734
-0.868474
2.03386
-0.355104
-0.470464
0.568074
1.7143
-0.586357
1.0437
2.23406
1.0272
0.234665
-0.182238
-0.556382
-2.10537
0.965617
0.363854
-2.0367
-1.12021
-2.04058
0.447051
1.00302
-0.2444
-0.543695
0.211053
-0.199969
0.0141403
