-0.133814
-0.235622
-0.903864
0.685258
-2.48797
-0.277483
0.0128696
0.521554
-0.118298
-0.491951
-0.445152
-0.0224661
-1.83887
0.00910352
0.728918
0.805645
-0.510938
1.54301
-0.140404
-0.381776
0.403504
-2.25745
-0.664277
0.221789
0.60169
0.527876
0.448775
0.112591
0.174291
-0.112085
-0.30946
-0.685123
0.194351
1.41655
-0.676786
-0.627885
-0.393801
-0.890675
-0.190897
0.84454
0.319141
0.61174
2.02671
-0.122243
2.13115
-1.97962
-0.344235
-1.78078
0.410353
-0.45204
-0.0397234
-1.64145
0.517708
0.614054
0.103781
-1.10218
-0.14527
1.91095
1.00446
0.670993
-0.186693
-1.60549
0.393365
-0.408284
-0.910828
0.219888
-1.08146
-0.926011
-0.547124
0.299966
-0.669817
2.42842
0.106479
-0.539324
0.623309
-0.036376
-0.787165
0.120549
-0.287908
-1.2865
-0.489006
2.26873
-0.680791
1.17299
-0.424624
1.13326
1.49118
-2.74712
1.58811
-1.13047
1.97692
0.711762
0.686611
0.303536
0.458798
1.04088
-0.618678
0.970239
0.779914
1.48517
