-0.901101
1.05642
0.12884
0.817623
-1.26767
0.340207
0.211603
1.063
0.240731
-0.63409
0.840338
-1.76862
0.305885
2.00545
0.468454
-1.1563
0.69643
0.150195
-0.469895
-0.800907
1.71869
0.453289
-0.53296
-0.582061
0.536386
-0.19676
-0.100811
0.948175
0.0340665
-0.349951
0.408272
-1.26082
0.815219
1.73834
-0.320123
0.271553
-0.747052
1.21526
0.630442
1.93211
-0.372185
-0.0884319
-1.44657
-1.89694
-1.50799
-0.898864
0.590408
-0.472434
1.33021
-0.471164
-0.501963
1.54996
-0.931351
-1.47199
0.333463
-0.924021
-0.0494376
-0.912776
0.34346
0.41292
0.19235
0.711626
-0.0127669
0.113757
1.20721
-0.283744
0.415557
-0.00559013
0.728992
1.91808
0.24129
0.0156917
1.69589
0.663546
0.137552
-0.812287
0.548421
1.09765
-0.152278
1.29287
1.67391
0.87977
-0.847967
1.08554
0.539133
1.01237
0.422879
-2.01492
-0.413906
-0.914562
-0.733976
1.76217
-0.82291
0.5441
1.21818
0.0836322
0.609189
-1.51181
0.633486
2.3701
