-1.03275
0.292348
1.0859
-0.167212
1.12417
0.113446
0.931156
-0.938265
-0.628714
1.32781
0.0973309
-1.50946
-0.459853
-0.279281
0.567146
-1.28613
-0.636032
-0.785295
-0.0882396
0.506827
-1.31857
0.675137
-1.09429
-0.491217
0.475977
0.317582
-0.317591
1.80149
0.0970628
0.050007
0.869321
0.961177
0.50997
-1.8466
-0.899627
2.77855
-0.550016
0.66568
-0.704083
-0.373769
1.10186
-0.287195
-0.189127
2.25859
0.996048
0.296973
0.138653
0.29762
-0.0637581
1.82237
0.507885
0.274979
0.712571
-0.950881
0.250469
-0.0890498
0.421584
-1.05016
0.300924
-0.27631
-1.9934
-0.875854
0.669712
0.631423
0.28794
0.52798
-1.02311
-0.658122
-0.312522
0.641014
-0.762042
-1.00301
-1.13131
-0.271801
-1.26088
-1.5404
1.16466
1.71966
-0.583751
0.567039
0.591262
0.32067
-1.28174
-0.731301
-2.47728
-1.42752
-0.290356
-0.0136684
0.754592
-0.573822
1.29826
0.294446
-0.595577
0.869436
1.08251
0.381189
1.41191
0.455471
1.17169
-0.411985
