-0.398675
-1.16089
-0.379389
-1.07884
0.646888
1.92705
1.94324
1.03954
-0.331755
0.738316
-0.610947
-0.348598
-1.56105
-1.20344
-0.24245
1.65849
1.08837
-1.08888
0.270817
-1.67763
-0.179484
0.718536
-0.476696
-0.888464
0.390926
0.162121
0.372309
-0.868649
-1.67647
0.224822
-0.704529
-0.839168
-0.220323
-0.627654
0.313412
-1.82188
-0.265735
1.75387
0.955535
-0.395324
-0.228689
0.0619437
0.375989
-1.05405
-2.75726
0.3576
-0.697658
0.0852932
-1.41915
-1.9732
-0.451799
1.38538
-0.760776
0.15205
2.98329
-0.415544
-0.603996
-0.339574
-0.228183
0.162923
0.0593881
-0.428882
0.388837
-0.53128
0.0929846
-0.183722
0.487967
0.653074
0.794356
-0.308328
-1.17774
-0.924687
2.05277
0.334904
1.67241
0.483035
-1.60662
0.33042
-1.47842
0.257724
-1.34561
0.908515
-2.35495
0.58394
1.19204
-0.0340187
-2.35204
-2.41708
-0.341867
0.897227
-0.287195
2.007
0.75762
-0.661897
-1.30357
-0.816201
-2.00506
-0.452075
-1.06308
1.05496
