-2.07823
-1.24773
0.5074
-0.872251
2.00298
0.34655
-0.738487
-0.797481
1.38468
-0.240868
2.41438
-1.4372
0.748034
0.498364
-0.0435051
-1.26312
-0.943438
-2.4829
-1.7886
0.817676
-2.19956
-0.434624
0.422972
0.405191
0.535089
-0.376595
0.273402
-0.246446
-1.4163
-0.758687
2.21219
-0.739515
-0.122846
-0.225275
1.31326
0.134497
-1.17353
0.742862
-0.181418
-1.02782
-1.12018
1.0211
1.43967
-0.988929
-1.64495
-1.41757
1.25628
0.356292
2.29974
0.149043
0.769178
0.242399
1.39728
0.0680316
1.01129
-1.07297
1.23499
0.470615
-0.422598
-0.484352
-0.361327
-0.740371
-1.3054
-0.124056
-0.166036
-0.673523
0.718236
0.00885318
-1.46536
-1.75086
-1.39151
-1.32893
0.121719
1.02476
-0.487266
-0.107534
0.537437
-0.551922
-0.123432
-0.271625
0.0674809
-0.913202
0.515358
1.24644
0.00423222
1.13137
0.89972
-0.041053
-0.655242
1.61542
1.23124
-0.703838
0.14651
-0.359101
1.11781
0.593608
-0.0611717
-0.0191786
0.408752
0.992214
