-1.17204
1.37173
0.751458
-2.52937
1.12247
1.13632
1.45098
1.13173
-1.12462
0.245275
-0.158776
0.64363
1.13094
-0.330028
0.433653
0.390868
1.79407
0.521544
-1.95477
0.86886
0.495754
0.707377
0.505026
0.712017
0.459472
0.510275
0.73762
0.561383
0.00471071
0.0258791
1.15507
0.797381
1.87348
-1.43792
-1.9785
0.264624
-0.867263
-0.120414
0.011041
0.647347
-1.19415
0.0134135
0.727873
-1.15501
-0.90514
-0.530904
0.372939
1.67099
0.672732
2.53212
0.287158
-0.162511
0.508516
-1.3835
1.09256
1.5574
0.0669687
1.18944
0.813985
0.247237
-0.194747
2.11001
1.25469
-0.804894
1.27614
0.556587
-1.56033
-0.99126
0.57328
1.05037
1.58748
-0.395341
1.71555
0.999398
0.522049
1.71582
0.309415
1.49621
0.707374
-1.00837
-0.0894666
0.50019
0.609777
1.00984
-1.00584
0.00647737
0.767646
-0.0223054
1.62025
0.798239
-0.0759139
0.12718
0.281055
-0.184658
1.9041
0.641972
-0.142376
0.41128
-0.1823
-0.36233
