-0.749568
0.81499
1.65467
-0.274107
0.333344
0.189108
0.296456
-0.0295004
0.365996
-0.121459
1.01538
0.33362
1.32142
-0.877805
0.262527
-0.182074
0.777796
-0.023222
1.06812
0.0179425
0.0878468
1.224
0.500512
-1.5198
-0.958283
-0.0254981
-0.205287
-0.0332211
0.897483
0.731023
-0.260585
1.27254
-1.60421
1.62367
1.17366
-1.17147
-0.86752
0.220444
-0.0797838
1.63639
0.101552
-1.43847
1.11327
-1.03292
-2.00236
-1.41418
1.69289
1.59742
0.010588
-2.80193
0.367174
0.723673
0.373818
0.7026
1.22256
0.346977
-0.339625
-0.791471
-0.841535
-0.0344588
-0.216268
0.324608
-1.73185
-1.23436
-0.507735
-0.00550238
0.00881114
-1.69284
-0.500035
-0.220061
0.266193
0.914035
-0.56735
0.577417
0.375151
1.14617
0.973584
-0.627786
-1.84589
-0.379859
-0.179269
0.400769
-0.626002
-0.920765
-0.0581689
-0.944114
0.543983
-0.724603
0.0596794
1.63485
0.36563
0.860878
1.15267
0.52993
0.393826
-0.0331309
0.344207
-1.09156
0.574429
-1.29511
