-1.43693
1.90354
-1.03116
-1.7007
0.476401
-1.38893
-1.35584
0.729159
0.6473
0.31257
0.826505
-0.129727
-2.09767
-0.554867
1.06697
0.484813
0.166649
-0.585511
-1.05089
-0.123525
-0.0967524
-0.322536
0.318836
1.2135
-0.349031
-1.10814
0.566307
0.890844
-0.250921
1.45723
0.11113
1.16898
1.12065
0.772039
-0.412873
0.629397
2.34536
0.262394
-0.952678
0.719506
1.07637
1.78383
0.424836
0.082336
-0.546702
1.87167
0.0302738
0.917353
0.458522
-1.49901
0.0350116
-0.597973
1.39408
0.804298
-0.708769
-1.52629
0.954204
1.7907
-0.640132
1.11801
1.95458
-0.0885042
0.793336
2.7075
0.21151
-0.783156
0.327419
-0.42128
-1.50009
-0.5289
1.03694
-0.282073
0.990184
0.0902657
0.269016
-0.21118
0.317276
1.46325
0.56853
1.66381
-0.954529
-0.283599
0.467072
0.385154
0.154885
-1.76939
1.00544
-0.757395
0.731407
0.194927
1.00562
-1.18513
-0.765776
-1.52426
-0.966605
-1.4439
1.20384
-0.0487322
1.13895
0.410329
