-1.21039
0.0102925
0.122488
-1.02032
0.10533
2.5881
0.431515
-0.0638514
1.14508
0.141604
0.888945
-1.00257
0.730942
-0.502384
-0.717267
-1.39542
-0.0629439
1.84218
0.648953
-1.10469
1.21761
-1.57946
-0.569403
0.673974
1.64733
-0.674349
-0.151337
-1.86449
0.36271
-0.126215
-1.02061
1.85318
0.558664
-0.0714687
1.34731
-0.535875
-0.376005
0.810554
0.475928
0.807015
-0.505807
1.37638
0.385292
-1.14134
1.87043
0.848119
0.251821
-1.04677
-0.601872
-1.24029
-0.230554
0.213855
-1.20783
-0.638569
-1.72415
-1.24701
0.16214
-1.12643
-1.90456
0.115551
-0.319067
-0.248878
0.582228
-0.460596
0.329733
0.555008
-0.500317
1.7178
3.43599
0.793654
1.12659
-0.320731
-0.82242
0.493213
-0.286436
0.494478
-0.34979
1.39713
1.42979
0.342556
-0.321514
1.07058
1.76182
0.235058
0.147303
0.266669
1.13139
-0.642063
-0.420571
1.1636
