-1.14029
-1.30501
-2.229
0.11952
0.542933
-0.591455
1.07875
0.290633
0.352287
-0.100982
-0.304252
0.887818
1.29416
-0.0905843
-0.602944
0.643352
-0.403292
0.110271
0.19911
-0.0544066
-1.01756
0.292672
-0.461768
0.195482
0.0813769
-1.62684
0.973002
0.502073
-0.516827
0.970527
-1.78628
-0.721716
-0.120443
0.00438532
-0.332484
-1.09843
-0.158794
-0.0964167
-0.350572
1.2156
1.39349
-1.89001
0.802335
-1.07966
0.441214
-0.128378
-1.09339
-0.439973
-0.867703
-0.239392
-1.84171
0.197228
-0.354251
-0.296412
-0.29828
2.84602
0.441945
0.483365
-0.0936662
0.768281
1.03299
-1.00113
-0.943284
-2.17386
0.377911
-0.639844
-0.265329
1.8551
0.0234449
-1.72869
2.04418
1.10169
0.825791
-0.691613
0.355124
0.362693
-1.47392
-0.434355
-0.847793
0.372036
0.530364
2.98063
0.340473
0.307399
-2.32376
-1.53906
0.646626
0.0457406
0.980662
-0.178587
-1.55479
0.803604
-1.27421
-1.36024
-0.597674
-1.25343
1.93464
1.81911
-0.279559
-1.20418
