0.0211097
0.413404
-1.30967
-0.248124
2.52652
1.80712
0.922586
-2.46614
0.116549
-0.776589
2.26494
-0.586188
-1.72767
-0.558754
0.251537
-0.675911
-0.480462
0.548112
0.746973
-0.618481
-0.159454
1.07945
-0.896157
0.356935
-1.81933
0.430168
0.306551
0.716652
-0.695348
0.378386
-0.0647451
0.589725
-1.04095
0.152505
0.876456
0.281805
1.38968
1.53768
0.192699
0.174164
-1.26849
-0.422046
0.142212
-0.438789
-0.807346
-1.1209
-0.00354878
-0.299843
-0.742218
0.592335
0.549404
-0.0968513
-0.180268
0.537925
0.185348
-0.221464
0.556631
-0.0176472
-2.08815
-1.63933
0.470506
-0.335905
0.880565
-0.0551283
-0.437139
-0.10675
-0.215297
0.56166
0.961596
1.3261
-2.13118
0.181967
0.611968
0.921642
0.610407
-1.13283
-1.1023
-0.734181
0.136386
-0.5604
0.765035
1.3262
1.62955
-0.22373
-0.784688
-0.805344
0.202049
-0.347496
0.903988
0.247527
-0.371653
1.32327
-0.190019
-0.145979
1.71004
-0.00489082
1.82785
-1.25494
0.299155
0.101314
