0.753167
1.207
0.210587
-0.272946
-0.0832102
-0.33881
1.45736
1.40103
-0.724672
-0.711702
0.748422
1.9058
-1.64339
-1.65105
-0.152238
0.883095
0.812234
-0.390458
0.203975
0.322311
-1.02991
-0.774551
1.47858
-0.29896
-0.898795
-0.773902
-0.112938
1.29563
-0.431298
-0.171069
-1.29126
2.23544
1.26513
0.48331
-1.25019
0.665225
-0.0387854
-2.05242
-1.19616
0.087554
1.05651
2.74833
0.135574
0.169109
0.373409
1.1919
0.71571
0.851988
-0.0325237
-0.891059
1.30636
0.0612532
2.19428
-0.155422
0.538971
0.370043
1.20078
1.03537
-0.700559
0.224905
1.73034
0.305619
0.769581
-0.7008
0.666702
-0.489457
2.02758
-0.836602
-0.364732
-0.533753
-0.521281
1.08989
0.129036
0.907623
-0.85395
-1.36056
-0.976551
1.65108
0.228858
-1.41791
-1.66237
-0.407467
-1.12095
0.00286712
-0.746998
0.403783
0.238037
1.40015
-0.163769
-0.556236
0.271159
0.183771
-1.04538
-0.871491
0.51356
0.701044
0.823475
0.245207
-0.256594
-1.31337
