-1.04694
-0.404658
0.322803
1.31588
1.30196
1.25097
0.558326
0.393448
0.234562
0.778367
0.142809
-1.32686
1.3734
1.00845
-2.4322
0.855476
-0.152365
-0.0797071
1.92135
-0.75903
0.930182
0.371166
2.83583
1.17485
0.370777
-1.70758
0.348868
-0.179018
2.03066
0.52684
0.667589
-1.65869
0.161235
-0.845254
-1.73151
-0.923855
-1.3892
-0.383082
-0.451657
0.85098
-0.822011
-0.199072
-1.17666
1.90977
-1.04598
0.732528
0.214734
-0.0866626
1.0795
0.671919
0.42938
-1.0101
-0.360633
-0.102549
0.603385
2.23093
-1.06565
-0.935943
0.112221
1.55607
1.50696
0.564034
-2.15936
-1.35526
0.953279
-0.0430856
-0.937967
0.574101
-1.08969
0.314166
-0.237258
-0.470329
1.57105
-0.607687
-0.280075
-0.437716
-0.545196
0.827473
1.68077
-0.858698
1.20497
1.12396
0.7909
-0.83967
-1.12635
-0.161514
1.63294
0.766192
0.464859
-0.945402
-1.58245
-0.555356
1.32901
0.797907
-0.870733
-0.688168
1.84774
0.387275
-0.378899
0.245384
