-0.448946
-0.405575
0.972149
-0.393664
-0.212134
-0.013024
0.527549
1.14962
-0.270911
-1.0581
1.88312
0.0914629
-0.76457
-1.38994
0.591092
-1.90471
0.826681
0.085964
1.4235
-1.83787
-0.13927
-0.605098
0.736872
-1.22104
-1.76994
0.565967
1.09445
0.172676
0.45931
-1.97296
0.0559124
-0.811044
-0.356992
-0.252564
0.287694
-0.334928
2.36384
0.807077
-1.15903
1.01138
-1.30202
-1.06114
-1.41918
0.153417
0.690929
0.518722
0.059279
-0.491702
-0.828458
0.175936
-0.092233
-0.688222
-0.59124
-0.615355
1.34088
-0.578565
-1.08976
-1.29063
-0.436391
0.0279937
-0.723383
1.22661
1.0748
-0.0787947
-0.0818726
-2.06639
-2.08372
-1.26916
0.265071
0.796823
-2.03019
0.468069
-0.801147
-1.63318
0.577951
-0.334087
0.531187
0.586097
-0.00916036
1.03087
-0.62659
-0.87751
0.748738
-1.68252
0.189868
0.0500437
0.577883
-0.57355
-1.22773
-0.205753
-0.427768
1.4994
-1.50664
0.262864
-1.34682
-0.666671
-1.76326
0.584306
-1.20506
-0.123066
