1.75492
0.120405
-0.859229
0.829511
0.680186
0.124435
-1.42171
0.241791
-0.0561728
-1.13455
1.23197
0.830837
-0.633754
0.315691
-0.526304
0.276178
1.24177
1.70258
-0.660225
-0.259717
-1.17544
-0.184601
-0.472817
1.36442
1.84965
-1.64584
0.513007
-0.52263
-1.89232
0.636285
-1.26017
-1.3103
0.0413904
0.700146
0.724051
0.0400358
0.915083
-0.199271
0.287068
-0.0571698
2.35966
0.0520709
0.983225
-0.49417
-2.09599
0.688008
1.33585
-0.0968731
-1.37632
-0.489678
-0.325078
0.107707
0.135765
-0.200614
-1.04278
0.799744
-1.99489
-0.468914
-1.88724
0.213666
1.23287
-1.45845
0.226378
1.80055
0.0866339
0.252365
0.897941
-0.92861
0.250535
-0.509643
-0.505067
-0.179033
0.00432421
1.0496
0.80554
0.0582967
-1.01107
0.612523
1.43045
-0.00256362
-0.986503
1.38865
1.73224
0.181008
0.342714
1.47297
0.556379
1.39197
0.465229
-1.0113
-0.382509
1.83479
-0.582199
-0.554104
0.769856
0.946423
-0.551876
0.0372781
2.74118
-1.33144
