-0.175071
0.508947
-1.06012
-0.161806
0.294372
0.485732
0.223003
-0.330977
-0.360405
-0.247555
-0.967096
0.0789708
0.760764
1.79588
-0.931232
0.0668571
0.199566
0.714482
-0.90339
-0.262079
-0.654066
1.78737
1.56234
0.870819
-0.947917
-1.14834
1.09469
-0.00686244
1.12775
0.307808
0.46803
0.689523
-0.79278
-0.996441
0.189572
-1.99492
-0.657937
1.58928
1.03521
-1.27982
-0.578495
-1.2769
-0.33421
-1.29009
0.185337
0.479181
-2.59233
0.378546
-1.10706
-0.752184
-0.901687
-1.51549
-0.502492
1.41139
-1.13324
-0.312361
-1.26484
0.445446
0.285043
1.32854
1.34142
0.672979
0.785727
-0.149254
0.200145
-0.568098
0.567972
1.69953
-0.477425
0.172657
1.01008
-0.0235589
0.850432
-1.73801
-3.17496
0.215482
0.0161253
-0.121004
-0.38762
-1.09619
-0.390212
0.487524
-0.75894
0.59246
-1.5603
0.263906
-1.14657
-1.03484
-0.0723585
-0.497134
-1.31527
0.223401
-0.552796
-1.46068
1.18793
-0.0352309
-0.842235
-1.33467
-0.255701
0.35857
