1.2032
-0.00697478
-1.84512
0.104579
0.00485249
0.653795
0.396935
-0.135121
1.64862
-0.454225
-0.227791
-1.5696
-0.999402
0.810733
0.765989
-0.542297
-0.6194
-0.810875
0.914205
0.103852
0.785405
0.329363
-2.47841
0.923596
-1.34244
1.43957
-1.63836
-0.0296245
-0.367441
-0.971324
1.1983
-1.56569
-0.325794
-0.945244
-0.557694
0.526433
-0.641531
-1.05084
-1.05486
0.718098
0.348952
1.61776
-0.467571
-1.94759
0.0757661
2.2635
-0.399547
-0.47194
-0.47625
1.43708
-0.619426
2.28694
0.294753
1.38074
0.446966
0.812982
-1.22921
-0.509332
-0.0837799
1.3101
0.308073
0.744605
-0.243926
-0.368726
-0.354179
-1.85119
0.622906
-0.396528
1.7871
0.906492
-0.0809409
2.15955
-1.23501
-2.02182
-0.628258
-0.862798
0.795486
1.45993
0.875383
-0.939546
-0.16614
-1.10995
-0.752714
0.0654669
3.03059
0.0200191
-1.61292
-0.932584
-0.723261
-0.190864
0.553907
-1.51099
1.49777
2.00681
-2.41072
0.0161103
-1.05047
0.359671
-0.627526
-0.960753
