1.63493
-1.22852
0.694518
-0.320124
-1.60797
-0.233202
1.25384
-0.639213
-1.23372
0.778135
-0.712092
0.95773
-0.822694
-1.00934
-0.0719314
-1.30203
1.05765
1.00813
-0.926366
1.52444
-0.726056
-0.333457
-0.207507
0.375872
0.530823
-0.0431466
-1.30858
-1.67313
0.166832
-0.192845
0.579325
0.0437223
0.0588693
0.756922
-0.415546
-0.381484
0.487853
-0.137419
0.686699
-0.981458
-0.619413
-0.558313
-0.646144
-0.153672
-1.63493
0.980553
0.767574
-0.739618
0.950287
-0.159035
-0.566079
0.756451
-0.773564
1.54702
1.00753
-0.245255
-0.0506188
-0.00361112
-0.43393
-1.19235
-0.368968
0.873278
-0.117183
-2.55539
1.50313
-0.295438
0.561786
2.29527
-0.599051
-0.201539
0.213453
0.729408
-0.249937
1.16693
-0.14746
0.173939
0.159987
-0.391743
0.539224
-0.87761
-0.740694
-0.391621
0.739085
0.756915
-0.0094294
1.06808
-0.617298
-1.0681
1.72564
-0.277592
-0.741582
-0.068603
-0.707081
-1.12548
0.494777
-1.3471
0.290495
-0.306111
-0.847304
3.27423
