0.743887
0.652901
0.524777
-0.992005
2.69151
0.813849
-2.15294
-0.440977
-0.932832
-1.70335
-2.47749
0.761364
0.232666
1.2407
1.45365
-0.378876
1.41769
2.31678
-0.866627
0.67672
0.279759
0.0174243
0.0360235
0.233693
-0.835053
-1.08644
1.53092
1.19104
0.196409
-2.91253
-0.250539
-0.740305
0.0864212
-0.40951
-0.76994
1.06053
-0.900947
0.0003796
0.380931
2.3635
0.042877
-1.40903
-0.64375
-0.648293
-0.0337804
0.288162
-0.142983
-0.301572
1.63714
-0.683992
-1.11902
-0.55751
-1.10534
-0.658889
-1.27934
1.45401
-0.613129
-2.52071
1.78163
1.36262
0.770899
-0.616813
-0.633767
-1.03136
1.41649
-1.0736
-1.24369
0.210568
0.662285
-0.866042
0.685972
2.16796
1.08191
-0.833237
0.344742
0.349042
-0.445344
-0.792872
0.341002
2.19528
-0.523511
1.58762
-2.26713
1.87881
-0.530019
-1.04166
-0.639576
1.1735
-1.09309
-1.20523
