0.638832
0.19175
-0.198754
-1.17893
-1.04439
0.300247
-0.536543
0.550957
-2.64495
0.187919
-1.06734
-0.18904
-1.69727
0.518056
0.442952
-0.109432
1.78565
1.53645
0.410967
0.42963
-0.461241
0.726888
0.21382
1.2861
0.350584
0.210211
1.5201
-0.719712
0.306696
0.471816
0.107118
1.2902
0.349392
1.17213
1.8648
1.47194
0.625376
1.30803
-1.10663
2.20516
-1.07485
1.39536
-2.04205
0.370482
1.33518
-0.225825
-0.325096
0.404558
0.782009
1.55603
0.102187
1.01342
0.750033
0.694215
0.906797
0.404096
-0.243522
1.51756
0.0801898
2.05741
1.69123
0.78805
0.513009
-0.69388
0.332048
1.35455
-0.0386966
0.324161
0.850082
-0.693789
0.864082
-0.0917912
1.08441
1.32301
-1.50618
0.827053
0.472754
-0.374401
0.220807
0.257859
-1.4888
0.247454
-0.18535
-0.308818
1.01055
-1.45412
0.204467
-1.08037
-2.79707
0.524801
-0.621582
-0.394894
2.02455
-1.76199
-0.569235
1.09384
-0.371737
0.00579036
0.452168
-0.174949
