0.185454
-1.4134
-0.330961
-1.19829
-0.817378
1.1908
0.219977
-1.14409
-0.206144
-1.04726
0.953843
0.24326
1.59544
1.19227
0.050559
-0.243294
1.10568
0.402881
0.581116
0.981912
-0.364056
-0.118661
-1.87771
1.27616
1.40388
-0.973572
-0.831789
1.37149
-0.949738
-1.6938
1.17088
-0.666203
0.698207
-0.165854
-2.45036
1.03403
-1.82766
-0.181883
1.75255
0.119641
-1.3962
-2.32044
-1.82563
-2.07807
0.806933
0.75743
-0.363893
-1.9585
-0.747676
1.84231
1.91463
-0.282066
-0.182327
0.743227
0.730309
-1.20306
-0.670529
-0.757342
-1.00155
0.0122987
1.79911
0.496382
-0.265679
-1.42322
-2.22841
-0.780864
-0.113485
0.0298848
-1.10496
-0.456341
-0.726233
0.177642
-1.4748
-1.18896
-0.549301
-0.919616
0.856577
-0.0398442
2.01798
-0.856733
-0.848646
0.00948101
-0.603626
0.00089126
-0.121823
0.00233942
2.48851
0.569947
-1.39961
-1.0488
