0.237416
1.84885
-0.931752
2.50549
-0.384054
-0.202437
-0.726591
1.81567
1.02631
1.82395
1.34156
0.331631
-3.21277
-1.38
-1.74624
-1.71601
-0.422178
0.0136134
0.694105
0.0445255
1.61712
-0.642289
0.435603
1.57541
0.512865
-0.901773
1.14588
-0.15063
0.819883
0.87727
-0.743253
-0.633726
-1.03031
-1.23555
-1.10154
0.521106
-2.84985
-0.523059
0.839606
-0.158025
0.0956435
0.982423
0.471935
-1.13607
1.01358
2.70964
-0.574272
0.343398
-1.71324
-0.381688
-2.70713
-0.742058
0.776801
-1.41494
-0.409233
-0.215552
0.66442
-0.841704
1.14282
1.46406
0.886154
-0.310685
0.0842743
0.469867
1.07569
1.6948
-1.56083
0.184737
-0.86314
-0.282979
-0.223388
0.130585
0.135582
-0.106421
0.134179
0.571981
-0.461608
-1.21584
0.168714
0.129711
-1.42738
0.778143
-0.381392
1.6076
2.1001
-0.259743
-1.08728
-1.43606
0.948955
1.43501
0.116575
0.268395
0.636408
2.39144
0.725533
-0.866904
0.268485
0.166131
0.00507461
-0.650842
