0.5559
-0.129974
1.01657
0.0745675
0.394166
2.00177
1.55879
-1.30961
1.42948
-2.07177
1.35558
0.117843
1.24914
0.524277
1.22293
0.270417
0.340797
0.384078
0.389846
0.713033
0.978311
1.55303
-0.603525
-0.806605
0.82413
-1.34698
-0.785788
0.0230788
0.387856
-0.0723576
0.652666
-0.7438
1.79395
0.833975
0.919776
0.781953
-1.13563
-0.0318785
1.03047
0.0241124
0.168619
-0.109426
-0.133152
0.355607
-0.666115
0.270803
1.47924
-0.874136
0.0715362
0.144079
-0.456773
-0.662898
-0.573374
0.092924
0.546477
0.680084
0.351622
-2.48423
1.25605
-0.792593
1.15604
0.546873
-1.14231
0.163702
2.00252
-1.52618
-0.493705
0.433391
0.602293
-0.38487
0.837613
-1.89502
2.48728
1.07711
-0.871813
-0.761087
0.946128
-0.980079
-0.227517
0.133603
0.259686
0.434802
-1.31357
-0.615745
-1.28016
-0.121644
0.134371
0.25733
-1.87874
1.02943
-0.136237
0.111244
-0.344582
0.868751
-1.21521
-1.02065
-0.0331941
-1.72618
0.700798
0.471709
