0.866012
0.496316
1.49448
-0.149774
0.100687
0.612045
1.21718
1.29164
0.679728
2.09634
-0.249892
-0.316519
0.633148
1.11852
1.10323
-0.77347
0.112243
-0.708026
0.836652
0.169962
0.353108
-0.0422357
-0.863456
-1.56655
0.221446
0.66252
0.236916
0.708615
0.0814059
-0.273937
-0.756961
-0.141168
-0.740604
1.05054
0.401232
-0.0232905
0.438209
0.769607
0.60424
0.385171
0.892882
0.505378
-0.440317
0.285714
-1.88036
-0.14809
-0.129902
1.54252
0.193958
0.450777
0.165512
0.00511867
-0.400414
-0.62443
1.07603
0.878326
0.479956
-1.22
-0.666519
1.00254
-0.793431
-0.233342
-1.46508
-1.2026
-1.017
0.255609
-0.711513
-0.226793
-1.16954
0.712491
0.88582
0.711297
0.989768
0.131445
2.49314
0.679893
-0.0685824
0.811956
-0.573364
-1.11827
1.12803
0.260885
-0.269737
-0.77075
-0.604902
1.9809
1.52503
-0.622639
1.3149
-0.0244966
0.0161917
2.07037
-0.831288
1.08596
-1.29521
-0.0858125
-0.934571
1.81297
-0.486794
-1.27658
