-1.83135
0.354907
-0.504583
-1.68134
0.0406554
1.68616
-1.37442
0.646338
-0.346359
0.748295
-2.09407
0.884972
1.52984
0.00278212
0.239166
0.654194
-0.763309
-0.600811
-0.990297
0.723933
-0.160693
0.27634
0.296298
-0.788283
0.432879
-0.399984
1.94009
-0.294822
0.366354
-1.44831
-1.06291
1.3074
0.026251
1.42312
-1.20346
-0.850616
1.09963
-1.1215
-0.348695
-0.812122
0.0248176
-3.01618
-1.60416
0.633081
-1.0479
-1.07624
-0.383304
-0.402995
-0.111599
0.0103891
-0.122806
-0.0748908
0.432787
1.10184
2.27947
-0.612317
-1.37281
-0.136835
0.0196463
0.304538
1.12159
0.663125
-0.206733
0.628872
-0.952119
1.13228
0.212539
-0.600943
-0.468703
0.628932
-0.0310333
1.93135
0.0727281
1.73426
0.0202936
-0.611863
1.67393
-0.195613
-0.422195
1.88837
0.535849
0.855757
1.02889
1.7545
0.543993
1.01105
-0.852346
0.150884
0.162703
1.69709
1.53965
-0.561521
0.866863
0.409409
-1.96234
-1.13204
1.76429
0.612233
0.0953024
-0.506329
