0.563725
0.0390398
0.128181
0.198329
-1.06168
0.744256
-0.137032
0.014168
-0.569563
0.358691
-1.13418
-0.624162
1.30455
2.09161
-0.477805
0.455397
-1.00939
2.07897
0.376783
0.961422
0.449496
-0.694265
-0.641625
-1.7964
-0.151264
-0.771158
-1.01859
-1.54538
-1.3044
-0.769765
0.465735
-0.530179
0.377596
-0.695478
0.807509
0.0257653
0.742223
0.703137
1.60157
0.498339
-2.28494
-1.65081
0.44151
1.73845
0.104015
0.263836
2.72073
-0.201071
0.295384
1.20113
-0.754912
0.262297
-1.89844
1.19458
-0.0743404
1.29753
-0.249709
-0.181566
-0.566533
-0.0798458
-0.190238
1.46816
0.912476
-0.00951189
-0.179595
0.471409
-1.08756
-0.00551694
0.858827
-0.894189
0.125844
-1.59203
0.923662
-0.890072
2.66453
1.19622
-0.198014
1.12167
-0.786754
0.0893158
0.0212977
-1.13038
1.34279
-0.906779
0.381306
-0.649453
0.15759
-0.467656
3.59559
-1.49397
0.242677
-1.88201
0.143339
0.0413292
0.454811
-0.668755
-2.0151
-0.590903
-0.978974
0.0673747
