0.106984
-1.58747
1.13449
0.105609
0.245201
-0.65475
-1.25313
-0.573089
0.304137
0.850919
-1.20209
-1.40757
-1.46766
-1.45459
-0.252351
-0.711217
-0.569756
0.235302
-1.27639
-0.912939
-1.68437
-0.496462
1.50036
0.117339
-0.271409
-0.795456
0.493829
0.919222
0.125552
0.857022
0.81984
-1.04571
0.0438655
-0.451206
-0.418587
-0.585612
-0.461592
1.63745
0.0675517
-0.465968
0.35566
0.188637
0.0176549
-1.4035
1.93313
1.14383
-0.423835
-0.00594413
-0.825187
-1.90507
0.931128
-0.586011
-0.779115
1.35233
-1.04642
-0.301543
-0.448471
-0.736335
0.506422
1.63688
-1.81159
-1.30466
-0.0513066
-0.423043
0.0828069
-1.87286
-2.03342
1.46965
-0.700145
0.888897
-1.06217
0.0586797
1.28886
1.24051
0.830839
-0.0507522
0.403675
0.081441
0.462891
0.894476
1.66693
-0.719994
0.0682953
0.240687
2.04467
-1.95247
0.988072
-0.102375
-0.299588
0.2531
-2.09434
0.219081
1.56151
0.138373
-0.612692
1.83131
-0.0125444
-0.269692
0.0200673
0.117854
