-0.542728
0.450912
0.240233
0.439172
-0.0860325
-1.01275
-0.463289
2.49807
-2.00017
0.756183
-0.0626056
-1.08607
-0.866473
-0.446615
-1.1179
1.23418
-0.5654
1.3848
0.131228
-0.835392
-0.159315
-0.0232088
-0.655579
-1.03572
0.207669
-0.156841
-1.24995
-0.785117
-1.33817
0.783489
0.288992
0.505128
1.77981
2.16231
-0.756031
-0.486499
-0.0736625
0.526918
0.547057
-0.557877
-2.21091
1.77436
1.7516
-0.499204
1.04596
1.13868
-0.417649
0.938307
-0.114442
-0.94831
0.760953
-0.419758
-1.59922
0.00366219
0.0508388
-0.633734
0.42588
1.52813
1.29096
-0.32394
-0.713104
-0.902351
0.23319
-0.194663
2.07698
-0.644617
-1.71827
1.29965
1.2562
-0.239874
0.310038
-1.8989
0.519846
-0.175729
0.433241
-0.97022
-1.84006
0.487198
-0.241587
-0.311385
0.32735
-0.0603366
0.91413
1.83859
0.294887
0.720007
0.58377
1.07117
-0.489454
1.21388
-0.529347
-0.0550594
0.315326
0.334417
-0.761308
3.17586
-0.706228
-0.833778
0.374854
0.118451
