-0.888873
0.897391
-0.297994
0.851299
0.263492
-0.114394
-0.516948
-0.539188
-0.193695
-0.828631
-0.579626
-2.13976
-1.25431
0.457778
-0.713098
0.147908
-0.407103
0.872163
0.332123
1.04059
0.868601
0.829558
-0.110493
1.0562
0.357725
0.193671
1.26268
0.136016
-0.426151
-0.656992
0.912704
-2.04146
0.434628
0.358761
0.283807
-0.0978191
-0.146595
0.301903
-1.2979
0.666514
0.0367923
0.832986
-0.153514
1.24423
1.78857
-1.3153
1.46454
-0.657204
1.07288
0.152592
0.0727778
-0.204452
2.39516
-0.227216
1.57747
-0.593673
0.963488
-0.799831
1.73099
-1.03334
-1.61266
-0.0602714
-1.87681
0.0643608
1.5132
-0.184523
0.0144968
-1.40647
0.445709
-0.0562598
0.790418
-1.56156
-1.00715
1.82082
0.81499
-0.00615525
-0.7168
-0.806368
-2.15735
-1.87595
0.0529018
0.51418
-0.362803
0.899343
-0.818334
-1.15144
-1.12917
-0.246562
-0.0235394
1.44719
-0.683899
-0.159517
-0.332859
-2.43153
1.85133
-0.0380086
0.147121
1.05597
0.980495
0.305264
