-0.262242
-0.764475
-0.890107
0.00875777
-0.333885
-0.317359
-0.177561
0.959534
-0.650188
-0.970974
1.73463
0.824221
-0.517686
-0.302268
-1.08029
2.0512
0.0105931
2.05245
-1.12617
0.0603687
-0.194902
0.546553
0.296731
0.489489
0.0939735
-0.518093
-1.97284
0.582264
0.552304
-0.626866
0.704895
-0.964462
0.341679
1.93643
-1.20537
2.04475
-1.59452
-0.512768
-0.414729
-1.04852
0.565212
1.3134
-0.906238
0.831419
-0.561364
-1.16315
-0.587855
-0.898318
-1.91247
1.45815
-1.0052
-0.185655
-2.38661
0.607677
-1.31344
0.893877
-1.19293
2.11943
-0.904474
-0.997986
2.3233
0.27721
1.23974
0.822732
-0.221943
0.384106
0.279176
-0.460163
-0.987219
0.172576
-1.95738
-1.72266
-1.04346
0.611902
1.34171
0.333342
-0.123937
0.00799031
0.704133
-0.300697
0.0723291
0.254783
0.632768
2.27282
-2.43917
0.0176789
-0.709946
-1.16125
-2.78072
-0.434523
0.663211
0.241953
-0.205392
0.569545
0.476512
-1.06259
0.077507
-1.11156
0.281345
-1.7931
