1.46263
-0.54491
1.67111
-0.362476
-0.772601
0.899605
0.217565
-0.461953
-1.17292
0.907848
-0.686033
-3.04393
0.755618
0.430294
-0.929839
0.873368
0.676349
-1.07475
0.982595
-0.3972
-0.253639
-1.55116
0.183243
1.09283
-1.32687
0.458749
0.339383
0.160546
0.400079
-1.10487
1.21283
-0.152065
-0.248328
-0.523875
-0.787344
0.185337
0.816843
-0.856895
0.163093
0.597369
0.376288
0.716636
0.618
-0.00876725
0.0408662
-0.0052004
-0.703388
1.29605
1.04478
0.181804
0.312052
-0.514935
0.255939
-0.498224
-0.506662
1.34164
0.389663
-1.32968
-1.35687
0.695448
0.538767
-1.14762
-0.126227
-1.61716
1.36887
0.490705
0.959535
-0.123932
-0.0394416
-0.855549
-0.576242
0.568874
-0.364051
1.40804
1.45194
1.55683
0.197807
-1.11177
-1.47158
0.539856
-1.2133
1.54817
0.0118504
-0.0681777
-1.07977
0.484043
-0.231414
-1.97832
-0.125091
0.821031
0.00768302
0.319294
-1.72312
0.0144862
0.468298
-0.374769
0.160307
-1.27526
-0.989651
1.28323
