0.849831
-0.990975
-0.408865
-0.978298
-0.311091
0.663927
0.34646
-1.12713
0.269379
0.319538
0.2993
0.74507
0.526216
1.71784
-0.97621
1.6657
2.24884
1.40418
-0.281712
1.12638
-1.21717
-0.505624
0.353202
0.106879
-1.95716
-0.694354
0.719866
-1.11599
-0.595789
-0.0745798
0.378143
-1.02047
0.209991
-0.5918
-0.219686
0.908077
-0.21612
-0.357373
0.376595
-1.90023
-0.321096
-2.47737
0.122345
1.24196
0.716404
0.315014
0.00173386
0.588596
-0.575759
0.46704
-1.39871
-2.16092
1.43034
1.55132
-0.318732
0.682861
0.32543
-0.754979
2.38456
0.195089
-1.32757
-0.849449
-0.501011
-0.600421
-0.615983
-0.562335
0.930258
2.10754
1.08101
-1.37635
-1.25738
-0.395687
2.25954
-0.351017
0.810816
-0.769927
-1.04207
-0.853268
1.39906
-0.364511
0.31647
2.72797
1.36641
0.0756068
-0.0817042
0.0451945
-0.33113
-0.304907
0.996741
0.961474
-0.308766
1.14732
0.735559
0.378028
0.336128
0.0417084
1.36664
0.467136
0.774494
-1.0104
