-0.130496
0.28178
-0.728491
0.646817
0.351352
0.875679
-0.732992
-0.205886
1.89975
-0.779676
0.246254
2.50919
-1.33236
0.506081
0.939313
-1.40919
0.0035473
-0.853128
-0.16703
-0.2123
1.09058
0.648906
-3.40973
-1.23382
0.761305
-2.76532
-0.218011
0.797907
-0.512302
0.475871
-0.0689288
0.0413077
-0.284675
-0.226724
-0.0341579
-1.23825
0.135033
-0.056419
-0.913756
0.789683
0.333772
-0.573368
0.357686
0.897299
1.31607
-0.849503
-0.882456
-0.588899
-1.95985
1.83957
-1.30124
-0.460606
0.588194
-0.253648
1.27523
0.98399
0.261299
0.621564
1.05687
0.429225
1.21262
0.916351
-0.964618
-0.629793
0.452868
-1.85649
0.233323
0.13916
1.16038
0.0012583
-0.360961
-0.981549
2.85583
0.249746
0.981423
-1.59689
-0.12087
0.952677
-0.513154
1.06941
2.20684
0.460359
1.22789
1.40666
0.998119
-2.17956
-0.279493
-0.0296705
-0.694616
0.652083
