-0.456501
1.29705
0.288334
1.18608
0.0924872
-0.50598
-0.819595
-0.0942181
-0.883467
-0.722587
0.00583915
0.335534
-0.325886
0.295625
-0.0261976
-0.568067
-0.597477
0.221664
0.289202
-0.447577
0.851424
-0.711674
1.0959
-1.19333
-0.863006
0.401184
1.54935
-1.7608
0.559441
1.05455
-0.451911
0.48175
-0.462929
0.622103
-0.18646
0.361967
-0.442687
-1.2376
-0.91155
-0.244302
-0.631354
-0.0292245
0.0132289
0.0281741
-1.5994
0.558695
-0.645828
-0.964446
-1.07129
-1.4295
1.42103
0.775256
-0.115123
-0.260026
-0.375212
-0.281966
-0.244847
1.51622
0.488059
0.0536358
-1.63965
0.916833
0.597685
-0.0710965
0.107621
1.71338
-0.787256
1.49374
-0.136053
0.75563
-1.51311
-1.39797
1.28936
-1.39039
-1.03573
0.243774
0.00501932
-0.654305
0.278108
-0.643333
1.65435
1.14508
-1.14747
-1.20728
0.67848
1.10781
1.01834
-0.249723
1.33504
-0.273039
-0.561669
-1.64117
-2.16046
0.164834
0.193678
-1.69874
0.332489
0.267892
0.258539
0.0513038
