-0.255138
-0.802118
0.362245
0.00159785
-0.0954071
0.370057
0.48023
0.370345
1.24755
0.582275
0.413153
-0.212553
-0.725932
1.72584
-0.536173
0.0518005
-0.741127
0.275755
0.924897
-0.42939
0.574205
0.161172
0.545809
-0.409303
-2.65595
0.501992
0.0932646
-1.16695
-1.6036
-1.79251
-1.76114
-0.271295
0.392767
0.531315
0.344259
-2.87838
1.43002
-1.36293
0.434937
-1.1426
1.12029
-0.0175706
-1.27959
0.631404
-2.39768
-0.0241776
-0.288158
0.283576
0.51036
-0.545409
0.237124
-0.42734
-0.371721
0.26382
0.273744
1.79815
-0.44676
3.08554
0.502892
-1.19341
-1.05815
1.51305
-2.46555
-3.43315
0.309303
1.80253
0.8067
-1.95989
0.473465
0.972919
0.363932
0.974804
-0.570928
-0.604744
0.581233
1.03247
1.17038
-0.780876
-0.469309
0.666054
0.351118
0.77311
0.0608897
0.191289
-1.12143
1.73266
-0.285695
-0.327339
1.32899
0.684491
-0.48095
1.63612
-0.832401
-0.245586
-1.08968
0.614359
-0.948436
-0.353895
1.62336
-0.254714
