0.0766927
-0.0950398
0.0515213
0.546643
-1.85923
0.454984
2.86123
-0.927738
0.00456862
0.7601
0.537909
0.616666
0.0692883
1.37455
-0.300742
-1.33702
-1.52145
1.95415
0.775726
1.15135
0.0407885
-1.52013
0.772486
-0.211544
1.51656
-0.480247
-0.970049
1.2644
0.174247
0.328151
-0.779821
0.0912948
-0.833999
-2.3045
1.41255
1.29877
-0.403468
-0.524805
-0.855148
0.966052
0.729729
0.597111
0.369882
-0.617058
-0.597998
-0.417269
0.411996
-1.18676
1.39258
-1.77179
1.40479
-0.922727
1.51532
-0.0210924
-1.25904
-0.909171
0.267044
-0.831995
0.347531
0.456334
0.644256
0.0427079
-0.41251
0.0173038
-0.774725
0.625538
0.414938
0.563623
1.33383
-0.441361
0.0703053
-0.790855
1.14337
-1.11451
0.745639
-0.276407
0.0701567
0.225854
-0.250536
0.327458
-1.23685
0.414861
1.88647
-0.427779
-0.626848
1.39
0.553889
-0.0236259
-0.226019
0.104455
0.0383053
-1.65729
-1.17457
0.0011058
0.302422
0.17124
-0.994414
-0.383921
-1.87765
-0.667703
