1.31372
-0.809297
0.983095
-1.22267
-1.60442
-1.24064
-0.798626
1.08264
-0.316711
1.94812
0.696717
-0.929661
-2.4109
0.0539402
1.20409
-0.193216
0.142271
-2.44619
0.351395
1.00203
-2.0237
-0.375789
1.12722
-0.117333
0.761053
0.525887
0.478176
1.44018
0.782863
-0.826759
2.41528
-0.863269
0.683302
-0.494273
-0.03803
-1.29015
1.68591
-0.723435
0.154398
1.21029
0.778064
-0.224058
-0.280507
0.13648
-0.420845
0.256283
1.09544
-0.306214
0.769037
0.143609
-0.00727747
0.200761
-1.03127
-0.840121
0.804424
-1.0716
-0.549086
0.445502
-0.112607
0.876919
-0.271135
0.308666
0.664864
-0.132247
-0.247099
1.72877
-0.77463
1.29051
-0.668081
1.5706
0.990948
-0.59616
0.45564
0.529852
-0.298846
-0.307145
1.31861
-0.455424
-1.58416
1.47701
-0.221485
0.740136
0.613219
-1.978
0.419245
1.21553
1.04202
0.965013
-0.435298
1.33425
-1.45643
1.6132
-0.679276
-0.12135
-0.291373
0.393074
1.62737
2.08354
-0.413699
0.528264
