0.981679
-0.408722
1.44011
0.697603
-1.46824
-0.643438
-0.460326
-0.269642
-1.57971
-0.401827
-0.824944
1.10061
0.537718
-0.414521
0.0597849
1.61941
-0.685061
-0.356989
-0.106689
-2.53561
-1.02248
0.143018
-0.852376
1.1602
0.72857
-0.479864
0.147895
0.714149
-1.2238
-0.0458943
0.717822
-1.88197
2.08214
1.48
0.884658
-0.0419125
-0.304561
-0.583752
0.406992
0.670202
-0.625899
-0.371163
1.45738
-0.605473
1.06193
-0.0345805
1.42366
-0.585566
-1.33266
1.35289
-0.73841
1.5036
0.635045
-1.54782
0.247771
-0.236279
1.03373
-0.180963
-1.42138
-1.3074
-0.340409
0.126622
0.415042
0.394451
0.535595
0.659252
-0.593117
0.230805
0.458838
-0.152125
1.31541
-3.35298
0.687375
1.0033
0.650111
-0.689138
0.878154
0.948708
-2.5743
0.0900846
1.27235
0.216054
-1.54067
-0.296192
-0.0852604
-1.41255
-0.725957
-0.808501
-1.1193
-1.21026
1.9685
-0.203226
-0.243761
1.50241
-0.953929
-0.577412
-1.09693
0.527713
-0.761909
1.1722
