0.35195
-0.276923
-1.48777
1.08033
0.309925
0.690512
-0.64737
-1.04881
0.973957
-0.221512
-0.681527
-0.321478
-0.806372
0.954254
-0.765591
1.14104
-1.1756
0.12358
2.47035
-0.32526
-1.59794
-1.81167
0.581877
-0.249016
0.377746
0.825362
-1.37705
0.905623
1.76638
1.64495
-1.25876
-1.00663
-0.428314
1.07079
-1.3807
-0.0222973
-0.554531
0.279091
1.22545
0.579445
-1.13067
-0.516837
-1.76033
1.39128
1.39705
-0.865064
0.72832
0.100223
0.300922
0.567157
-1.75683
-0.105407
1.81719
-0.777689
0.871364
-1.26733
2.27896
-0.623871
0.982722
-1.05683
0.173849
0.789671
0.237398
-0.0787882
1.32277
-1.00699
-0.81714
-0.469256
-0.0547077
-1.06488
-0.860323
-0.48661
1.78221
1.4095
0.582429
-1.2678
-0.795186
1.6872
-0.459541
-1.12263
-0.0587015
-0.199801
-2.05611
0.241541
0.346963
1.26514
-0.801063
-0.0231535
1.93608
-2.08315
0.0788096
1.7277
1.36529
0.120577
-0.765414
-0.0791854
1.42344
-0.41502
0.892602
0.105717
