-1.13706
1.53181
0.552738
0.236821
-0.733568
0.656774
-0.0918865
-0.201801
0.00714619
-1.80359
2.12814
0.37521
0.665633
-1.30653
0.312593
-1.25546
1.83978
1.74931
-1.25106
-1.13102
-0.243721
0.431031
1.40561
0.612608
-0.168108
-1.18095
0.589792
-1.49437
0.679892
1.14365
-1.38356
-0.554471
1.54779
0.42322
0.672022
-1.54485
-0.140705
-1.13692
1.02849
-0.788964
0.29867
-1.0306
-1.4437
-0.109998
1.00625
0.314062
-1.3475
0.6345
0.406496
1.45884
0.250846
-0.313855
0.477952
-1.14951
0.586957
1.52281
0.256907
-0.0281562
-0.00128795
0.155693
-0.800093
-0.901044
-0.0774705
-0.298803
0.0120842
0.64779
-0.459192
0.0322638
0.82517
1.62682
0.0767254
0.0886073
0.268804
0.313862
0.488148
0.915367
0.601621
-1.22435
-0.544552
-0.102848
1.01188
0.311679
0.690196
-0.918
0.403074
-0.885561
1.46252
-0.0146654
-0.286566
0.146775
-0.275225
2.85746
-2.59124
-1.03929
0.456429
-1.42521
0.0864924
2.81016
1.45918
0.153792
