-1.92388
1.333
-0.910325
-0.0668968
-1.03437
-0.310527
0.535956
-0.26289
-0.904114
0.778662
0.936804
-1.45888
1.02753
-0.0279239
0.139408
1.72405
-1.21327
0.115156
-0.485569
0.769753
1.30089
1.25786
-0.653588
-0.578965
-0.961433
0.759214
-0.168571
0.632998
1.38014
-1.40752
1.77319
-0.49802
-1.27689
-0.665951
-1.71344
-0.305752
1.16745
-0.17801
0.227813
-0.202808
-0.139766
-0.370298
-0.44237
0.1605
2.6889
1.20944
-0.0870279
0.791952
-1.82274
-0.588405
-0.271622
-1.347
0.583289
-0.508408
-1.0415
-0.233073
-0.208361
0.859193
-0.475877
-0.599476
-2.09474
0.313476
0.8175
-0.676042
0.196846
-0.748841
-2.75927
0.0729693
1.06445
0.915971
0.244867
-0.993146
-0.129253
-0.083527
1.33163
0.449361
-0.66749
-0.965627
0.602544
-0.270207
-0.743794
-1.45047
0.538927
1.72044
-0.228478
0.00570365
-0.00743955
-1.19642
-0.385234
-0.614451
-0.157961
0.0233656
1.88513
0.586454
0.181069
-1.09848
0.202729
0.281505
-0.666988
-1.32221
