0.326708
-0.727173
-1.74552
0.721117
-0.606641
-1.48367
1.03898
2.10471
-1.21228
1.31408
0.450219
1.40413
2.32002
1.54729
-2.06828
0.568236
-0.622153
1.22986
-2.21289
1.0214
-0.995149
0.46435
-0.303582
1.16458
0.430315
-1.72619
0.209059
-0.78457
-0.392789
-0.955359
-1.17254
-1.43149
0.678624
-1.77978
-2.12527
0.870579
-1.00347
-0.355332
-0.175722
-1.59622
0.453522
0.576048
0.995435
-0.408634
-0.727923
-0.774746
2.20013
0.244852
0.061038
-0.572314
1.4184
1.00547
-2.05613
0.0826234
-0.627653
1.09893
-1.0482
-0.599005
-0.477523
-0.53532
-0.170562
0.300446
0.366714
0.492959
1.53435
1.18797
1.25546
-1.21918
0.0719959
-0.0441531
1.95893
-1.12277
3.06345
0.942582
0.884512
1.45161
-0.477958
0.406388
-0.810743
0.0446292
0.946741
-2.11157
0.77483
-0.314659
-0.195743
0.0759865
-0.334978
0.715248
-0.676578
0.921524
1.5261
0.358094
0.711473
-0.262033
-1.64954
-0.474918
0.899709
0.273685
-1.1719
1.72066
