0.870559
0.477616
0.205051
-1.48895
-0.428777
0.437029
-1.29476
-0.0424234
-0.827901
0.189009
1.74413
-0.251022
-0.673864
-0.366337
-2.15734
-1.12074
-0.315536
-0.105079
-2.61212
-0.703293
0.185322
1.51833
1.02445
-0.517469
-0.646674
-0.4255
-0.67878
0.489056
0.409836
-0.296111
1.33439
0.850645
-0.446516
-0.986726
-0.474243
0.414134
2.55231
-0.764453
-0.242505
-0.481162
0.569835
1.14254
-0.49373
0.614636
-0.717639
1.16578
0.93219
-0.58056
-1.18955
2.55791
-1.92859
-1.02434
0.672437
1.4851
-1.03807
0.712968
1.19702
1.41573
0.00969161
-0.0151568
-0.782545
0.945189
0.595631
0.812556
-0.989708
-0.315803
-1.02075
1.94194
0.791268
0.658202
0.130354
-0.362865
1.35918
-0.466429
0.0317999
-0.474514
0.185619
-1.77843
1.27223
0.989362
-0.71612
0.230413
1.05872
0.0953837
-1.9437
0.274732
2.07102
0.711351
1.53448
1.25125
-0.146972
-0.573296
0.236363
-0.703477
-0.539709
1.13952
-0.0662941
0.749178
-0.615469
-0.836443
