1.94713
-0.523998
0.790374
-0.0795821
-1.08059
-0.796744
-1.02861
1.54822
-1.63924
-0.267066
0.690399
-0.654257
-0.933289
-0.138183
-0.642185
-0.28758
-0.887317
0.261986
0.478071
-1.36375
-0.413216
0.668628
-0.531217
3.06697
-2.3444
1.69264
-0.0220917
-0.344701
-0.0411592
0.564075
-0.922802
-0.61822
-0.445231
0.432449
1.24655
-0.336464
0.109945
0.766363
-0.143772
-1.019
-0.306493
1.54832
1.05592
-1.79413
-0.635069
-0.235285
1.00208
-0.489732
1.38293
-0.111935
-1.29703
-0.968688
-1.59648
-0.642374
-0.411432
-0.737011
0.732594
0.113142
1.97352
-2.67568
-2.22672
0.0213076
0.865161
1.16212
1.59745
-0.295048
0.736451
0.815084
1.00953
0.53832
-1.55091
0.45203
0.834981
-0.493283
-0.279577
-0.325508
0.476327
-1.61961
1.28695
-0.62863
0.00635633
-0.550759
1.0947
1.01519
-1.69188
1.10809
1.58863
-1.88977
-0.639735
-0.236649
-0.944985
0.169387
-1.33345
-0.48046
-1.19671
0.498465
-0.211827
-0.148928
0.613094
0.157781
