0.711983
-0.441371
-0.337592
1.28561
-0.773929
-0.0740572
1.68749
-1.16181
0.481138
-2.40235
0.287617
0.185183
-0.0951827
-0.169399
2.11543
-0.603414
-0.0370383
-1.62024
0.646406
0.306932
-0.278359
0.301549
-0.402715
-0.218744
0.0660217
0.728912
0.558979
1.3957
-0.320746
0.238474
1.7926
-0.0663891
-0.637392
-0.18142
0.310109
0.00328902
-0.398074
-0.599164
0.697018
-0.683761
1.49505
0.371732
-2.11793
-0.349681
0.420006
0.433924
1.75344
0.235416
-0.109464
0.345062
-2.37182
0.653139
-0.254377
-0.386022
1.63054
-0.719454
-0.509558
-0.939482
-0.916489
-1.86219
-0.921641
0.232702
-0.91585
-0.294269
-0.141118
1.04395
0.657353
0.550078
-1.20916
1.03709
-1.1901
0.72952
-2.54489
0.78353
0.612995
-0.0844728
0.361523
2.50956
0.0879827
-1.38189
2.20033
-0.698049
0.23704
-1.46624
-0.528505
-0.0862086
-2.36045
0.757154
-1.52775
-1.42692
