-0.289675
-0.269559
-0.781653
-0.193894
0.779424
-0.939011
-1.09263
-0.418381
0.326698
0.511243
-1.64841
-0.346351
-1.5695
1.75066
-0.708498
-1.49557
-1.60985
0.709015
-0.506977
-1.57339
0.724011
-0.113447
0.101525
0.468686
0.417483
0.496854
0.652346
2.8873
-2.80821
0.232852
0.148831
-0.144191
0.846342
0.0753156
-0.0454639
0.183596
0.779645
-0.427071
1.04749
-0.00827704
0.0801326
0.678751
-0.742897
-1.30525
0.759328
0.376263
-2.07825
1.27118
-0.734796
0.992032
-1.21581
-0.141933
-0.135008
-0.86002
-0.848201
-1.99622
1.14
-0.0684025
-0.715924
1.56377
-0.516935
-0.562628
0.56617
-1.81688
-1.48394
0.242319
-0.0733918
0.790464
-0.863245
-0.115063
-0.172304
-0.656519
-1.08939
0.0477432
0.35072
1.55557
-1.18796
0.830103
0.0276719
1.09447
0.402285
-0.34328
0.625811
-0.165427
1.18748
0.341487
0.581997
-0.855516
-2.09331
-0.427805
0.139518
1.25196
0.0902522
-2.57616
1.43231
-0.99664
-0.412443
0.464483
0.421378
0.980387
