-0.501954
0.185686
1.1916
1.71544
0.125647
0.743743
0.259337
-0.511129
1.03349
-0.063698
0.792486
-0.486037
-0.158817
-3.35765
-1.03847
-1.1474
0.659796
-0.99191
0.205823
0.232654
1.26964
-0.797586
-0.53372
1.09066
0.57588
-0.00894606
0.680435
0.749651
0.606136
0.478599
0.298274
0.600982
1.68947
-0.546963
0.577808
0.644387
0.830286
0.477272
0.469351
1.1743
0.575137
-0.566515
-0.591334
1.55363
1.95373
-1.34433
1.73637
0.519745
1.44829
0.0829608
0.461499
0.797451
0.0729777
-0.803445
-0.226959
0.0115279
0.29061
-0.624644
0.00414603
-0.862909
-1.54748
-0.0379568
-0.195706
0.785834
1.96728
1.37593
-0.451252
-2.48694
1.05134
0.173357
0.0459409
-1.9982
-0.15543
0.784077
0.303393
0.532327
-0.349173
-2.2874
0.511904
-0.773752
0.11307
0.52247
0.440068
0.0676406
-0.449344
-0.247554
-1.12577
-0.829963
-1.24869
0.161029
1.0545
0.157586
0.230325
-1.25623
1.38069
-1.14764
-1.46582
0.651996
-2.01058
-1.6232
