0.769229
-0.2766
-0.0589907
0.621653
0.532299
0.228031
0.96485
-1.55009
-0.786333
-0.897755
1.00494
0.563147
0.391882
0.796436
0.014099
-0.546047
1.17684
0.489303
-0.542301
-0.64295
-0.216002
-0.0921311
0.391264
-0.868627
-0.429067
-0.321954
0.196343
-0.562127
-0.385778
-0.356081
-0.428221
0.692746
-1.16471
-0.878917
1.15875
0.0036205
-1.54993
-1.76236
-0.585031
-0.75927
-0.822176
-1.47174
-0.451531
-0.560492
-0.0469968
-2.04945
-0.794249
0.284603
-1.61355
0.972389
-1.13154
-0.949954
-0.644246
-0.469568
0.0617939
0.141839
0.125996
0.0925611
-0.561519
-2.70885
-1.45817
1.17753
-1.08386
0.0465594
1.09877
-0.453864
-0.586032
-0.549625
-1.0926
-0.685104
0.963974
-0.814646
-0.592154
-1.66558
-1.26191
-0.650151
-1.68718
0.125307
1.4549
-0.472693
-1.02203
0.932263
0.274178
-0.802297
-0.049121
1.07221
-0.557696
0.447794
0.788482
0.533496
-0.296119
1.61563
1.37857
0.00088406
0.0963467
-0.155362
0.276375
1.12225
-0.0205452
-1.78111
