0.685972
-0.511294
-1.78502
-1.17891
0.824674
0.164397
-0.416553
1.60623
0.40972
-0.234107
2.40749
-0.38218
-0.98177
0.466135
2.17911
-0.135375
-0.653513
-1.8266
0.114488
-0.823008
1.04616
-1.03261
0.207415
-1.08382
0.588525
-0.679983
-0.0981977
-1.1551
1.10886
-0.541312
1.27296
0.74681
0.707068
-0.331667
-0.531437
-1.21322
1.88183
-0.310748
-0.470548
-0.316578
2.25977
-0.798059
0.0230352
0.294517
-0.780482
-0.394954
0.421931
0.448641
0.828109
1.69256
-1.68671
1.30403
0.999204
0.505056
-0.652492
-1.27444
0.0200487
-0.938544
1.70073
1.48895
-0.500212
1.32297
1.41224
0.145896
2.77101
-1.19079
-0.826101
-0.462544
1.00823
-0.214928
-0.48406
0.432411
0.059288
0.195946
-0.911332
-0.383423
0.654541
-1.01346
0.965538
1.53837
-0.485962
0.033353
1.14825
-0.954391
-2.21674
0.398591
-0.246344
-0.132861
-0.944278
0.707586
-0.385634
0.345411
-0.674341
0.874088
1.64393
-0.457831
0.489006
2.06683
-1.08708
0.347028
