-0.36661
-0.930171
2.55042
-2.75537
1.32228
-0.38609
0.378624
-0.986154
-0.370811
-0.0344699
0.331483
-1.39832
0.370473
-1.28048
-1.47471
1.09254
0.521061
0.581467
-1.52974
0.838282
0.58109
0.61628
-0.0290419
0.259667
-0.712842
0.293023
1.47182
0.87442
0.702354
0.627723
0.387831
-0.0163416
-1.90029
-0.488049
0.234761
-0.641298
0.591769
-0.429253
-2.54886
0.772615
0.0912619
-0.416631
-1.49274
0.43637
0.55936
-0.695958
1.39231
0.680126
-0.0946758
-0.463558
1.0506
0.261508
-0.682782
-0.525958
0.909702
0.772946
-0.48034
1.69997
0.68971
0.53336
-1.09406
0.457572
-0.593638
0.830589
0.976588
-0.63083
1.21523
0.31148
-0.878993
2.0116
0.0693572
-1.41276
-0.949003
2.45981
-0.0358548
-0.889066
0.603567
1.23191
1.07139
0.616796
-1.33072
-0.761691
0.107437
0.209495
0.253177
-0.438923
-0.44861
0.371911
-2.3259
1.38854
-0.423587
0.427863
1.12715
2.19983
0.441074
-0.173534
2.11568
0.960905
-0.14406
-1.78452
