1.90253
0.79646
-0.885226
-0.679263
0.30443
-1.42982
0.284438
1.53977
-0.920798
0.292319
-0.343436
-0.914031
-1.06286
-0.519183
0.436494
-0.540946
0.813931
-1.39279
-2.04745
0.609841
-1.13521
-1.01994
0.975742
-1.4663
0.227163
-0.0555474
0.931206
0.428876
0.915138
-0.734659
2.055
-0.559031
-1.18786
-0.676505
1.0522
-1.40501
-0.427939
1.92635
0.494418
-0.259389
-0.807622
0.301173
0.27638
0.154547
0.578423
0.217395
1.33805
-0.479943
-0.0116029
1.68299
-0.276097
-0.293173
1.58385
-0.212271
0.00766096
-0.786337
-1.06931
-0.698829
-1.48987
-0.773216
-1.02634
1.06786
-0.52727
-0.888779
-0.444207
-1.3779
-0.289021
0.932013
0.294084
-0.647402
-0.345353
-0.62227
1.16971
0.504401
0.0905726
-0.575451
-0.321294
-0.474653
1.50924
1.72532
-0.630938
-0.484139
-0.409898
0.599259
-0.803468
-0.0716292
-1.43625
0.226837
0.746741
-1.09578
0.590324
-0.488376
0.935128
0.861508
0.860472
-1.31497
-1.9236
2.09767
-0.556395
0.0647513
