-1.21932
0.062042
-1.39995
0.640267
0.754643
1.92266
-2.08216
0.684443
0.365226
1.50437
-0.2221
0.569951
-0.824412
0.993592
-0.418139
-0.169358
0.457877
-0.310721
1.58639
-0.0589614
-0.757213
0.0261095
-0.515253
0.102796
-0.476653
-0.277927
-0.157229
1.19332
0.11209
0.391837
0.540494
-0.0444913
-0.333564
-0.661175
-0.96126
-1.01291
-1.79445
-0.953072
0.159109
-0.241455
1.19079
1.14136
0.430502
1.00324
1.30963
0.0442025
-0.0292687
-0.232741
-2.13968
-0.676922
0.563892
-0.757409
1.3407
-0.59772
1.78365
0.578569
1.56632
0.167499
-0.691261
0.267221
1.02901
0.780924
-0.674497
-2.12255
-0.137528
0.679425
0.971734
0.27845
-1.9672
-0.65071
0.144871
0.666553
0.366188
-1.34759
-0.299083
0.193547
-1.41136
1.20412
0.775506
0.074409
2.21564
0.130324
-0.73515
-1.09395
0.00497354
0.0945373
2.21757
0.604934
0.650884
0.916503
0.255985
-0.813604
0.507124
0.886648
-0.294879
0.219176
-1.48921
0.624417
0.400222
0.925169
