-0.664607
-0.915764
0.672703
2.30955
-0.00056254
0.647467
1.08877
0.0466828
-0.276524
0.173443
0.349199
1.22197
-0.169593
-0.42056
0.874958
-1.71951
-0.288416
-0.08752
1.06966
0.133345
1.15631
-0.280478
-1.92517
-0.0250164
1.50646
1.21001
0.176947
0.519821
-0.120667
-0.989099
-1.54218
0.681642
-0.848145
0.837153
-1.2649
-0.497922
0.0936685
-0.246638
-0.198805
-1.43862
0.0681252
-1.35182
-1.95478
0.511711
-0.155478
-1.38415
0.8066
0.534502
-0.836908
-0.357493
0.262542
-1.05065
0.441272
-0.46863
0.767494
-0.841638
-0.716162
1.65829
1.20204
-1.87698
0.0105547
-0.373142
1.40485
-0.913034
-0.983819
0.205932
-0.971588
-0.404154
-0.197319
-0.383892
-1.08744
0.462363
-0.569052
0.855765
-1.17678
0.911553
0.00139164
-1.57742
-0.434098
1.91106
0.813829
-0.0467679
0.609552
-0.314777
-0.65857
1.07703
2.05588
-0.0544184
0.366578
-0.320825
0.0915849
0.144845
-0.644902
0.175066
-0.463414
0.00090801
0.192823
-0.471944
0.583913
2.28453
