-0.151407
1.12831
1.86489
-0.933276
0.760093
-0.0454619
-1.03314
-0.43929
-0.747968
-1.71492
-0.166415
-0.47341
-0.761708
-1.3518
0.780198
0.135534
-0.615209
-0.704315
-0.337895
0.676083
-1.9714
0.389446
1.8136
0.504479
-0.537299
-0.556422
-0.448843
2.51997
-0.921945
0.643043
0.648563
-1.03236
0.0537787
-0.749513
-0.193576
0.28064
1.38848
0.561436
0.466489
0.126332
-0.561727
-0.594549
-0.445487
0.954325
0.721029
0.423363
0.500351
0.343406
2.219
1.16375
-1.3963
-0.22304
0.229978
-1.04187
-0.574944
1.77986
0.476937
0.897431
-0.456978
0.274712
0.617983
-0.5243
-0.767169
0.0880639
0.186639
0.590638
-0.434055
1.28424
-0.619034
0.791718
-0.0023011
-0.880342
1.33274
-0.811449
-0.79912
-1.25197
-1.35796
-0.0861257
0.1789
1.00636
-1.15998
2.49582
1.13093
0.925468
-0.248256
-0.759887
0.304095
0.278721
-0.175852
-0.0681184
-1.501
-0.613593
-1.20535
-2.36002
1.13609
0.0421074
-0.60649
-0.977382
-1.89295
0.684837
