-1.35528
-0.413981
-0.925854
-1.08054
-1.07607
-0.446389
-1.12664
-0.084338
1.53979
1.06259
-1.28005
0.663274
0.63064
1.13022
-0.469989
0.858278
-0.719249
-2.00772
-0.453946
-1.27232
-1.23824
-1.18577
0.570213
0.10177
0.218635
-0.466143
-0.570734
-0.402423
-1.8692
0.230717
-1.01036
-0.505545
0.168238
0.340085
-0.660689
-0.577247
-0.416997
0.54746
0.283106
-0.596832
0.486083
1.45152
-0.434323
-0.0847617
-1.10043
-1.4536
-0.784378
2.45215
-1.45714
-1.07136
1.08515
-1.78187
0.799117
-0.308999
-0.671345
1.05781
-0.431102
0.96132
-1.6448
-0.686001
1.49326
-0.462858
-0.427578
-0.167875
0.712879
0.272106
0.33375
-0.254126
-2.7069
1.59094
1.79737
-0.316508
0.0538704
1.63153
0.40304
0.803353
-1.55991
-0.306657
0.174071
0.58943
-1.51481
1.99524
-0.70774
1.97902
-0.0382143
0.115467
-0.320213
-0.451514
-0.758641
0.282466
-1.05093
0.685808
-1.38138
0.531699
0.629334
0.11473
-0.288359
-0.504727
-1.627
0.0655641
