0.158361
-0.450257
0.55909
-0.899607
2.76088
-1.14139
-0.841444
0.973257
0.94389
-0.465862
1.11659
-0.780037
-0.301886
2.30864
-0.760397
-1.80683
1.20941
0.606818
0.00356279
0.588787
-1.20447
0.59061
-0.366324
1.27065
0.757423
-0.00946892
0.220419
-0.605561
-1.08499
0.114605
1.48367
-0.181873
0.706468
0.380131
-2.01437
-0.346283
-0.220916
0.685413
1.64554
-1.0485
-0.700209
-0.300129
-0.335391
1.26127
-0.00087881
0.10248
0.961274
-0.109624
0.952462
0.311388
-0.698604
1.44164
-0.874993
-0.238615
0.994387
-1.01634
-0.498012
-0.67182
-1.17755
-0.881331
-1.84973
-1.77852
0.427528
1.9778
1.16105
-0.183172
-1.00623
-0.00968193
0.391834
0.860764
-0.654845
0.563802
1.15816
0.719118
-1.09586
-0.689298
0.162225
1.8925
0.0852743
-1.09945
-0.0361741
1.32539
-0.257833
0.344687
-0.0780607
0.530333
-0.104027
-3.10531
0.862199
-0.230195
