-0.677503
0.578042
-0.133258
0.758304
0.125678
0.289285
0.272651
-1.20721
0.694293
0.159689
-0.666245
-1.27855
0.0340248
2.37988
0.366747
-1.73652
0.073985
1.13592
1.28597
-2.30772
-1.33289
-0.453299
-0.233718
0.484522
0.670959
-0.368923
1.01715
1.49972
-1.58668
-1.5656
-0.260735
0.395059
1.61876
0.699752
-0.407382
0.184391
1.68095
1.33001
-0.0982841
-2.40416
1.79252
-1.44559
0.438555
0.0891203
1.53673
0.326026
1.17411
-0.331271
0.773672
2.13373
-0.142062
0.854771
0.103577
0.00818995
0.249731
-1.86613
-1.56418
-0.421379
0.8166
1.31755
1.43404
-0.553084
-0.276032
-0.695523
-0.0317934
-0.768756
-0.188636
0.234852
-0.322208
0.61059
-0.565389
-1.59343
1.08002
0.757954
-0.951599
0.177155
0.275275
1.51294
-0.657775
-1.9029
0.250429
1.63182
1.03202
0.383266
0.0765658
1.31497
0.246022
-0.282339
0.556972
0.8589
-3.65618
1.41979
0.84346
0.0425317
0.942657
2.80394
1.36066
1.01682
-0.93336
-0.0127056
