-0.205987
-0.144421
-0.139745
0.368598
-0.0903146
-0.21074
0.631094
0.412185
1.11426
0.0555486
0.188297
0.389587
-0.0149725
-1.29201
-0.60141
0.0303422
-0.0380459
-1.06254
-0.232197
0.326793
-1.91868
-0.997089
1.10769
-0.125456
-0.638711
-1.44588
1.29363
0.9031
0.272424
-2.75684
1.83192
-0.781636
-0.0766181
1.74913
-2.12454
0.955971
-0.303194
0.0505066
-0.227774
-1.63544
0.331006
-0.542019
-1.25017
-1.17404
-1.8359
-0.724966
-0.244298
1.18334
-0.127713
-1.0658
-1.02983
-0.177821
-0.0979644
-0.558925
1.01401
0.622042
0.308269
-0.456911
-1.2829
-1.38953
-0.443953
-0.447045
-0.467961
0.412811
0.75807
-0.543223
0.824036
0.858391
0.488959
0.743572
-0.988646
-0.224364
-0.129888
0.655293
0.606754
0.841686
0.957306
0.0795192
0.678951
0.243922
-0.412108
0.22127
-1.74718
-0.369635
-0.319776
0.805957
-0.0864445
1.3309
-0.450343
-0.75821
-0.306858
0.500095
-0.911954
0.489571
0.463258
-1.40853
0.93996
0.945018
-0.579458
1.87968
