-0.171033
1.12517
-1.44167
0.708053
1.97068
0.301625
0.483192
-1.35978
-1.14754
0.386145
-1.64848
-0.423503
-0.647692
0.762417
-1.16639
2.38357
-1.51966
-0.462199
0.290719
-0.329818
1.13944
0.993191
-0.685511
-0.0821857
-0.185693
0.0427782
-0.852281
0.0908692
-0.761498
-1.12212
0.841007
-0.34347
-1.54363
1.46435
-1.33884
-0.278896
1.42539
1.39599
1.19845
1.24023
0.685173
0.524757
1.21909
0.591566
0.345628
0.403584
-0.871636
-0.0419691
-0.214979
1.12924
-0.152742
-0.393493
-1.61228
1.37873
-0.501527
-1.24654
0.154028
-0.313426
-0.0832363
0.0108063
-0.241338
0.225132
-0.530525
1.22635
-0.421991
-1.46565
0.0565419
-0.595766
-0.317079
-0.0738033
-0.128379
0.486092
0.11641
0.261131
-0.799375
-0.898212
0.977722
-0.457922
0.0413167
-0.582376
-0.886362
1.50653
0.69914
2.02766
-1.02204
0.689485
0.588863
1.20403
-0.355622
0.168804
-0.980102
0.84187
-0.330571
-0.724051
-0.0168355
0.064254
1.45256
0.957289
1.61812
-1.01058
