-0.999734
0.485031
-0.262873
-1.03204
-0.517237
-0.866978
-1.09478
0.627295
1.83295
1.18273
-0.0843705
0.746057
-1.70895
0.0507539
2.85871
-1.9762
0.725364
-1.73873
0.32685
-1.91268
1.07375
-0.426108
0.296049
-1.29037
-0.355872
0.261554
0.0291651
0.823773
0.639334
-0.963992
1.54071
-0.533056
-0.278182
-0.293351
-0.455726
-1.84062
-0.305781
-1.16357
1.35792
-0.251147
-1.69114
1.2475
-1.82472
1.37826
0.834591
1.29753
-1.32586
-0.333243
1.92184
-1.31521
-0.12418
-0.366683
0.505409
1.85824
0.510561
-1.43354
0.541386
-2.40001
-1.30808
1.33522
0.271189
-1.58978
-0.123545
2.06664
-0.0218041
0.0513592
1.40217
0.307893
-0.781434
-0.171727
-0.833629
-0.0928612
-0.12776
0.793816
1.1469
1.79106
1.59065
2.10042
-0.957123
1.1146
-2.18719
-0.256828
-0.737272
1.04746
-1.08103
-0.111641
0.253831
-0.122166
-0.0985257
0.582481
0.0477662
1.43278
0.377176
-0.39357
-0.304533
1.6419
-0.173376
-0.173709
0.615603
-0.747933
