-1.615
-0.780586
0.489477
0.315312
1.2006
-0.973435
0.664557
-0.535233
1.19785
1.15
-0.208691
-0.576592
-1.97142
-0.448807
-0.0641634
1.93887
0.0943178
0.908793
0.558998
-0.536658
-0.0635127
-0.425955
0.757792
-1.17544
-0.529835
-1.09126
-0.053635
0.456627
-2.19209
-0.00760417
0.618048
-0.562169
0.573502
-0.209474
1.76107
1.43064
1.70712
0.177764
1.6634
-0.237733
-0.104514
-1.44118
-1.41949
0.598574
-0.157344
2.14503
0.910218
-1.23212
-0.642667
1.55332
0.364444
0.161099
0.574268
-0.51724
-0.834002
-1.74605
-0.620062
-0.116363
-1.03205
-1.53619
-0.949062
-0.345071
-0.48307
-0.0944371
-0.336436
-0.308952
0.481179
-0.380389
-0.471961
-0.563442
0.625013
-0.616613
1.62044
0.00746735
0.808959
-0.954874
-0.905208
-1.23746
-0.822655
1.42842
0.320668
0.740538
-0.586795
-0.758344
0.885166
-0.949398
0.696944
0.14152
-0.808192
-0.233946
0.593901
0.523482
0.487699
0.0969377
1.34653
-0.131618
-0.380773
1.64395
1.03977
-1.24416
