1.58094
-0.473837
-1.23305
-0.12701
-0.764117
-0.898667
-0.992085
0.214049
-2.01708
-1.12016
-0.955967
-1.23194
-0.946797
1.8707
1.60847
0.235449
0.600321
1.86496
0.413787
-0.27369
-0.818196
0.324798
-0.517918
-0.587022
0.842623
-0.15426
-1.0255
1.32578
-0.0155843
-0.700743
0.846152
0.619761
0.218667
0.920661
0.144658
-1.01708
0.0419578
0.829642
0.460156
-0.670756
0.891797
-0.394688
-1.04152
-1.16115
-0.360379
-2.34714
0.356835
1.03292
-2.14029
-0.050712
1.06647
-0.219034
-1.00071
0.625605
-0.130046
1.39658
0.00277436
-1.55803
-1.67538
-1.47602
1.2303
-1.29019
-1.22062
0.711591
3.16868
-1.0372
-1.73553
-0.530852
-0.296905
0.0474511
-0.676384
0.280135
-0.398019
-1.28689
-0.729424
0.094466
0.870333
-0.937296
1.33207
-1.2515
-1.3547
-0.607685
0.295451
0.00393824
-0.619185
-0.266085
-0.47916
-0.797054
0.497594
0.207376
-0.934428
-1.89189
0.721098
-0.928154
1.17456
-0.280168
0.968981
0.400266
-0.99752
-0.553637
