-0.490662
1.60928
-0.272574
-1.45456
0.39063
0.279869
-0.114316
-0.176655
2.28627
-0.852417
-0.405091
0.544108
-1.14114
-0.946563
0.758075
0.202588
0.255759
-0.368894
-0.08136
-0.546247
0.801465
-0.602201
-1.74016
0.727161
-1.16032
0.602476
-0.915506
-1.24204
-0.0777029
-0.548001
-0.844488
-0.0654015
-0.485769
0.646161
-0.403797
0.95327
-0.473655
0.556322
-1.49744
2.02788
-0.445834
-0.109678
0.0847649
1.64099
-0.184358
0.796174
-1.62354
1.52179
-0.63149
0.505876
-0.422975
0.509742
0.641274
1.32177
1.20967
-0.195926
2.04385
-0.339858
1.15674
-0.542358
0.345286
0.671583
-0.868517
0.541828
-0.387228
0.42394
-0.295767
0.121025
0.268168
-0.666103
0.367988
-1.6903
-0.12936
-1.26058
-0.826337
-0.148712
0.781812
0.739587
-0.029182
2.29381
-1.20431
0.813189
0.679476
1.63252
-0.757504
0.414701
-1.41828
0.40795
-0.0374728
-0.855517
-0.869215
0.513381
-1.63054
0.0407011
-1.61847
0.304971
-0.719773
1.14458
1.85831
-0.972536
