-0.620638
-0.508129
-0.666996
0.23191
1.92267
-0.70999
-0.417654
-0.644492
-2.31621
0.189169
-1.11009
0.0969579
-0.446095
0.483187
0.330972
-1.60273
-2.58717
-0.229171
1.52432
-0.753381
0.330782
-0.576691
-0.484995
1.6859
0.107552
-1.49493
1.61685
-0.233059
0.793678
0.747472
-0.502672
0.551738
-1.0516
-3.74544
1.9252
-2.12899
-0.306652
1.25818
1.21481
1.18683
1.43567
-0.0755876
0.235532
-0.706394
2.20951
-1.85945
0.716043
0.172614
-0.447962
-1.11808
-0.971788
-0.642539
0.851203
-0.113581
-0.979999
2.04447
-1.91462
0.409602
-0.824742
-2.24445
0.990485
-1.00437
0.639502
1.54047
-0.327429
-1.51474
-0.019678
-0.35743
-0.114977
1.76676
-1.33205
-0.199277
-0.74216
-0.00479138
-1.30059
0.123686
1.07243
-0.634911
1.14566
-0.535031
0.04526
-1.13175
-0.906801
0.408892
-0.146078
-1.92857
-0.169989
-0.624573
-0.83623
1.55037
-0.0840273
0.8441
-0.251999
-1.18972
-0.0531669
-0.178363
-0.0859933
0.0493022
0.21913
-0.755662
