-1.10178
-1.48841
-0.432082
0.614656
0.500081
-0.458863
-1.55747
1.19902
0.212175
-0.370476
-0.182831
-0.926674
-0.224695
-0.165521
-0.719691
1.06365
0.943186
1.95794
-0.102772
0.831043
0.103187
1.18386
1.02697
-0.173405
1.98762
-0.256351
0.257708
-0.0497711
1.79642
-1.21628
-0.334869
1.10459
-0.355939
0.747708
-0.345436
1.85207
0.532832
-1.03363
0.844423
-0.725315
0.363701
1.15284
0.949682
0.852266
1.24781
2.00987
-0.140702
0.563928
-2.62625
0.429223
-1.06318
0.136275
-1.30839
0.54798
-0.33039
-0.901362
0.166027
1.25996
1.31476
-0.196914
-1.33003
-0.84033
1.10538
-0.199481
1.23655
0.521217
1.40626
-1.48989
1.24768
0.203113
-0.999963
0.464135
0.948954
-1.22913
0.617429
0.157204
-0.630144
0.550889
-1.30902
-0.228468
0.148672
-1.48458
-0.862937
0.722797
0.396481
0.280179
1.41994
-0.957223
-1.10215
-0.0897861
0.109519
0.747356
-0.159964
-0.978249
-1.40333
-0.0474759
-0.874363
1.32756
1.41903
-0.759258
