2.03473
-0.774511
-0.322493
1.16084
-1.35972
1.10309
0.905999
-0.835763
0.849805
1.04533
0.29451
-0.424136
0.40543
-1.0433
-0.631158
-0.274068
0.466565
0.0867197
0.50638
0.429182
1.64164
-0.466657
0.0417053
-0.0970472
-1.48598
0.301788
-1.17116
-0.788137
-0.818992
-1.03628
-0.455883
0.263759
0.371525
0.187748
-1.73928
-1.95327
-1.06265
-0.573451
-1.64844
1.25255
0.16331
2.05982
-0.990756
-0.219422
-2.08068
-0.360327
0.820941
-1.02335
1.27527
-0.395831
0.881142
0.318102
-1.27131
0.694072
-0.197289
-0.816373
1.5254
1.1854
-1.32279
-0.836155
-1.62889
-0.0784782
-0.328963
-0.592533
-0.437122
0.467338
-1.76636
-1.18758
-0.115717
1.40598
0.189891
-0.784906
-0.2951
0.811599
-1.02885
-0.186269
0.331789
0.246288
0.827316
1.37391
1.61972
-0.260529
1.10109
-0.108679
1.14026
-0.168206
-0.771357
-0.542291
0.996807
-0.906899
-1.40095
0.300781
0.256381
-0.800526
-1.73973
-0.395715
0.850044
-1.05484
2.41696
-2.18386
