-0.710363
1.46642
1.94777
1.86011
-0.542474
1.46856
-0.95341
1.0626
-2.29408
-0.427827
-0.364548
1.08428
-0.0868338
-1.22926
-0.186434
-0.860906
0.806468
-0.461371
-0.939206
0.747108
-1.219
-1.47964
0.00267306
-1.26098
-0.888421
-0.101922
0.0422994
-0.05168
-0.778441
-1.23814
-0.977419
0.191889
0.0124224
0.347638
0.695007
-1.56382
-0.789795
-0.682894
0.544702
-0.0421727
0.114819
-0.347029
1.00732
-1.90864
0.563059
-0.146139
0.687791
0.18672
0.899391
-0.686465
0.376247
0.657148
-1.84641
0.0913956
-0.771527
-0.378139
-1.26336
-0.319998
-0.651908
-0.0947555
0.745695
0.0611203
0.540146
-0.765944
0.0456534
0.433704
-1.51134
0.240292
-0.50332
0.462529
0.404322
1.66351
0.351732
1.79823
-0.0880139
-0.87295
1.84923
1.39265
0.810477
-0.789332
-0.173092
-1.97134
-0.438571
0.266821
0.12055
-0.354925
0.911757
0.492601
0.520485
0.74846
1.45417
-0.948827
-0.317743
-2.62719
1.44882
-0.311066
0.377757
-1.363
0.0463772
1.10907
