0.834781
0.54137
0.0632671
1.26295
2.97098
0.563604
-1.3068
1.00982
0.0656304
0.379248
0.502556
0.28452
-0.953737
-0.646439
0.346885
-0.605221
-0.136504
-0.403336
-1.2207
-0.835473
-0.135015
-0.703293
-1.55876
-0.4136
0.599566
-0.932752
-0.164098
-1.34996
0.0510895
-1.11685
1.09541
-0.641162
0.969184
-0.922907
-1.88086
-1.24521
-0.752372
1.52083
-0.292693
-1.5645
-1.3244
-0.117809
-0.184372
0.072543
0.0650454
1.25333
-0.0508449
0.618225
-1.16662
0.823777
0.292266
1.87545
0.23319
1.43774
-1.67356
-0.727489
0.114887
0.741153
1.09855
0.380673
-1.33349
0.545457
-0.826246
-0.301555
0.298452
0.767634
1.2893
0.66504
0.495744
0.583848
-0.586393
-1.72035
-0.528833
0.253846
-0.628862
-2.18062
0.209834
0.781296
-1.18394
0.242856
-0.126442
0.374354
1.24251
0.392846
0.74857
0.219913
-0.74562
0.106249
2.04744
-1.36369
1.74545
-0.39223
-1.15873
-0.477175
0.223225
-0.0983516
0.453996
-0.0956049
-1.85669
-0.591678
