-0.736629
2.04731
2.04096
1.54411
-1.76971
0.00606917
-0.800507
-0.226322
0.770203
0.679047
-1.40227
0.515604
0.0222953
0.559079
-0.582116
1.85563
0.746819
-1.71078
2.43266
0.116102
-2.26539
1.11507
0.676363
-1.6392
-0.101289
0.315039
-0.338386
0.179272
-0.742068
-1.40283
-0.21501
-1.12173
0.251649
-2.08388
0.376164
0.00653354
0.394876
-1.81317
1.75942
-1.25915
-0.0656632
0.372164
0.73637
-1.21461
2.10328
0.642332
0.161613
0.06959
-1.08769
-0.610096
0.31561
-0.357526
-1.4617
-0.175882
0.114958
-0.682889
0.135106
1.86832
0.113676
1.25023
-1.70376
0.72402
1.86531
-1.99009
-1.24066
-0.113001
0.168138
-0.294811
1.47585
-1.1402
0.430197
-1.28585
-0.386117
-0.89788
0.735679
0.0512905
-0.661917
-0.632611
-0.507314
-0.206897
-0.432953
1.02194
1.17349
-0.707606
-1.09846
-0.643164
0.220319
-1.0505
-0.589805
0.0123591
-0.416076
-0.309794
-0.0870834
-0.694506
-1.59696
-0.938259
0.529808
0.847806
0.539228
-0.125233
