-0.0482717
0.29593
-2.336
-0.71815
0.482008
-1.34129
-0.255675
0.974297
-0.316468
-1.27723
-1.74793
0.320866
0.133923
0.0837211
0.129798
1.23579
-0.271519
-0.600274
-0.76754
-1.99937
0.220677
-0.0981951
0.637841
0.163241
-1.69484
0.750279
-0.24326
-1.95405
-0.706398
0.7111
-0.0669916
-0.157054
-0.316597
1.29151
-0.313822
0.35144
-0.989931
1.0287
0.497716
-0.693192
-1.996
1.9702
1.46237
0.308256
-0.557936
0.142631
-0.134685
0.693428
-0.521271
-2.8252
0.116698
-0.956731
0.351045
0.954465
0.735371
-0.702767
1.73042
0.64074
1.20908
-1.13218
-0.584076
0.236656
1.11008
0.815018
-1.27379
1.0261
0.927173
2.09667
-0.567076
-0.238391
0.936781
-0.531751
-1.01473
-0.0663764
0.798105
-0.257796
-0.177891
1.39012
-1.39242
-3.20419
1.60233
-1.29659
-1.68543
-0.297701
0.0575364
-1.33269
-1.10869
0.958911
-0.886819
0.444277
-0.826978
0.535316
0.661082
-0.0840306
-1.28921
1.80915
-0.470855
0.838071
-0.306267
0.51455
