0.173504
-1.73198
1.06921
0.452568
0.693678
-0.692294
-1.10821
-0.67325
-1.72541
-1.15796
-2.15846
0.317971
-0.0265483
-0.0388304
0.908753
0.220462
-0.933085
-0.885804
-0.548973
1.23723
-0.355562
0.745723
-0.487187
0.837707
-0.708589
2.19112
-0.287653
0.0823851
0.508452
0.076472
0.0999226
0.343986
-1.66076
0.223491
0.748902
-1.40438
-0.372139
1.26141
-1.13775
-0.10448
-1.61377
0.446936
-1.24787
-1.37493
-1.09736
-1.52794
-0.885489
-1.84794
1.06458
1.31339
-0.750475
1.41564
-0.574773
-0.94023
-0.71569
-0.110662
-0.330126
-0.0549596
1.24023
1.25352
0.141859
0.291708
-0.238537
0.32222
-0.265468
-0.615779
0.453308
0.964821
-0.604458
1.06871
2.63556
0.257784
-0.142593
-1.70774
-0.950684
-1.14668
0.724532
0.533
-0.553855
0.302961
0.308717
0.650537
0.771864
1.3322
0.522078
0.614242
-0.532986
-1.16008
0.947005
-0.0940465
-0.207726
0.984248
0.0258239
-0.925332
1.7751
0.900818
0.0110724
-0.744438
0.864343
0.383702
