0.543386
-1.00279
0.918897
0.115346
-0.183792
0.878923
1.21649
-0.417184
0.404965
0.285406
-0.473079
-1.38004
-0.473286
-0.774656
-0.210461
-0.326378
0.292864
-0.388939
2.3259
-1.65202
-0.986257
0.136065
1.50043
-0.542361
1.0331
1.32702
-1.3011
0.310959
0.689804
0.0305786
-1.12402
-0.00482039
-0.806189
-1.28693
0.323193
-0.96095
0.10261
-0.0514163
0.760083
-1.21807
0.618564
0.0388398
0.0888898
-2.61263
-1.15458
-1.43028
-0.309619
-0.258328
1.60271
-0.00937226
0.237983
-1.16502
-1.64814
-1.27898
0.945539
1.26543
2.14304
-0.946929
0.0279919
-0.0598416
-0.799522
-0.180346
-1.37908
1.77394
-0.635306
1.21238
-0.0987822
0.700742
-0.271873
0.50064
-1.23321
0.302666
-1.39982
-1.626
-0.93839
0.514795
0.094769
0.713219
-0.237279
-0.923907
-0.052323
1.46741
-0.182861
-0.160527
0.324742
-0.323228
-1.19868
-0.448869
-0.252071
-1.9287
-1.01869
0.284731
0.465529
0.453003
0.510883
-0.704445
2.2466
-0.279902
0.288059
0.732951
