-0.0527974
-0.0647569
1.74218
0.108921
-1.26518
0.765007
-0.423061
1.28429
-0.00094935
-0.530132
-2.01979
0.611383
1.33653
0.460017
-0.251424
-0.698638
0.163431
1.39951
-0.870851
0.470944
-1.8069
0.0245968
-0.689658
-0.703642
1.83293
-0.562587
-0.493553
0.547525
0.826556
-1.06731
-1.60642
-0.461949
-0.539122
0.317639
0.0375085
-0.569782
0.62103
0.915614
-1.07804
-0.243781
-0.142899
-0.532359
1.65401
1.30007
-0.0859516
-0.931964
1.42607
-0.301072
0.226376
0.654141
0.593754
0.183828
-0.159322
-1.45494
0.00193574
0.457049
0.683188
1.18598
0.947262
-0.316132
-0.573107
-1.03674
-0.0777104
0.21462
0.316835
-0.405369
-1.87487
0.865068
-0.0948118
0.778318
-0.509926
-3.13617
-1.4461
1.29306
0.198497
2.07099
-0.196224
0.243295
-1.05033
-1.50131
-2.56714
-0.387636
0.649639
-0.54242
-1.66266
-0.322067
-0.461942
-1.17089
-0.225842
-0.763247
-0.546686
0.866346
0.216084
-0.186607
-1.54617
-0.00606361
1.44968
-1.4012
-0.919428
-0.650445
