-0.305143
-0.157455
0.0336676
-1.32787
-0.694301
0.0311915
0.0958847
0.523716
-0.841645
0.378842
-2.37237
0.0872397
-0.0991557
-1.41784
0.530189
-0.48365
-1.57483
0.591211
0.995979
-0.429892
0.512144
-1.45843
-0.194613
-0.610183
0.076533
-1.23317
-0.362756
-0.286426
0.505658
1.0872
-0.357453
0.232946
1.51759
0.620383
-0.492065
-0.396021
0.316091
-1.60999
0.504556
-0.433989
-0.762867
-0.699994
-0.390405
0.366652
-0.202592
-0.0674274
0.18185
1.49877
0.145908
-0.209351
0.110673
-1.14465
1.44046
0.705245
0.603579
-1.34574
0.70441
-1.20719
-0.0620857
0.440728
-4.00668
0.997933
0.0486517
-0.153275
0.763884
0.321994
0.0560683
-1.94128
-0.62783
-2.11832
-0.640502
1.04142
-0.575032
-0.884226
1.76659
0.408392
-0.218247
-1.32995
0.874292
-0.571943
2.32528
1.20005
1.37714
1.67665
0.730803
-0.685527
-0.510916
0.64416
2.4109
-1.53384
1.9156
0.0334341
0.843688
-0.222369
-1.626
0.316418
-0.663026
0.890743
-0.0296879
0.88737
