0.179204
0.35253
-1.37912
0.56932
0.534606
0.0405984
-0.512677
0.148193
2.13508
1.26912
-0.833121
-1.81656
-0.0834056
-0.0567981
1.39736
0.28324
-1.28459
-0.511926
1.0618
2.41683
0.870662
-0.454203
-0.833191
-1.50685
0.407733
-1.40256
-0.263173
0.990407
-0.163025
1.47975
0.324102
0.929733
0.124345
0.791433
-0.687544
0.789694
-1.53248
-1.11187
-0.692066
1.07385
1.47026
-0.430819
-0.301776
0.0235148
-0.698225
2.23663
-0.420666
-0.66581
-1.20196
1.87788
-0.4027
-0.215205
-0.973796
0.708322
-0.101047
-1.04416
-0.0856901
-0.895272
-0.196052
0.851002
-0.0975455
0.647834
-0.0391217
-0.914372
0.683445
1.2782
-1.30002
-0.219591
-2.13031
-1.3406
2.27342
-2.54608
-0.340245
-1.5373
0.319116
-0.659615
0.72841
0.732909
0.018386
-1.55995
-0.564907
0.146579
-0.37327
1.37687
-0.595884
-0.993889
-1.0364
-1.51337
1.50114
0.733123
-0.905942
-0.181834
0.360233
0.988359
0.0512911
