-1.24458
1.74646
-0.0976609
0.259882
-0.731546
-1.7798
0.559243
-0.139313
0.781299
-0.4732
-0.215078
-0.646716
0.26976
-0.0628605
-0.884969
-0.442809
-1.01863
1.30606
1.07846
2.00535
-0.342047
1.41915
0.056948
0.0761117
1.15464
0.165807
-0.909562
-0.276037
1.9167
1.38812
0.681722
-1.58784
-0.00327221
0.687456
-1.65791
0.48238
-0.0203507
-0.392284
0.448505
-1.1165
-0.338569
0.631956
0.34882
-0.145632
0.67915
-0.829496
0.118002
-0.680444
-0.556981
0.213972
-0.31467
-0.275447
0.292865
0.246128
-0.0399171
-0.540791
-0.313119
-1.48892
0.210031
-0.235418
0.668731
-1.5504
-0.940293
0.516648
-0.997515
-1.08171
0.442388
0.380257
-2.47937
-0.825296
0.464414
-0.425587
-0.515833
0.360879
-1.44668
1.47061
0.944513
-0.0918686
0.978168
-0.798069
0.689411
0.161331
0.380459
1.28709
0.015111
0.510007
0.634901
-0.700976
1.40684
-0.00450916
1.47231
-1.45985
-1.30312
0.810717
1.16937
0.349332
0.896625
-0.560056
0.905933
-0.792254
