-0.591922
-1.28718
0.079185
0.803743
0.254859
2.52068
-0.0517643
1.25989
-0.126586
1.38079
-0.190569
-2.12117
-0.415872
0.421996
1.03448
-0.29984
-0.966404
0.969799
0.162558
0.981775
0.628484
-0.112628
-0.236245
-1.04363
-0.262903
-0.310824
-0.11484
0.140331
1.68264
1.36452
1.109
-1.05077
-1.85374
0.0277452
1.41173
1.44795
0.821434
0.360784
-0.663876
-0.316601
1.54151
-1.9037
-0.641764
0.281418
-0.20303
-1.9763
-1.00565
0.123476
-1.9796
-0.173068
0.236315
0.59646
-1.29865
0.149672
1.04458
-1.33597
-1.69609
0.91947
0.466124
0.253495
0.291464
-0.541002
-0.908207
0.714421
0.399798
0.470614
-2.38304
-0.358541
-0.308122
0.735545
0.685069
-0.0239087
0.422787
0.264205
-0.831718
-1.62957
0.399894
-2.28355
-0.539842
-1.30364
0.0746823
-1.14106
0.422055
2.43218
-0.25459
-0.14308
0.819108
0.755861
0.0203382
-0.591447
0.879277
-3.07187
-0.658698
1.02689
-1.17682
-0.808181
1.11911
2.49858
1.45342
2.48973
