-0.146865
-0.232067
0.520138
1.15434
-0.186733
0.996246
0.127369
0.590225
0.16541
-0.735561
0.49887
-0.427417
0.0104364
0.204592
0.219672
-0.368296
-0.530497
0.0869191
2.32054
-1.96807
-0.209304
-0.188568
-0.889247
0.530157
-0.507892
-1.00719
0.213832
-2.04667
-0.197366
-0.0381306
0.892637
-0.264643
0.249429
-0.727288
-0.106972
-0.285976
0.0989996
0.144223
-0.4654
-1.73357
0.241089
-0.87823
-1.15452
-1.53627
-0.276665
0.230722
1.18564
1.38731
0.476145
0.827378
0.224989
1.58667
0.823382
0.0379839
0.971248
-0.686537
0.815868
1.50745
-0.355081
-0.647126
0.438393
-0.451647
0.949812
-0.625158
0.184725
0.504083
0.0620465
0.516952
0.780308
-0.349411
-0.791897
-1.22803
0.912582
-0.277133
-0.157563
-0.794015
0.873577
-1.21368
-0.0477465
0.00676338
-0.0663733
-1.41729
-0.537936
2.85343
-0.294467
-0.201369
-0.0648665
0.87766
-0.981169
-0.759866
-1.19975
0.295189
0.494276
-1.05161
2.54971
-0.155977
1.49955
0.696261
-0.726524
-0.48281
