-1.47191
-1.3799
-0.375836
0.285239
1.09309
0.674225
-1.82404
0.438736
0.156199
-0.95536
-1.15004
-0.418331
1.51312
0.00111173
-2.33451
-0.585402
-0.542282
0.941682
1.59878
0.553475
-0.674528
0.558117
-1.08506
-1.66249
-0.061846
1.09559
-0.653254
-1.34043
1.18674
-1.18702
0.796767
-0.979306
0.783162
0.40731
-1.17524
-1.95522
-1.57249
-0.593375
0.743689
-0.480821
-0.151757
-0.582003
-1.38674
0.51798
0.371136
-0.0682411
0.426439
-0.189351
0.0185033
1.75787
-0.986292
-1.70054
0.795679
1.08348
-0.0385161
1.66993
-0.0245098
0.143581
0.796113
2.54311
-1.19685
0.925182
0.570988
-1.13241
0.953046
-0.276407
-0.035818
1.45237
-0.490399
-1.78441
-0.539933
1.13326
0.77917
-2.84497
-0.200223
-0.34445
1.31939
-0.0293218
1.61571
1.16957
-0.628151
-0.902997
-0.28075
-1.03133
0.159206
0.29666
0.356508
0.406023
-2.58977
-0.462731
-0.748042
0.0629902
-0.341685
-0.496976
0.0730861
-2.20073
1.03176
0.55506
0.553444
-0.0387133
