-0.581986
3.61523
-1.08433
-1.4762
0.52038
-0.906965
0.500457
-1.42024
-0.162587
0.279554
1.80179
0.230467
-2.06188
-0.0728274
-0.465498
-0.767342
0.501297
0.125739
-0.574089
2.37581
0.182485
0.211238
-1.13638
0.878444
-0.511242
-0.778371
0.479524
0.556628
-2.04931
-0.632413
-1.95713
-0.347806
-0.98724
-0.17227
0.790943
-0.736118
0.0645255
-0.0548228
2.06479
-0.389545
0.948938
-0.251354
0.735499
0.549976
-0.483838
0.257114
1.22221
0.515751
-1.21548
-0.177404
0.373795
-1.01684
-0.73714
0.121655
0.527712
0.547752
-1.24395
-0.483005
-1.25746
-1.18302
-1.05056
0.560406
-1.98778
0.291344
-0.534279
1.61061
-1.12841
-2.03394
-0.302734
0.735285
-0.611857
0.251286
-1.69955
-0.495787
-0.530437
0.475291
-0.0418754
1.02427
0.64449
-0.10742
1.50904
-0.628202
0.649319
1.32899
1.03942
2.25526
-0.764963
0.232376
-0.252787
-0.0877808
