-0.19942
1.2249
0.806272
-1.76122
0.124286
1.18086
-0.346194
0.71743
0.825549
-0.963849
-0.407493
1.01753
0.183828
-1.39034
-0.239759
0.441586
0.110412
-1.50295
-0.556966
1.66014
0.220851
2.36194
1.7149
-0.306714
0.151528
-1.07597
0.0157066
1.01151
1.48727
1.13454
-1.74631
-0.106857
0.834522
-0.414355
-0.0596754
0.768279
-0.401111
0.0892622
2.7074
1.75954
0.678031
0.0510896
-2.08443
-1.06196
-0.644289
-1.20284
-1.39031
0.636926
0.64431
-0.853126
1.19799
0.405081
-0.682273
1.82976
1.30163
-0.537307
-1.12593
1.05405
1.06677
0.458459
-1.13243
-0.527603
0.436186
0.145782
0.129244
-2.14323
0.0232636
1.65375
0.736081
0.758674
2.19054
1.39926
0.276991
0.506048
0.888026
0.840285
1.75233
0.838517
-0.265579
1.35604
-1.33333
1.236
0.37081
0.0503634
-0.658433
-0.782149
0.936607
-2.156
1.12204
-0.132295
-0.0413179
-0.554815
-0.624074
-0.184359
-1.13494
-0.646356
1.06317
-0.543052
-0.658527
-0.655816
