-0.288941
-0.836934
-1.64417
-2.12793
-0.346397
1.63936
-0.159161
-1.58386
-1.51692
1.52215
-0.977947
1.66251
1.04445
-0.141738
0.38436
-0.534428
-0.12882
1.05954
0.805201
0.968442
2.71389
-0.0928885
0.603744
-0.255454
0.771555
-0.569063
1.29384
-0.223314
0.676268
-0.00630503
0.192296
-2.69921
0.417638
-0.638069
2.56793
0.112146
-0.56386
0.52753
0.746579
-0.311346
-0.370049
-1.51337
-0.957608
0.723765
1.38587
0.0902458
1.35196
-2.02993
0.465631
-0.806366
1.52075
-0.718125
-0.314018
-0.260217
-0.443725
0.214748
-1.05604
1.50214
1.58031
-0.161338
-0.670974
-0.441796
-0.0374713
2.25759
-1.02292
-0.0111907
-0.397546
-0.325565
0.49568
-0.259851
-2.37069
1.2432
0.594435
1.41926
1.92799
1.27942
-0.0669105
2.0608
-1.19785
0.343426
-0.47689
2.53842
-0.0978005
0.109346
-0.545298
-0.536317
-1.40243
0.627592
-0.902688
2.98588
0.700318
-0.453391
-0.786593
-0.42307
-0.317336
-0.213108
-0.371222
-0.239168
-0.374211
-0.99121
