-0.761359
-0.888528
1.309
-0.593884
-0.353306
-0.261406
-0.581436
-0.876243
0.358102
-0.590207
0.898983
-0.25423
-0.80441
0.778654
-1.48183
0.653675
0.400976
1.62968
1.31652
-1.38528
-0.836427
0.611824
0.630261
-0.79325
-0.370667
1.02598
-0.756949
-0.00048527
0.534027
1.06336
-0.923332
0.81415
-0.437279
0.705598
-0.412235
-0.957568
3.01561
1.1193
0.956489
-0.539019
-0.203292
1.14653
1.51955
1.41564
-1.14924
-0.841451
-0.0328683
-2.05162
0.56197
-0.762114
0.586544
-0.694801
1.28921
1.05658
1.15772
0.222239
-0.860972
-0.0647839
-0.324488
-0.586021
-0.777818
-0.781059
0.675729
0.342694
2.15049
-0.691587
-0.953113
0.983747
-0.439768
0.102812
0.0349428
0.533564
-1.10252
1.31044
0.380268
1.04625
-0.0369772
-0.799455
0.640522
-0.918578
0.497148
-0.38345
-0.486817
0.584614
-0.870797
-0.204245
1.11939
0.719086
1.20359
0.481047
2.64701
-0.242956
-0.273578
-0.436091
0.658884
0.924936
-1.3571
0.972678
1.35235
1.9253
