-0.111163
-0.127993
-0.91008
0.814272
1.0478
-0.521778
1.58122
-0.143908
0.484033
0.488043
-0.96188
1.87049
0.159854
-0.65704
-0.0750874
1.57481
-0.344396
0.852692
-0.618757
0.827482
0.903274
-0.763617
0.621034
1.00944
1.81212
0.341528
-2.27043
1.68177
-0.171941
0.59307
-0.868269
0.782743
0.985229
-0.0618244
-0.590693
-0.41804
1.96281
-1.25744
-1.40396
0.332878
2.44789
0.850563
2.50932
0.397299
-0.412932
0.171495
-0.0546598
-2.17937
-2.13337
0.916327
-0.311656
0.378845
0.514321
-0.608073
0.913089
-2.76854
-1.42943
0.58783
-2.77641
-0.478599
0.252239
1.18014
-2.86239
-1.3939
-0.5643
-1.18951
0.373283
-0.942681
0.131492
1.10978
0.631213
-0.671299
1.09055
-0.0402425
-1.46216
-0.0416733
1.21299
1.46114
-1.01827
0.788077
1.15013
1.33008
-0.807283
0.792215
-1.42338
-1.19048
0.634148
0.496714
-1.8719
1.26116
0.556089
0.240939
0.117094
-0.410749
-0.207939
-0.363355
0.469117
-1.74901
0.187963
-0.252333
