0.286075
0.174549
0.412053
0.285213
-0.553189
0.383481
0.0644481
0.77769
-0.915207
-1.30199
2.16039
0.714689
1.55239
0.350976
-0.838228
0.309319
1.40595
1.51516
0.151569
0.420296
0.0462041
0.828842
-0.0516601
-1.04349
0.407003
-0.200768
-2.14029
1.09925
0.143907
-0.573974
0.289729
-1.28798
0.161834
1.51961
-0.387731
0.708536
1.02281
0.875205
-0.43564
-0.436261
-1.22577
1.40623
1.40281
-1.25052
-0.250966
-0.673709
0.414895
-0.315031
-1.48545
0.954442
0.22509
0.0581548
-0.859524
1.27463
-0.706761
0.612185
1.07912
-1.06429
-1.28382
0.130901
-0.0385671
-1.91642
0.301566
0.0625413
0.272713
-2.49969
-0.932013
1.57873
0.143858
-1.17364
-1.24113
-0.51513
0.370564
-0.785402
1.23571
0.16598
-1.72536
-1.40824
1.16944
0.693931
0.728742
-1.56422
0.218251
0.810574
0.714372
-0.637133
-1.31945
0.614038
2.53165
-1.09845
1.02568
-0.048822
-0.719184
0.817123
-0.0654866
-0.43177
-0.51957
-0.679018
-1.13674
-0.217725
