-0.781201
-1.76151
1.59919
-0.450133
-0.740345
0.346108
-0.450042
-1.05653
1.24469
0.00505974
2.18661
1.12552
1.59779
0.00850525
0.191396
-0.246296
-1.06715
-1.2385
-0.266459
0.504372
-0.657337
-1.50203
0.0070365
-0.612846
1.02073
9.576e-05
1.65362
-0.0429029
0.439585
-0.847257
-0.259209
-0.557955
-2.0533
0.835283
1.01234
-0.204364
0.822172
0.225506
0.285606
0.390503
0.00500318
-0.254506
-0.411532
0.406898
-1.13481
1.38039
0.558688
0.619573
1.36685
-0.193892
-1.20313
0.117957
2.27782
-1.02914
0.105991
0.220983
0.242903
1.82034
0.524911
-0.852209
-3.35575
-0.56724
2.04738
0.444061
0.237937
-0.636322
-0.00392953
-0.392444
-0.19465
-0.195504
-0.231031
0.541537
0.647098
0.362431
-1.8226
-0.940551
-0.584119
0.86233
0.430576
0.0378674
0.201826
-0.439411
-0.325399
0.0372908
-0.0306482
0.251779
-0.422325
0.516596
-0.569974
0.0890424
-1.1571
-1.21781
-0.68425
0.074426
-1.15952
-0.770379
0.00828567
-0.793195
-0.570161
-0.484666
