-0.0821005
-1.33
-1.77797
-0.266555
-0.399971
1.29317
1.68021
0.47419
-0.528042
-1.26313
2.0668
-0.977581
-0.0933568
-0.777707
-1.36953
0.404044
1.04014
0.581826
-0.830281
-0.250294
1.18825
-1.54218
0.526034
0.203092
-1.52835
1.00471
0.803094
-1.66106
-1.87814
-1.16246
1.13529
-1.25008
-2.69293
0.95327
-0.126075
-1.18325
-0.562643
0.809444
-1.291
1.15093
-0.691699
0.801247
-1.95335
-1.37259
0.0557894
-0.776662
0.931131
-0.648917
0.174319
0.202899
0.68993
0.594921
0.322415
-0.344705
1.35407
-0.969985
-0.165194
-0.691141
1.24025
-1.27953
-0.0181811
-2.16313
-0.881428
2.84288
-0.688824
0.346769
0.554737
-0.717863
0.556445
0.37164
0.499451
0.247826
0.387901
-0.980123
-1.32922
0.819713
1.1458
-1.08583
0.13806
-0.357844
-0.129471
1.18428
-0.386205
0.686584
-0.144771
-0.00166508
0.253692
-0.537034
0.99406
0.617515
0.399289
1.09141
0.268156
1.16324
1.14323
-0.791885
-1.38445
0.143495
-1.33686
-0.72753
