-0.0342902
1.24986
-0.218415
-0.356132
0.417242
-0.725507
0.211733
0.811838
-0.430011
-0.628204
-0.218381
-0.23607
-0.295203
-0.183597
0.330564
2.26804
0.964559
-1.39523
0.100842
0.0764994
-0.71376
0.217991
-0.791245
0.764443
-0.134026
0.74564
-2.06599
0.992153
-0.662129
-1.32428
0.321923
-0.571839
-0.998135
0.554491
1.71883
-0.18177
-2.68659
0.691941
-0.781876
1.20313
1.701
1.47424
1.80039
0.407042
0.329231
-2.4972
-0.293895
-0.533405
0.822747
0.23823
-0.342366
-1.08049
-0.152493
0.750143
-0.979944
-0.246775
-0.399611
0.451654
-0.0052978
1.37933
0.196833
1.36027
-0.101879
-0.0868487
1.93094
-0.354795
-0.392152
0.166902
0.631471
-1.12619
-0.401686
-0.648917
-2.14059
0.581185
0.749209
1.20719
0.753716
0.0193762
0.763115
-1.30239
-0.0793548
0.514797
1.70788
-0.904353
-2.00041
0.509466
-0.00988656
-0.880038
-0.154179
-0.0827881
-0.018027
-0.122119
-0.408406
0.118812
-0.371062
-0.398283
0.193899
-0.507387
-1.12566
-0.125122
