-1.66938
0.682211
0.707315
0.0255683
0.961654
1.2443
1.20541
-1.52744
-1.70887
-0.187874
-0.641749
3.04722
-1.88102
0.375914
-0.529367
1.20466
0.737553
-0.660242
1.41368
-0.75681
0.668776
1.39302
2.62457
-0.0299245
1.21356
-2.07697
0.819029
0.494947
-0.325803
0.3015
-0.470133
0.554422
-1.64949
-0.475292
0.978622
0.208684
0.189611
-1.09298
2.55456
-0.412407
-0.0969379
-0.728844
-1.43084
-1.52531
-1.43383
0.879643
-0.206267
0.691991
0.463274
-0.522175
-0.730402
-0.950486
-0.218965
0.145138
1.91787
-1.31094
1.09894
-0.99645
-0.837453
-1.45706
1.18244
-0.166834
-1.05281
1.41684
0.0931985
-0.6368
-0.601157
0.588566
0.984785
-0.534577
0.225831
-0.79289
-1.09711
-0.441186
-1.01962
1.52666
0.0477004
-1.71643
1.35415
-0.827009
0.37266
0.916776
0.610333
0.146142
1.05962
-0.779424
-1.49132
0.331606
-0.224215
0.349367
0.769578
0.31618
-1.0302
-0.0144911
0.125927
1.11665
-0.984024
1.69223
-0.634014
-1.09926
