-1.50398
-1.67768
1.44973
1.42324
-0.148265
1.10267
0.398859
1.34078
0.820954
0.0342589
0.316805
-0.886916
0.497733
0.29917
-1.10636
-0.00948025
1.66966
0.341829
0.440118
-0.0335498
-0.467385
1.53053
-2.65415
-1.08735
-0.0397604
0.510592
0.4057
-1.5097
0.00554335
-0.966213
-1.40083
0.974861
-0.0339525
1.21208
0.273739
-1.38303
1.01987
-1.10498
-0.64255
-1.42514
-2.01199
-0.455634
0.358901
1.11048
1.16882
-0.719812
1.26878
-0.821305
0.539267
2.15239
1.56878
-0.569202
1.68584
-1.08402
-0.613733
0.0849825
0.217742
-1.9941
0.191335
-0.217474
0.401994
-1.52539
1.90988
-0.288636
-0.32284
0.343036
-0.626321
-1.80737
-0.821696
1.48851
-0.313621
-0.075851
0.659391
1.42628
-0.592534
0.698298
1.12859
-0.217917
0.120502
0.346159
0.823064
-1.41994
0.977219
0.724436
-2.33826
-0.441665
0.0910725
-0.550155
0.375476
0.242892
-0.900109
-1.03016
3.12074
-1.07548
-0.423707
-0.134729
-1.03908
-0.677717
1.63984
-1.06317
