-1.09098
-0.741781
-1.15762
1.17939
-0.0124697
0.179209
-1.68763
1.48161
-1.84393
-1.14521
0.374133
-0.25804
0.263775
2.23821
1.16476
-0.416644
1.64062
0.598117
-1.0126
0.766423
-1.46013
-0.326699
-0.735955
0.402796
0.406087
1.73737
1.24645
0.0708364
0.563181
-1.34924
-0.0460251
-0.115575
0.908018
0.595023
1.41743
-0.389052
0.847022
-0.967801
-0.0542348
0.888401
-1.88818
-0.483926
-0.0767132
-0.857755
-0.653058
-0.22482
0.883477
-0.25357
-0.604284
0.900274
1.0414
-2.06401
0.264896
-0.799858
-0.8723
1.35026
-1.15268
-0.910464
-1.28566
-0.920793
1.02272
0.522761
0.244102
0.307636
0.927025
-0.604498
-1.34689
1.18053
0.721854
-0.0466356
0.19797
-1.15796
-1.56968
-2.01183
-0.977952
0.175704
-1.55141
-1.19618
1.53104
0.742169
0.98071
2.01497
0.175047
-0.909897
0.288978
1.34889
0.348684
0.626391
0.144532
0.734433
1.35761
1.388
0.757605
-0.137969
-0.355966
0.458849
0.457183
1.10098
0.0149695
-0.546443
