0.164186
-0.707959
-0.699244
1.46452
-0.70567
-0.0917656
-1.2173
-0.0727255
0.657129
-1.44359
-0.361135
-0.537342
-1.3345
-0.363799
0.846765
2.73002
-0.86169
-0.535308
-0.537109
-0.840036
-1.48728
-0.573185
0.579535
-0.516614
0.5159
-0.516223
-0.36705
0.384675
-2.10903
-0.555096
-1.78932
-0.2761
0.470892
0.3873
0.0104629
0.697777
-0.167687
-0.277375
0.470898
0.16286
0.560903
-0.243445
-0.179261
0.65587
0.736652
-0.266379
0.372192
0.522554
1.73117
-0.809276
-0.20643
-2.17437
-0.293761
1.3346
2.06401
0.874875
-1.35411
-0.0939815
0.686102
0.126697
0.680759
-0.570933
-0.184052
0.405614
1.14332
-1.07359
0.0956306
1.42462
0.199648
0.50258
-0.0295775
0.958742
1.24835
-0.15697
-0.553228
0.899766
2.0245
0.0743946
1.94351
1.35303
-0.564535
-1.35918
0.192959
-0.976424
0.887448
0.887144
0.998239
0.0204234
-1.16808
0.418969
