1.29975
-0.237326
0.159892
0.586001
1.24509
1.88211
-1.633
-1.54087
0.413399
-0.271375
-0.827323
-0.938996
-0.622955
0.0248141
-1.04912
0.406945
-0.387113
-0.177032
-0.803885
2.25079
2.02881
-0.220529
0.118206
0.838626
0.50933
2.16676
-1.19544
0.126616
1.21042
-0.0104511
-0.848572
0.361941
-0.3768
-1.60058
-1.16026
-0.949
0.328104
1.47975
-0.715026
-1.41092
0.309465
-0.584106
-0.386237
-1.00289
-1.62391
-0.701177
-0.368564
0.0810941
-0.689798
0.813771
-0.0522174
0.424212
0.586157
-0.444755
-0.36923
0.918443
-0.297297
-1.38405
0.16832
0.63003
0.681556
-0.144297
0.5798
0.14345
-1.47933
1.31062
1.23341
0.257549
-0.599306
-0.477392
-0.960779
0.0119435
0.328598
0.154217
-2.01301
-0.601729
0.551655
0.175257
1.10121
1.1734
-1.61362
0.0102235
-0.305724
-0.487851
-1.21385
0.616648
0.793597
-0.296282
0.26425
0.743695
-1.70466
0.169421
1.65128
-1.29609
-1.0313
-0.61832
0.547968
-0.384012
1.18084
0.807954
