2.49618
1.55334
-1.65428
0.356288
1.56896
-0.697772
0.312307
-2.44313
1.51531
0.937105
-1.13069
0.438567
1.03196
-2.24913
0.710312
0.152928
0.264235
-0.515334
-0.0111736
0.55372
1.01648
2.7414
-0.39054
0.715949
-0.56461
-1.04406
0.642778
-0.994407
0.401673
-1.10394
0.192668
-0.453801
0.116642
0.124012
-1.61311
1.8952
-0.433478
-0.0930464
-1.48652
-1.20691
-0.233891
-1.70403
-1.09154
1.01113
-0.403385
1.98061
-0.636385
-1.56818
0.972938
-0.077167
0.553146
-1.90282
1.15977
-0.813093
0.019952
1.74651
0.129771
-2.66437
1.86607
-0.396079
1.66985
-1.69347
0.180868
0.621615
-0.112807
0.425511
0.0970722
-0.0309454
0.807485
-1.17465
-0.622069
0.382238
0.600536
-0.951971
-0.67925
-0.727082
2.27048
2.94468
0.651676
-2.06739
-1.24773
1.05965
-0.567091
-1.16756
0.337865
-1.02396
0.398173
-1.45633
-0.859426
-2.46458
-0.627904
-0.46211
1.525
-0.635919
0.317044
-0.896955
-0.781632
0.39375
0.394532
-0.646314
