0.125912
-1.42018
1.43559
0.79441
0.0346072
0.766228
0.158684
0.798039
-0.309933
-0.335799
-1.00821
2.38066
-0.685083
0.686472
0.415486
-0.338126
-0.253569
0.802449
1.21651
2.06562
0.119415
0.976983
1.02178
-1.71151
-0.560771
-1.37705
0.732846
-1.59581
1.51806
-0.46229
-0.280417
-0.538504
0.725324
-1.11518
1.36552
0.581506
1.98851
-0.726886
0.618847
0.931914
0.689014
0.796547
0.248399
0.960769
-0.567171
-1.08411
1.32241
-1.23455
0.943963
-0.678006
-1.76913
-0.317101
0.974565
-0.37906
1.00844
-0.290831
-0.0482947
-0.247919
1.91305
-1.05679
-0.780264
0.57144
-0.716568
1.16463
0.286104
0.361744
1.07559
0.970587
1.14603
-1.08451
0.293862
1.23396
-0.228393
-0.625297
0.858625
1.14498
0.724149
1.30641
0.3495
0.686022
-0.50286
0.4335
-0.759432
0.950774
-1.22784
-0.139449
0.422217
2.2877
0.411117
0.239539
1.70409
1.06304
1.44835
-0.434749
1.0542
-0.924018
-0.696442
0.763802
-0.459717
-0.0805002
