-0.31776
0.591758
0.161445
-1.49433
-0.826386
1.0656
0.540231
-1.6873
1.61287
-1.08698
-0.0833487
-0.0155935
1.50777
0.241909
-0.206827
0.592974
0.805785
1.78119
0.838563
-0.24788
0.0330169
-0.584202
2.21577
-1.07519
-0.191876
1.81852
-1.12452
0.0641163
0.651498
0.151191
1.41669
-0.21098
1.08427
-0.227735
0.0246072
-0.197173
1.08341
0.544238
0.786845
-0.20386
0.819241
-1.84532
0.750622
0.800871
-0.758128
-0.627807
0.236416
-1.34368
-0.711131
-1.76944
-0.323236
-0.858755
0.414921
2.10976
-0.537485
-0.119552
-1.85365
-1.89528
-0.699901
-0.909849
0.88349
-0.039954
-0.0706122
-1.81278
-0.0462665
0.445243
1.13649
0.955412
0.372727
1.46328
1.48913
-0.889742
-0.453516
1.04619
-0.086609
-0.164893
0.153123
-0.580434
-1.18534
0.517371
2.69984
-1.13644
-0.793508
-0.767943
0.467329
0.992278
-1.45162
2.3826
1.22175
-0.919863
-0.877751
-0.419096
1.80971
0.451909
-0.874834
-1.62361
1.53888
-0.354832
-0.234075
1.45663
