1.08892
-0.741536
0.137308
-1.08211
0.505609
0.0936132
0.900233
-0.787198
-0.925249
0.573353
-0.837712
0.652989
-0.638232
-0.303631
0.124828
-0.334118
-0.4892
-0.406512
0.290474
0.498424
-0.691402
-0.678658
1.68683
2.39402
0.998499
1.28848
-0.479192
1.13751
1.37985
0.232738
-0.89397
0.892861
0.542746
-0.212045
0.209992
0.0513114
-0.606236
0.69525
-1.24625
-0.872581
0.0568548
-1.1062
-1.37667
-0.144195
-2.66577
-0.300119
0.88855
0.902513
0.464251
0.597272
0.921843
-0.838278
-0.0562154
1.18607
-0.276116
-0.0765712
-0.208959
0.43422
-0.719084
-0.217605
0.865062
1.50216
0.612016
0.0827409
0.275399
-0.184598
-0.787394
1.14437
0.523657
0.899307
0.122556
1.48358
2.83315
0.207419
0.673957
1.93991
2.51471
-0.92261
0.82368
-1.34449
-0.867058
-1.70554
-0.75897
-0.20626
0.682476
0.908634
-0.114285
-0.543184
-0.280903
1.30513
-0.031987
-1.21017
-0.109982
0.880317
0.838195
0.583987
0.0269361
-0.688775
0.734638
-0.193968
