-0.631673
1.30606
-1.12184
-0.308873
2.10411
0.835027
0.1226
-1.38139
-0.648503
-1.63219
-0.973561
1.39251
-2.08543
-0.93831
0.251645
-1.34357
-0.422483
0.340874
-0.296084
0.570812
0.0813034
0.787923
0.193657
2.11571
0.466695
-0.86894
-1.16155
0.869548
0.180555
-1.04518
0.726027
-1.3013
0.442795
-0.27158
0.787451
-1.58057
0.321175
1.58669
1.98062
0.297273
0.330815
-0.151003
-0.179651
1.24328
-0.0548891
0.370334
0.371414
-0.137572
0.275577
1.27609
-2.13231
-0.196233
-0.558404
1.03753
0.833619
-0.82618
0.611926
-0.161629
0.377394
1.85363
-0.19558
-0.997782
0.218749
-0.233862
-0.216265
1.23181
-0.73941
-0.78276
-2.79275
-2.18836
-0.66821
-0.940921
-0.273355
0.638611
0.625348
0.136364
0.24657
-0.577004
2.40628
-2.45849
-0.177528
1.60578
-0.293344
-0.715576
-0.328481
-1.84302
-0.672071
-0.822776
1.58713
0.411872
1.39128
0.284183
-1.68129
-0.398284
-0.794718
0.150027
0.401508
0.00771963
0.707723
0.769284
