0.243471
0.233639
-1.5428
-0.0033838
0.342046
-0.0270695
0.664381
-1.20489
-0.0675925
0.38287
1.34699
-0.972842
-1.23691
0.626655
-0.107748
0.469567
0.096362
1.29177
-1.42356
-0.999065
-0.983065
2.03563
0.398328
-0.928244
-0.89063
1.33523
0.342944
-1.57148
0.0040536
1.59736
-2.09114
1.46197
-0.303357
-0.486451
-1.29712
-1.04567
-2.08442
0.451992
0.263188
-0.0870668
0.552651
-0.825228
-1.02257
-1.62304
0.886473
-0.698541
0.777258
-0.368603
0.139028
-2.12882
-0.26916
1.97242
0.439133
0.0109494
1.64731
-0.202563
1.40961
-0.353186
0.970324
-1.18885
-0.85875
0.0280399
0.511124
-0.942335
-0.683979
2.17472
0.906346
0.104581
-0.212563
-1.23028
0.620851
-0.525499
-1.18392
0.311056
0.245452
0.128457
-1.28827
-0.283135
-0.757274
-2.05515
-1.10644
0.231909
0.64318
-0.585727
1.25478
-0.123511
0.389319
-0.331635
1.02
0.787498
-0.0279491
2.74169
-0.591462
0.626898
0.63697
0.184872
0.564401
-1.02431
1.38989
-0.0141833
