0.509869
1.06359
0.124876
0.261986
0.0390484
1.36184
-2.06169
-1.57117
-0.698721
-0.562187
0.0575592
-0.968162
0.761841
-0.11413
-0.431249
-0.35397
2.22575
1.30445
-0.399179
1.15728
-1.6886
-3.06978
-0.41671
-0.239472
-1.00265
-4.41078
-0.0344367
-0.785505
0.13067
1.06757
-0.714237
0.696498
0.916061
-2.33498
-0.328676
0.00402792
2.21405
0.45061
-0.797577
-1.81862
-0.235124
-0.682816
-0.719275
1.77095
-0.0658603
0.506735
-1.17096
-0.235906
1.42262
-1.30347
0.448202
2.0216
-2.07385
1.34714
0.794783
0.714473
-0.323978
1.13274
-2.4538
1.37805
0.878749
1.26279
-0.484769
-0.23513
-0.262053
-0.231951
0.252366
-0.0733283
1.61678
0.454277
-0.441985
-0.132715
0.386901
-0.605627
0.410443
1.07283
0.542189
1.09814
0.577838
1.21935
1.03893
-0.512721
-0.625519
0.722414
-0.16293
0.934612
-0.680272
0.669795
-0.307019
0.695373
-1.54871
1.98479
0.0907117
0.73325
-3.05293
2.12614
1.816
0.585352
-0.199113
0.0666876
