-0.305347
-0.657379
0.376564
-0.31447
-0.216315
-0.0563655
0.273274
-0.0363952
0.0823889
-1.14764
0.385402
-1.24109
0.838959
0.818135
0.137646
0.232541
0.598998
0.285492
-1.38406
-0.0587198
0.147832
-0.181937
-0.954177
0.0351667
0.638017
-1.50121
0.709101
-0.298874
0.0956443
-0.264061
-0.738213
1.42737
-1.50862
-0.659138
-0.576614
-0.105044
-0.115047
-0.495006
0.599009
-0.128241
-0.37516
0.7182
0.576926
-1.06854
-0.0918001
1.98386
-0.261118
-0.0834909
0.639605
0.307845
0.86636
-1.32664
-0.62165
-0.239184
0.753468
-0.444548
0.816427
1.30343
2.41899
1.19342
1.41429
-0.201584
0.948858
1.93389
-1.10956
0.441819
-0.692076
0.790419
-0.485561
-1.66103
-1.22424
0.0583915
-0.350103
-0.731333
-1.98061
-1.94281
0.240842
-1.5066
-1.35678
0.0828796
1.74639
-0.664894
-0.238029
0.0580419
1.22915
-0.275824
1.10488
-1.13993
-0.94936
-0.845696
0.693561
1.22203
-0.359469
-0.620598
0.109285
-1.97849
-1.17171
0.0316248
0.411873
-0.31155
