0.638832
-0.598801
-1.46752
-1.80039
-1.22589
-0.184265
0.934248
0.867531
-2.07125
0.393244
-1.31384
-0.502533
-2.03048
0.589031
-1.99715
1.23019
-1.08594
-0.373242
-0.429065
0.461091
1.14924
2.13063
-0.625518
0.314347
-0.297334
-0.790997
0.823246
1.22822
0.0525611
0.120819
-1.07934
-0.0809063
-1.14826
-0.16704
-0.115927
-0.174695
-0.284824
0.467036
0.699889
0.575952
-0.666576
0.866123
-0.643354
-0.722184
-1.05408
1.36926
-0.262112
-0.649484
0.717486
-2.16729
0.683136
-0.712827
-1.11691
0.112118
0.740955
0.312543
-0.366984
-1.52155
-0.562521
-0.178786
0.570675
-2.80321
-1.0102
-0.931971
-1.46799
0.53672
0.253442
1.08447
-0.257568
-0.651882
1.94294
1.2477
0.781749
0.464554
-1.2034
0.407462
-0.0581171
-0.979391
-0.119727
-1.18047
0.234508
0.938031
-0.928634
0.726392
-0.40366
0.592323
0.720231
0.427074
0.888354
-1.96214
