-0.74731
-0.515992
-1.37075
-1.08273
-0.731273
-0.728491
-0.217367
-1.79507
-0.589883
0.759144
-1.13967
0.119552
0.996888
0.639643
-0.460162
-0.555592
2.41033
-0.133393
0.276207
0.69244
0.576239
-0.644691
1.30979
-0.96226
-1.74219
0.654685
-1.32432
0.0274303
0.0662229
-0.0909692
-0.271774
0.584964
-0.272207
0.401693
-0.675435
-1.07928
0.582701
1.16499
1.86829
-0.372686
0.48753
-2.49802
-0.28028
0.829729
0.761854
0.427114
0.987316
2.11394
-0.354642
-0.0715812
0.21361
0.558694
-0.917747
-0.994428
0.621614
-0.207768
1.21482
-1.63141
0.0967743
-1.95637
1.96112
-0.745447
0.159217
-1.91109
0.502227
-0.30642
-2.21974
-0.0743777
0.314039
-1.47281
0.816865
0.709585
-0.428688
0.445604
-0.50718
-1.15644
-0.982802
0.644391
1.17828
-0.532283
1.14787
-0.604172
0.134244
-0.57074
0.469879
-0.537636
-0.39319
-0.374148
-0.651508
-1.2235
-1.05254
-0.231443
0.220089
-0.562595
0.866184
0.310398
0.333827
1.1335
-0.0739702
0.010239
