0.35346
-1.29298
-0.321027
-0.206467
-1.1142
-0.194876
-0.0287104
0.688721
-0.566228
-0.280761
0.246906
0.255651
0.461231
1.26297
0.119525
0.891401
1.18568
-0.034793
-0.945329
-0.0370833
-0.22437
0.0602684
-1.501
-0.134147
-0.00164376
0.737848
-0.752559
1.1853
-0.733978
0.847324
1.64783
-1.0599
1.19829
0.386563
-0.52335
-0.00938289
-0.903919
-0.699059
0.398806
0.236281
-0.802403
0.574513
-0.64258
1.0473
-1.01995
0.818126
0.964446
-0.257607
2.53221
0.275945
-0.52484
0.573348
-0.878981
-0.0829774
-0.635046
0.926659
0.601859
1.12201
1.39119
-0.957572
0.275501
-0.502545
0.408889
-1.23765
-0.825713
0.858121
1.18544
-0.103539
-1.30666
1.07005
1.0861
-0.574912
0.35439
0.684475
-0.894285
-1.17172
0.0242216
0.950571
-0.511746
1.50149
-1.02748
-0.454551
1.50077
-0.672635
1.91693
-0.877139
0.149752
0.236704
1.05806
0.681418
-0.841458
0.839747
1.84648
-0.798244
0.400657
-1.56353
-0.570948
-0.441055
0.748803
1.99995
