-1.1501
0.732165
-0.12461
0.319819
0.281797
-0.170476
-1.41827
-1.08549
0.192397
-0.54525
-0.0666832
-0.929154
-0.970738
-0.0698671
0.72287
0.026148
-2.19962
0.885544
-0.308145
-0.738863
-0.640065
-0.662416
0.0780808
0.374305
0.0272148
-0.689081
1.93943
0.923913
-0.450276
0.867381
2.16854
1.19782
-0.952345
0.731236
0.177662
-0.42098
0.798717
-0.0313604
0.418736
0.499345
-1.13933
1.432
-0.916548
0.351368
0.320066
-1.4702
-0.483489
0.472774
1.68059
0.244202
1.62493
0.790206
-0.494505
-0.554689
0.943905
-0.518629
-1.00962
-0.854527
0.755606
0.848909
-1.73759
0.0260895
-2.1852
0.0699859
-0.525244
0.01166
0.78163
-0.100639
-1.12682
3.38775
-0.41619
0.733975
-1.188
1.17938
0.791731
0.962807
-0.499456
-1.11236
-1.30059
-0.973168
1.02835
-0.0679818
0.360521
0.653785
0.268054
-0.411072
-0.139751
-0.377997
0.405247
-1.27614
0.612519
-1.05951
-0.850966
0.0569162
-1.62554
-1.12112
1.07141
-0.763343
-2.0157
-1.10235
