0.910436
-0.858704
0.989425
-1.27693
0.234336
0.186362
0.230694
0.518092
0.379354
-0.351038
-0.849282
-0.384063
-0.758614
0.41562
1.89528
1.58883
0.892774
0.0971334
0.302509
0.388042
-0.139376
-1.97141
-0.136706
-1.16556
-1.55509
-1.01901
1.01008
0.215371
0.755511
0.187553
0.946
-1.18728
0.43942
0.994483
-0.615683
-1.02448
0.645472
1.64083
1.44719
-0.943754
1.04082
-2.01335
-1.13539
1.44422
0.411244
-1.74981
0.498811
-0.361212
0.644822
-1.19056
-1.26241
1.81603
1.6232
-0.414702
-0.511094
-0.113952
0.675988
-1.93184
0.929109
0.0667425
-0.422409
2.56367
0.300271
-0.407869
-0.163761
-0.207516
1.45667
0.802983
-1.51563
1.53919
-1.08181
0.581314
-0.0750899
-0.33388
1.94833
-0.505956
-1.49107
-0.084129
1.37171
1.32928
-0.519385
-0.761808
1.23501
0.868895
0.27631
-0.851864
0.211098
0.973909
0.988277
0.0494905
1.18585
-0.206058
0.805073
-0.523617
0.126761
0.0497617
-0.33843
-2.20432
-0.341068
0.0895512
