1.22441
-1.28622
-0.601965
0.997611
0.609745
-1.92739
0.499213
0.328782
-0.191177
1.41888
-0.735635
-1.10017
-1.28042
-1.01924
0.476365
0.36743
-0.700048
1.15064
-0.181151
0.604986
0.388043
0.616502
-0.882285
0.357353
1.47953
1.31398
-1.13147
-1.41643
-1.6009
0.460942
-0.661209
-0.0654198
-0.696741
-0.146257
-0.024634
-0.75569
-1.42638
0.712515
0.257134
0.606043
-0.24411
1.43289
-0.50663
2.46932
-1.38857
0.456965
-0.716364
-1.14298
1.29808
-0.999646
0.540375
1.29131
1.03637
-1.45767
-0.923027
0.481002
0.61513
0.954183
-0.0870336
-0.468395
-0.746125
-0.662886
0.286936
-0.686329
-1.25549
1.58976
0.29589
-1.02992
0.785164
-0.421445
-0.206843
1.11474
-0.566307
0.084326
0.275611
-1.04041
0.294582
0.635432
0.0908927
0.60873
-1.48759
-0.689322
0.202735
0.232866
0.391887
0.844858
-0.38293
0.257098
-0.0683574
0.148561
-1.11184
1.31704
0.16377
-0.50142
-1.67191
-0.122862
-0.307188
0.217658
0.137664
-1.00753
