-0.306389
1.02551
-0.57302
1.00118
-0.84352
-0.156853
1.16232
0.552972
-1.89382
0.512646
0.133676
1.44036
1.0798
0.402
0.803966
0.797901
-1.37352
-0.554363
-0.26183
0.55909
0.558197
-0.541695
-0.808919
0.359815
1.83454
-0.466641
1.02919
-0.94342
-0.207071
-0.863648
1.271
-0.215865
0.418427
-1.09834
-0.412176
-0.107153
0.32114
0.305564
0.078116
-0.852181
0.421984
-1.38844
0.623026
0.175754
-0.918544
1.47534
1.07528
-0.311569
-0.877225
1.21035
1.34036
0.773669
0.296493
-0.950338
-0.183006
-0.376276
-0.264701
1.74773
-0.52869
0.0187491
1.75072
-0.846299
-0.436066
-1.77202
-0.487455
-1.56321
0.992126
0.512495
0.142638
0.237742
0.57937
0.10421
-0.0340667
-0.180599
0.339774
1.26774
-0.0511733
0.591175
2.07804
0.685134
1.36784
-0.88278
0.0906528
-1.02663
0.763655
-0.222976
-0.929509
0.0139905
-1.71637
-1.64169
0.871914
0.726873
-0.458874
-0.407567
0.588306
-0.627896
-0.408501
-1.37562
-0.329882
-2.27057
