1.0385
-0.674141
-0.158866
0.0899066
-0.839143
1.49519
-0.103949
-0.16174
0.710606
-0.374082
0.647738
-0.125748
0.692433
0.832623
-0.616132
1.55573
-0.169167
0.59947
-1.61404
-0.72304
0.639579
0.903119
-0.385231
-1.72871
-0.849555
-1.64935
-0.395074
-0.166112
-0.0684399
0.769508
-0.321571
-0.667328
-0.96422
-0.971973
-1.82579
1.41175
0.571363
-0.347929
1.24617
-0.590896
-0.360089
0.87648
1.45227
-2.21591
0.329869
-1.23775
-0.71333
-0.520088
-1.06284
-0.438289
-1.35301
-1.03019
0.375412
1.01002
1.06142
0.0925872
-0.672627
0.730659
-0.319193
0.712631
-1.76646
2.1274
-0.367501
0.957213
0.696461
1.58744
1.57946
-1.69132
-0.444121
0.550471
0.335474
1.28464
-1.69654
-1.5398
0.899997
-0.578014
1.44304
1.28039
1.56041
-0.247131
0.396564
0.23827
-0.424689
1.00802
-0.316775
-0.648704
-2.05682
-1.42979
1.25428
0.827914
0.596799
1.11479
0.0336011
1.84848
0.439575
0.911125
-0.203522
-1.24624
1.38428
-0.776806
