-0.432545
-1.21898
-0.215826
0.596081
1.35799
1.31479
0.759081
-1.94795
-1.33888
1.53243
0.756067
0.143203
0.849834
0.75061
0.116495
0.769677
-0.514696
-0.138962
-0.0464137
-0.183115
-0.50684
1.53811
-0.0566913
-0.0141966
2.23297
-0.740796
-1.06472
0.386337
-0.975785
-0.337468
0.517647
0.681565
-1.27491
0.188037
-0.372232
0.262166
-1.10949
-0.346101
0.373124
-0.64276
0.191318
-0.60794
-0.778359
-1.95184
0.097454
-0.798398
-0.731326
0.902407
-0.171103
-0.571287
0.408908
-0.391271
0.415275
0.640877
-1.94895
-1.17131
1.30122
0.371355
0.39402
-2.16339
-0.329076
0.833504
0.48168
0.741465
0.661708
-0.155867
2.20436
0.797475
-0.271499
-1.26488
0.0886788
1.61326
0.444689
-1.07564
0.552155
0.382348
-0.408236
-0.374251
1.362
-1.24166
-0.776083
1.05992
0.836485
0.561794
0.342377
-0.337824
-1.02135
1.0464
-0.796034
-0.0800747
-0.805122
0.541117
1.11074
-0.349242
0.0570805
1.35713
-0.149311
-0.226435
-1.99523
2.04297
