-0.934002
-0.231406
1.57492
0.789663
0.0666736
-0.687836
-0.255268
-0.250796
-0.227312
-0.267273
1.16186
-1.82426
0.166123
1.53957
-0.352586
-0.0995331
0.39779
0.137771
-0.56269
-0.500228
0.892471
0.045162
1.00832
0.206933
-0.321664
-0.498352
-0.104104
-1.32441
0.296985
1.29843
1.12139
0.727944
0.46828
-1.1493
-1.49111
1.55178
0.454491
0.649057
1.02317
-0.45739
-2.18862
0.830209
-1.79548
1.20518
-0.326768
0.00830532
-0.767492
0.470982
-1.07985
0.340629
1.52322
0.304083
1.05385
1.59051
-0.250085
-0.32535
-0.0740893
-1.8582
-0.893747
0.713513
-0.175143
0.660011
-0.784648
-2.27622
0.665171
0.946321
-0.404028
-1.31939
-0.201497
-0.899674
0.24514
-0.974971
-3.10396
-2.01962
0.186719
-0.493405
-0.961122
0.346762
-0.916796
0.877644
0.428528
-2.08722
0.147933
0.436161
1.24001
-1.14466
0.289235
-1.06328
-1.6397
-1.11062
-0.989758
1.67344
2.5345
-0.976598
0.081516
-0.459415
-0.736878
0.259448
0.77173
0.273854
