1.83349
-2.34021
1.67564
1.78833
1.51044
-0.701648
-1.25334
-0.137132
-0.19417
0.733625
-1.22545
0.0546797
-1.52798
-0.482027
-0.567529
-1.07469
-0.268702
0.757608
2.21512
-0.167113
0.315559
1.44628
0.290682
0.231594
0.327324
0.0439825
-0.468947
0.974699
-1.9287
0.086768
0.108625
0.997822
0.541669
-0.349548
-0.119517
-0.391697
0.823389
-0.0284702
0.387446
-0.422117
-0.476398
-1.05861
-0.256426
1.62125
-0.159649
0.253002
1.21629
1.73572
0.689677
1.83099
-1.01724
1.49911
1.23689
0.416309
-0.507533
-0.569587
1.01686
-0.591763
-0.624232
1.30502
-1.28341
1.19148
1.38595
1.61329
-1.3765
-1.24131
-0.308494
-0.0535865
0.757038
1.63653
0.432837
-0.520614
-0.2912
0.23921
-0.509189
-0.252616
-0.835229
0.735334
0.452389
2.04717
1.23234
0.335769
0.052705
0.639961
-0.340279
0.242297
-1.53804
-0.535432
0.450428
-1.19452
