-0.162579
0.0435569
-1.71191
-0.639877
-0.392988
0.00230146
0.491272
1.86722
0.245482
-0.250887
-0.710391
0.290498
-0.426322
0.538348
0.0692667
0.155235
0.460476
-0.122743
0.91193
1.59869
0.604134
-0.773705
1.21765
1.1676
0.482765
-1.07036
0.260029
-0.581494
-2.22501
0.415407
1.08087
0.96279
1.22928
-0.462132
-0.202878
-1.32695
-1.422
0.664031
-0.37186
0.559728
0.190198
-0.943531
0.251638
1.15616
-0.458308
0.0283393
-0.28822
-0.683052
-0.150966
-0.879532
0.909917
-0.717201
-0.641646
-0.0953921
0.0217653
0.248456
1.1214
0.487275
-0.320961
0.660976
-2.11889
1.77321
0.514786
-0.639272
0.770028
0.507821
-0.202992
0.0335367
-0.528142
-0.337356
-0.510345
0.306647
0.285093
-0.523135
0.357711
-0.742045
0.840168
1.05926
0.24607
0.101907
0.213656
-0.679696
0.478212
-0.66817
-0.263483
0.854614
0.146921
-0.217869
-0.553989
-0.239049
-0.140076
-1.05732
-0.573728
-0.580118
-0.729245
-0.807125
0.894198
1.4577
-0.0760786
-0.941675
