0.425064
-1.19526
-0.965052
2.26419
0.328359
-0.684924
0.541974
2.83786
0.0884165
2.05937
-0.00961178
0.163775
0.198496
-0.421162
-0.455023
-1.61419
0.664333
1.78308
0.257406
-0.520779
0.742164
-1.55613
0.99645
1.14658
0.775261
-0.398087
-0.341515
0.0588886
-0.870034
-0.456955
0.559228
0.267165
0.201527
-1.10914
-0.205088
0.757063
1.54789
-0.387813
2.10744
-0.593226
0.351791
2.37819
2.27992
0.383662
-0.87102
-1.51158
2.4401
1.91568
0.315838
1.80668
-0.773146
-0.00519164
0.687263
1.54735
1.41029
-0.843177
-0.949797
-1.74408
-0.990324
0.833846
0.0851945
-0.884405
1.5289
0.503256
-0.612619
0.795373
-1.61609
-1.32626
0.587148
-1.35378
0.251883
0.527907
-1.18637
1.39858
-0.37849
-0.107044
0.447238
0.128125
-0.730287
-1.29929
-0.0181726
-1.39283
0.739545
-0.844787
1.39156
0.64655
-1.35099
2.16232
0.384325
0.454034
1.04387
0.299424
-0.116992
-2.10654
0.442322
0.81974
-0.480745
0.398749
-0.144477
-1.22535
