1.00779
0.719819
0.536478
0.17644
0.228495
1.12167
1.13162
-1.42364
0.417746
0.8415
0.247637
-1.96648
0.877714
-1.3053
2.02856
2.73618
-0.635946
-0.674119
1.01253
0.43192
0.872241
-0.936511
-0.742745
1.27797
0.188322
-0.784204
-1.62096
-0.159055
-1.17584
0.50254
-0.248759
1.05284
1.00046
-0.228682
-0.303256
0.415806
1.98209
-0.179109
-0.519164
-0.427274
0.361141
0.728431
-1.07466
1.34103
-0.535726
-0.659131
0.863563
0.961901
-1.06454
-0.965267
0.348093
-0.81056
0.797334
2.95157
-1.03452
0.430029
-1.08481
-0.152114
0.228635
1.41703
-0.0364146
0.30461
-1.0308
1.14957
1.58245
-0.134769
-0.731891
-0.184335
-0.315989
-0.517792
0.675531
0.53501
-0.406738
0.313245
0.19335
-0.803827
0.177577
-0.0451845
-0.882752
0.513556
0.377862
-1.42909
0.839738
-0.969712
2.13392
-0.173747
-0.476551
0.0136776
1.25619
0.0426867
-0.460085
0.069589
0.938446
-0.964412
0.595478
-0.692019
1.16824
1.72978
-0.739685
0.347514
