-0.343598
-0.29644
-1.206
-0.17242
0.299698
-0.277431
1.88303
-0.911132
0.0293895
0.168205
1.63842
0.706636
1.72382
-1.37302
-1.63405
0.175839
0.216197
-0.0399038
0.497195
-0.374959
0.224952
-2.17044
0.357603
0.814203
-0.706637
1.73442
1.10907
0.935375
0.507306
-1.81314
-0.904169
-1.55785
-0.783532
0.134418
0.259566
-0.901097
1.58739
-1.85946
2.54246
-0.233619
0.622578
-0.270235
1.05118
1.10641
-0.199215
1.70003
-0.128838
-0.385098
1.48464
2.00669
-0.998729
0.523993
0.835869
0.844451
0.326687
0.272999
0.727031
-0.0709773
1.08711
-0.676558
-0.511951
-0.961911
0.744438
0.799118
-0.634002
0.994153
0.211696
1.79607
0.804465
0.906487
-1.28314
1.19612
-0.701276
-0.811044
0.399933
-0.202215
0.355309
0.334888
0.16633
0.532751
1.9307
0.357868
0.359132
0.437751
0.866184
-0.0637634
0.85184
0.708884
-1.20135
0.757962
-0.595494
-0.795946
0.771773
-0.692253
2.08009
-0.779535
2.15834
0.323442
0.815407
-0.817801
