-0.0770433
0.118621
0.0557395
-1.23129
-0.842613
0.707426
-1.20805
-0.522572
0.38712
0.893383
-0.681027
0.414868
0.159542
0.451526
0.280291
0.570311
0.522813
-0.897572
-0.751536
0.42493
0.303263
1.52493
0.105239
-0.278811
1.52042
-1.26683
-0.625858
0.688757
1.0275
0.396067
0.651693
-0.215063
0.608254
-0.0775789
1.53385
-1.33296
-0.195167
0.586706
-0.744027
0.726513
0.0212881
-1.14551
-1.58713
-0.327972
-0.733994
-0.577831
-0.872647
-0.789966
-0.984908
-1.43108
1.71799
-1.48677
-0.847097
0.40389
-0.166545
0.542815
0.67812
-0.236733
1.94854
-0.217444
0.965791
-0.597358
0.298256
-0.897196
-0.0752057
0.684762
0.850814
-0.375916
-0.535156
-0.303966
-0.924355
-0.774729
-0.709837
1.02365
-2.06185
0.827975
-1.11717
1.16632
-0.581237
0.673248
-0.351193
0.0465647
0.855553
1.92805
-1.26844
0.738307
0.317918
0.0233654
0.884966
-0.541124
-0.0220892
-1.96728
0.316937
-0.453907
-0.650297
-0.301104
-0.200393
-0.406622
0.316622
0.349167
