1.84473
-2.73416
-0.172198
0.476607
-0.265749
-0.420472
-0.895411
-0.990227
1.39836
-0.128191
-1.7855
1.94081
0.830439
0.438147
0.720545
-1.37085
0.238381
-1.51682
0.0907998
-0.423346
-0.173839
-0.362335
-0.527991
-0.824641
-0.56073
-1.08771
-0.832945
0.385753
-0.533317
0.620059
-0.496779
0.0978978
-0.596531
1.11391
0.353223
0.136361
-1.08886
0.576518
1.06202
-0.015871
0.651769
-1.2659
1.27458
1.69039
0.512348
-2.79861
1.90647
-1.50666
-0.282426
0.608724
-1.31241
-1.165
0.573974
0.637668
-0.711414
0.39219
0.186493
0.216775
0.681915
0.951137
-2.06875
0.92021
-1.40518
1.48256
0.84377
-1.21084
0.873093
-0.770932
-0.0507151
0.119461
0.369575
-1.36638
-0.274748
-0.86441
1.05889
-0.440952
2.43349
-1.27475
-1.49
1.09365
-0.132434
0.673373
1.09445
0.0295443
-1.471
-0.826413
1.71348
-0.163673
0.736109
0.443734
