-0.87061
-0.480556
0.524577
-0.346121
-0.0112004
-0.583016
-0.630943
-0.315907
0.179859
0.680012
-0.074654
-0.211643
-0.241191
-0.574923
0.916824
-0.806557
0.446835
-2.11998
1.688
-1.20438
-0.625562
0.202587
-1.05567
-0.476905
1.05771
-1.07643
-0.353988
0.722604
-0.469801
0.467285
2.85705
0.155368
-0.232622
-0.975668
0.688731
0.450279
0.202948
-0.302283
-1.04941
2.44149
0.432454
-0.590421
-1.55933
-0.623587
-1.88558
0.53525
0.636861
1.7641
0.27968
-0.880337
-0.318084
-1.30865
1.47681
1.02164
-0.97431
1.12383
-2.74063
1.94446
-0.156322
0.795045
-0.183723
-0.734251
1.03952
-1.53247
0.136003
0.689909
-0.856919
0.556663
-2.40373
3.11156
-0.945615
-0.805669
-0.532328
0.283964
-0.864809
1.228
-1.48183
-0.594329
0.99391
0.0439824
0.586905
1.09186
-1.14896
0.425747
0.205715
2.15742
-0.687691
1.58706
-1.92968
-1.19733
-1.13322
-2.17292
-0.530287
-0.515917
-0.306654
1.14002
-0.801575
0.291178
0.359237
0.674135
