0.0215497
-0.718991
-0.0452613
-1.52483
-0.53608
1.26252
1.22959
-0.00552802
0.029607
-1.20243
0.734097
-0.723892
-1.74391
-0.484086
-0.349066
0.469497
-0.0493113
-1.14555
-1.88234
-1.00062
0.0884148
-0.362742
0.529445
-0.479443
-2.03533
-0.668324
-0.915094
0.862406
-0.109713
-0.147631
1.84073
-0.118207
1.47178
-0.0721182
0.28593
-0.470819
0.221409
0.728278
1.0483
1.99009
0.00536384
0.222937
0.0151826
-0.903382
0.634469
2.9242
-0.110655
1.30283
-1.99512
1.97521
0.390883
0.15043
-0.981753
0.162542
0.586834
-0.866439
-0.789506
0.181683
0.493457
1.06198
-1.37422
-2.08069
-1.10609
0.560216
-0.717522
0.363302
1.19307
-0.604872
0.243422
0.657821
-1.26408
1.40987
-0.0895223
0.57043
2.04687
0.163567
-0.0935625
1.82826
1.02752
-0.658248
0.720506
1.21844
1.20886
-1.26553
-0.744043
-0.317573
-0.170504
0.697199
1.22383
-0.0164299
0.532144
-2.27284
2.23908
1.3749
-1.41813
-0.393448
0.332339
-1.38655
1.18925
0.0760404
