1.34308
-0.399165
-2.04244
0.737642
-0.403868
-1.54622
1.60538
-1.59176
0.347846
-0.0191308
-0.515612
-0.161739
-1.23949
0.397254
-1.74075
0.488421
-0.298639
-0.0674917
0.453724
1.14523
-0.584769
-0.273542
-0.245651
-2.43507
0.324703
-0.126039
0.599949
-1.00951
2.88089
0.242235
1.12123
0.372663
1.08143
-0.567017
-0.293286
-0.340125
0.578445
-0.0669261
0.0291809
-0.576705
-1.01238
0.347714
1.55133
-0.623533
-0.0667877
-0.561343
-0.387778
-0.365196
-0.437607
-0.302681
-0.511284
0.601607
1.36171
-0.847895
-0.0537428
1.0519
-1.57176
1.24408
-1.37537
0.289354
0.162571
-0.613961
0.606795
0.260451
-0.719883
-1.29113
-0.665662
-0.578066
0.27161
0.0362282
2.0127
0.955654
-0.357729
0.626355
1.11121
-0.571345
0.886254
0.478214
0.392566
-2.4731
-1.32458
0.812276
1.22677
-1.13898
2.02221
1.20725
-0.15222
0.204657
-2.12543
0.0817554
-0.23071
-0.5441
0.405331
-0.300179
1.30415
0.862373
-0.919075
-0.0248557
1.29435
0.0213407
