1.33768
-0.156614
-1.14876
-0.814772
2.08365
-1.08358
1.09544
0.273229
1.62842
-0.63907
0.882539
-0.618505
-0.903487
1.27768
0.0283931
-1.17025
0.913455
-0.582641
0.389299
1.4517
1.06673
0.41591
1.29592
-0.288935
0.0443902
0.620927
0.421631
0.126069
0.505739
0.167157
0.722277
1.90241
-0.355013
0.271526
0.508346
-0.874571
0.86759
0.928458
0.381134
-0.338609
-0.154459
-0.208477
-0.529867
-1.45729
2.07001
0.545906
0.427427
-0.24491
2.00081
0.414218
-0.398646
-0.606669
0.309757
1.36153
-0.151843
1.733
-1.27212
-0.517204
-1.17668
-0.560006
-0.0704652
-0.323318
-0.0783917
-2.509
0.695229
-0.406134
0.225805
-0.293332
-1.27624
-0.182942
-2.32887
-0.431968
-0.995852
0.626733
0.186233
-0.267991
0.466188
0.923537
-0.462718
-0.960455
0.0314959
-0.0884976
-0.0256908
-0.104172
0.435872
1.00128
0.0690005
0.354441
1.3858
-1.30035
-0.375814
-0.932189
-0.582429
-1.5011
0.209822
0.510883
1.19364
0.854434
-1.01492
-1.18753
