0.649251
-1.44076
-1.34538
0.696192
-1.0017
0.188679
1.44638
-0.134664
1.55732
-1.14734
-0.422596
-0.217771
-0.172679
-1.57973
-0.0161548
-0.0556789
0.053588
0.188591
-1.69954
-0.438402
-0.600979
0.149089
1.72911
-1.12856
-0.815641
1.3313
-0.796573
1.14542
0.689563
-1.85453
1.4953
-1.28128
-0.769276
-0.345637
-0.656072
-1.17092
0.532194
0.00195737
-0.209712
-1.55484
-1.13514
0.373932
-1.77438
0.220066
0.0895339
0.870997
-1.25472
-0.0169615
0.179526
1.89578
0.806575
0.716814
-0.645235
0.664165
0.410449
0.432225
-1.28267
-0.136644
-0.00902537
-0.562342
0.443451
-0.0944744
1.30448
-0.931058
-0.0333258
0.776553
0.598784
-0.358608
-0.695004
1.2123
0.211261
-0.577657
-0.735799
-0.396302
1.20451
-0.557169
-0.373024
-1.41895
0.443463
0.37058
1.02538
0.410599
2.35261
0.411024
0.624839
0.829421
1.40113
-2.92807
1.79218
-1.85669
-1.4525
-0.91596
0.689185
-0.483406
0.10328
-0.508112
-0.0173427
0.196227
0.563073
2.31215
