-0.341435
-0.249759
0.309911
-1.5486
-0.0112455
0.492432
0.235262
-0.632985
-1.4164
0.0865706
-1.96799
-0.119372
-1.58638
-1.76689
0.552025
-0.960563
-0.162877
-0.48609
1.94768
0.571288
-3.71052
2.16273
0.969454
1.13763
0.125905
-0.675431
-2.54624
1.03736
-0.837494
-0.431499
0.441767
0.677061
0.682979
0.778469
-0.776618
-1.67503
-0.438023
-0.748798
-1.04967
-1.00092
0.776684
1.51547
1.18805
-0.744397
-1.51708
-1.12982
-1.23058
0.818672
-0.576532
-1.28539
1.22174
-0.443863
-1.49582
-0.510305
-1.89983
0.654566
0.0949186
1.30392
-0.395402
-0.658682
0.182859
0.0759678
1.12506
0.584941
0.11967
-0.929311
1.96394
-0.818058
-0.0929445
-0.849195
-1.51789
-0.251442
0.299436
1.26597
0.918812
0.554744
0.225729
1.16831
-0.0654847
0.109784
1.08333
-0.143814
-2.83135
-0.323335
0.549494
-0.339552
0.21319
-0.197234
-0.491311
-0.598678
-0.285385
-0.57133
-0.783402
1.08255
0.337027
-0.990522
-1.92397
1.39201
-0.0785575
-0.519781
