0.180652
-2.22508
0.267402
-2.18166
0.496845
0.778933
-0.360455
1.40633
-0.996161
-0.861148
-0.0648255
-0.87952
-0.250235
-0.502504
-0.421629
0.623346
-0.717707
-1.25526
-3.13233
-1.43786
-0.224396
-1.71829
0.669082
-1.98997
0.0511478
-1.27729
-0.789665
0.808934
-1.57676
-1.53243
-1.35037
0.893045
0.122385
0.889406
-1.00538
-0.138847
-0.916346
-1.12782
-1.56695
-1.49681
-0.161635
-0.777989
-0.288765
0.84935
-0.648697
-0.795897
2.20537
0.713786
-0.145461
0.704563
-1.60787
0.310545
1.3438
-0.450512
1.2723
-1.35341
-0.262401
-2.18932
1.41336
0.16227
-0.912533
1.95771
0.457957
0.888149
0.533057
-0.475678
0.641943
1.48203
0.392586
-1.14264
-0.169917
-1.2048
-0.0825122
0.809761
-1.26582
0.448855
-0.26683
0.818526
-0.266378
-0.556014
0.914851
-1.11323
0.720627
-0.766973
1.16478
-0.608447
-0.957901
0.444044
1.62379
0.326144
0.0913858
1.415
0.35566
1.12691
-0.459489
0.30686
-0.55612
0.321131
-0.519775
-1.4359
