0.412144
-0.572013
-1.10256
0.492522
0.594343
1.60047
-0.866032
-0.631625
-1.27188
-0.753953
-1.19576
0.00321619
-0.964893
-0.578261
2.43386
1.24136
0.217131
0.132453
-0.832358
0.29977
-0.455846
-1.14612
0.45299
-1.73537
1.85823
2.51905
-1.25781
0.640372
-0.921378
0.335136
0.532409
-0.618695
-0.640465
1.30398
0.99452
-1.32009
0.0267628
-0.576061
-0.145642
0.186382
0.466713
0.790989
1.24945
-0.221886
0.871734
-0.77683
0.932452
-0.14355
-2.37081
-0.220076
0.21894
0.933459
-1.26774
1.26762
0.294628
0.295891
-0.0607502
2.53199
0.842643
-0.656798
-1.10214
0.256927
-1.11471
-0.718359
1.57186
-0.328939
-0.589099
1.33803
-0.781103
0.0209973
-0.725932
2.17291
0.188839
0.855314
-0.352764
0.353805
-0.729805
-2.04159
-0.682711
0.729461
0.329528
-0.773716
1.20224
-1.4755
-0.177458
0.451426
-0.147547
-0.629134
0.258527
0.295791
0.927787
-1.59956
0.0225381
-2.83766
0.997133
-0.620225
0.87247
0.536353
-0.559804
1.56795
