-0.0799051
-0.0968317
0.270629
1.1218
0.796428
1.19488
0.115088
-0.0784032
-1.41418
-0.0706336
-1.14027
0.843987
0.333398
0.799737
1.00965
2.23948
-0.671826
-0.806956
0.979182
0.160533
-0.0828964
1.93948
-0.987241
0.894563
-0.80566
-0.300123
0.504336
1.34975
0.762512
1.48464
-0.128306
0.154153
-2.19238
-0.790103
-0.259152
0.365487
-1.11922
-0.487137
1.52976
-2.0999
-0.125107
0.250987
-0.86676
0.850132
-1.93156
-0.582374
-0.0942505
1.23261
0.17996
-1.80586
-0.96617
0.260318
0.309257
0.452539
2.62943
-0.389512
-0.304908
-0.249623
-0.295158
-1.42305
2.26297
0.239526
-0.0511472
-0.278532
-0.877971
-0.628275
0.794635
1.71642
-0.736657
0.893453
-0.858263
0.259397
1.12239
-1.86533
0.870031
-0.207481
-0.00870284
0.182619
-0.0174863
-1.57431
-0.43419
1.09287
0.898664
1.22849
-0.565568
-1.09931
-1.10577
-0.812063
-0.491116
-0.888824
-1.67345
-2.23063
0.0601161
-0.191461
1.14147
0.0540733
-1.10419
0.0769406
0.54345
0.486216
