-0.844884
0.831478
-0.417401
0.939017
-0.635524
0.721762
0.846031
0.367168
2.02305
1.05063
1.16412
-1.01665
-0.0532061
0.261104
-1.17261
1.2703
-0.769053
0.427534
0.00230513
-1.28383
0.86107
0.941718
-0.622733
0.137641
0.4962
0.477056
2.05293
-1.98335
-0.852253
1.6628
-0.489759
-3.01022
0.0252472
-1.32074
0.20074
0.633887
0.686758
0.444067
-1.97667
-0.812816
-0.260635
0.821248
1.1391
1.99331
0.96435
1.17377
-0.175821
-0.0249191
0.0795409
-0.401541
1.87904
0.530999
0.126329
-1.10155
-0.988175
-0.117931
1.73395
0.778605
0.817137
0.608211
0.455759
0.983152
-0.84571
-1.26162
-0.335598
-0.719259
-1.4093
-0.847066
0.627327
1.58188
-0.671314
1.08557
-0.516404
0.295465
0.588474
-1.5355
1.35131
0.437926
-0.423461
-0.548456
1.24441
0.987202
-0.234912
1.5843
1.94602
-0.558579
-0.385766
-0.578636
1.00162
-1.57654
0.452668
-1.3311
1.23509
1.50913
-1.89378
2.45576
0.29164
-0.34639
0.655387
0.0269445
