1.07891
-2.41038
-0.348291
1.02713
0.227587
-0.499672
-1.38528
-1.10815
0.572743
-0.953136
1.81241
1.76366
0.0674525
1.43449
-0.0648775
0.677689
0.790942
0.719604
-0.32765
-0.594414
-1.40638
-1.62077
-0.594548
0.299534
0.499796
-2.22379
-0.966505
-1.63399
-0.84746
-0.338819
-0.0275746
-0.368926
2.35894
0.196651
-0.116173
0.580583
-1.1862
-0.527778
1.13524
0.0217845
0.22985
0.0143488
0.28193
1.54195
-0.630735
0.204865
-1.34355
0.436954
0.0984133
-1.63197
-0.900839
-0.620025
-0.631388
-0.0235954
0.422494
0.636772
1.68628
-0.668325
0.126397
-0.0789135
-0.639996
0.148353
0.697226
-0.488469
-0.935438
0.662132
-0.593934
0.264297
-0.271523
-0.547174
-0.673318
-2.12163
-1.59798
0.063411
-1.63131
-0.536704
-0.469954
-0.390491
0.251645
0.336861
-0.945971
0.18885
0.20585
1.15258
-0.720797
2.79284
0.725534
0.335758
-0.514381
1.31536
0.0897254
-0.292483
0.86377
-1.27908
0.284464
0.159426
0.856624
-1.46129
-0.304722
-0.0701344
