-1.74844
0.0147499
-2.50965
0.412897
1.09989
-0.645484
-0.0594816
0.84527
-0.383717
-0.538173
0.107261
-1.47883
-0.283889
-1.1805
2.71192
0.062727
1.96261
-0.200467
-0.956402
0.168245
2.07098
0.23525
0.454497
-0.106932
-0.55008
0.458219
0.227742
0.982089
-2.00879
-0.702055
0.276778
-0.682543
0.040498
-1.86228
-0.487455
-0.262822
0.450118
1.4495
0.952305
0.10641
-0.720692
-0.451724
0.893798
-0.156008
-0.0554427
0.0757787
-0.31325
1.0167
1.01291
1.37016
-1.45074
-0.0665519
-1.20448
-0.825582
0.0596698
0.511346
-0.631405
-0.19633
0.247649
0.030479
-0.561669
0.0724086
0.844213
0.0311554
-0.661746
0.399499
0.444722
0.748311
0.363342
1.95458
1.11031
0.67725
-0.607363
0.380133
0.00500569
-1.12984
0.704356
1.05646
-1.84022
0.675264
-0.317647
0.343797
-1.90668
-0.979939
-0.460915
0.835188
0.904852
-0.31498
-1.11267
-0.892951
0.0141839
0.174086
-0.169422
0.159704
0.655271
0.292722
-0.153891
-2.43117
1.3866
-0.254712
