-0.852814
-0.505937
-0.299201
0.0399911
-0.743603
-0.162307
1.79342
0.898714
-1.17023
1.54592
1.25252
-0.114691
-0.962
-0.00237557
-0.936574
-0.655975
-0.146107
-0.552674
2.30113
0.434784
1.33857
-0.751217
-0.632082
0.00119981
1.28867
-0.208565
0.376658
-0.170585
1.15916
0.132724
-0.884173
0.18222
0.0629738
-0.22705
-0.15203
0.524621
-1.24871
0.520884
1.99216
-0.00243579
1.41981
-1.12012
0.947444
2.04593
2.36256
0.436174
1.05385
0.821165
-1.37388
0.170028
0.254146
1.73957
-1.01429
-0.448016
1.34993
-0.972245
0.282124
-0.138711
-1.6453
-0.621884
0.37523
-0.236427
0.633011
0.439419
-1.98202
1.05967
1.56094
-2.29698
0.88151
0.178351
0.951758
1.77183
-1.2229
1.79015
0.0244645
-0.112077
0.323881
-0.958499
-0.790511
1.18266
1.49765
-1.60075
-0.984065
0.351149
0.350886
-1.19563
-1.35624
2.33522
-0.918889
0.306159
