0.603795
2.01126
-0.298186
0.180252
0.216191
-2.13175
0.78877
1.18438
0.320829
1.51908
-2.03188
0.449908
1.01275
1.53262
-0.990595
0.250224
-2.0946
1.33985
-1.61827
0.254185
-0.457461
-2.84973
1.83908
1.03059
1.82528
-0.900772
-1.78112
0.544253
0.158883
0.41848
-0.175353
-0.730835
-1.09937
-0.962507
0.631843
-1.61669
0.203718
0.191402
-0.139853
0.29129
0.43537
1.25148
-0.31265
0.299339
0.575569
0.629982
-0.017647
0.537306
-0.871531
-2.02471
0.849161
1.01933
1.80709
-1.58848
-1.66438
0.555885
-1.1661
0.127935
1.03186
0.603975
0.936901
0.37181
-0.357665
-0.619253
-1.37876
-0.0128751
-0.367275
-2.15197
-0.835617
1.71113
0.423294
-0.354863
-1.45137
0.799565
0.321748
-1.46021
1.08438
-0.737977
-0.0977563
-0.975105
0.401428
-0.677635
-1.10159
0.486915
1.0626
-0.023471
1.11061
-0.391201
1.44612
0.508978
0.429989
-1.7388
0.86874
-0.213293
-0.403264
0.323294
-1.74192
-0.385684
-1.44523
0.677347
