0.460057
-0.71062
0.546842
-0.405295
0.677856
-0.0255328
0.433928
-0.715876
-0.594431
0.727766
0.649495
-0.057912
1.9822
-2.34114
-0.481864
-0.223797
0.764879
0.145679
-0.484927
-1.03566
0.724398
-0.322164
-1.66604
-1.33658
0.387763
-2.05667
-0.12991
1.40491
-0.0440641
0.494894
-0.168078
1.48285
-0.10311
-0.719268
0.856413
2.02467
1.79302
0.15261
-0.786141
0.903704
-1.59227
-1.14442
-1.81132
1.13786
-1.01498
-1.25062
-0.98078
0.342653
1.27938
0.949125
-0.315233
0.0515701
-0.706948
0.419905
1.33978
0.513979
0.0503606
0.49326
0.287476
0.241698
1.19859
0.815284
0.149067
-0.3856
-0.0962204
-2.20304
-1.21288
-0.651039
-0.189379
-2.99314
0.237563
-0.50776
0.15547
0.970067
1.95844
-1.17061
2.06057
0.570622
0.122584
-1.69614
-2.0146
1.95754
-0.189041
0.697126
-0.205971
-1.00078
0.389395
1.18505
-1.64955
0.420574
-0.709227
0.23305
-0.137375
1.16508
0.27273
-0.121444
-0.251791
-1.18148
1.27893
-0.318995
