0.574625
-0.0465815
1.98483
-1.71771
2.63337
0.0934059
0.731333
0.455048
-1.75579
-0.17918
0.887966
-0.295388
0.0897594
1.47138
-0.638554
-0.248485
0.00973119
-0.996982
-0.662747
-0.723272
2.85652
0.197047
0.448749
0.908032
-0.545073
0.942046
-0.0787878
0.260771
-0.440638
-0.34132
-0.515992
-0.69513
0.572888
0.0614104
0.106535
1.80165
0.350172
-1.19895
1.53993
-0.556271
-0.23912
0.509916
-2.82278
0.187362
1.11199
-0.0241262
-0.0855857
-0.193261
-0.390256
-0.459792
-0.293877
-0.0269338
0.413389
-0.789481
-1.83652
0.419934
-0.127644
-0.498489
-0.720558
-0.16293
0.958258
-0.63505
-0.279229
1.08236
0.880115
-1.3688
-0.825528
0.903453
-0.0539684
-1.88048
1.49532
-0.0277965
0.753518
-1.73035
-1.23648
0.593555
-0.104428
-0.139503
1.47288
-0.0723579
-1.98766
1.39397
0.255154
2.00609
-1.34938
-0.12495
0.524049
0.145752
1.17729
0.899934
-0.364232
-2.69222
-1.2103
0.526169
2.31055
-0.517042
-2.18941
1.34191
-0.928656
-1.6033
