0.727141
-0.371378
-0.566817
-0.915488
1.21883
-0.47412
-0.843136
-0.855527
0.295904
0.948059
-0.441292
-0.46535
-0.735347
1.37752
-1.24626
0.507244
0.571444
-0.687124
-0.637835
-2.33862
-1.23777
-1.36968
-0.319853
0.0898279
-0.13291
-0.989996
-0.887237
1.06364
1.95144
-0.97817
0.322581
0.988281
1.10428
-1.36475
-0.538601
0.956962
-0.972157
0.965794
0.850438
2.13423
-0.566929
-0.224919
-0.654216
1.00695
-0.35537
-0.803258
0.856962
0.409287
-1.32591
0.315301
2.02032
1.06515
-1.13601
-0.371819
1.84691
1.68146
-0.430498
-1.26856
-1.35369
0.409248
0.173063
1.60173
-0.608862
0.0190603
1.59045
-1.58419
1.14389
-1.01687
0.593522
0.382635
0.133568
-0.580519
-0.154107
0.641226
0.462511
-0.816765
-0.137147
0.137445
1.45844
1.53531
-0.530102
0.536573
0.161869
-2.97488
1.35204
0.857327
-0.629199
0.604382
1.1033
0.017054
-0.273755
0.678151
-1.30871
0.134905
0.357133
-0.200858
1.38874
0.329671
-0.624064
-0.0139078
