0.624827
0.561312
0.899618
0.613541
-0.979776
1.27067
-0.663346
-0.856428
0.941423
-0.7008
0.414575
-0.134157
-0.205964
0.334453
-1.42596
0.750463
1.59005
-0.632562
1.76932
0.743578
-1.67988
-0.999832
-1.11233
2.07221
-1.01227
0.129299
0.0586193
-0.68181
0.457788
0.091058
0.693929
-0.519237
-0.600286
-1.75849
1.69813
1.35526
-0.353628
1.07451
0.314389
1.00533
1.03199
0.520265
0.0953673
-0.626892
-0.336832
0.0659384
0.543711
0.619027
0.00828937
-0.722385
1.34646
0.213977
-0.970635
0.594594
-1.56686
1.8855
-0.910697
-0.912858
-1.56475
0.4968
-0.518254
-0.391921
-1.36304
2.12326
-0.446135
0.167287
0.796911
-0.15667
0.919225
-0.180721
0.730974
0.790579
-0.840205
0.458282
-0.516456
1.08463
0.168417
-0.750741
0.945753
1.81445
0.508053
0.746964
0.210581
0.958534
-1.94764
-1.05251
0.283205
-0.554388
-0.718674
-0.357513
-0.105075
-0.08413
-1.90089
1.25208
-0.177543
-0.367674
-0.00561184
0.0741298
2.60121
-0.949763
