0.183235
0.749629
-0.232595
-0.47944
-0.754852
0.565357
0.414305
0.445696
0.444294
0.132641
0.586318
0.0470741
-0.393972
0.64524
-0.0103195
1.40558
-1.00862
-2.31482
-1.93523
-1.00755
-1.23085
0.149909
0.447371
-1.26459
-0.196146
1.97728
-0.760755
0.491322
-0.00498048
1.03205
-0.193758
0.526667
0.177575
0.307905
-0.750551
1.04362
-0.0595572
0.350378
0.49167
-0.404558
-0.24856
1.18642
0.916028
0.704754
0.880799
-1.31221
-0.480662
-0.373947
0.0534742
0.00624109
0.667014
0.558564
-1.45725
-1.47965
-0.709914
0.438886
-0.893416
0.0262465
0.227533
0.730394
-0.845581
-0.822266
-0.445039
1.1659
-0.242805
1.14073
-0.0201149
-1.40456
0.308853
0.0992548
-1.65274
2.96758
0.442875
-1.52295
0.276156
0.771989
0.309754
-2.94996
-1.27669
-1.83147
0.129931
0.428771
-0.604851
-0.442676
-0.521474
1.08813
1.43841
-0.972986
-0.181578
1.36216
0.0338264
0.981937
-1.91577
0.590966
0.957676
-1.27163
1.66621
1.29278
0.0518275
0.704939
