-1.10311
-1.80427
0.304347
-0.128072
0.200623
0.820952
0.526596
1.00124
0.601576
1.0382
-0.911896
1.10628
-0.161225
-0.339447
-1.21301
1.04456
-0.202269
0.208104
-1.02551
-0.0522628
0.418668
0.853713
-0.0645746
0.0203919
-1.32357
-0.582201
1.64696
-0.225492
-1.58318
-1.27776
1.15594
0.605614
-0.621199
-0.396484
0.455394
-0.380099
0.0679211
0.328775
-0.0885242
1.03916
-0.0936847
0.309814
0.223817
-0.134583
-1.97528
1.43561
-1.25839
-0.727499
-0.761006
-0.567613
-1.86289
0.69999
1.08785
0.0107854
-2.11729
2.35214
0.508255
0.632326
1.90715
0.0929305
-1.57134
-0.932565
-1.07959
-0.641402
0.11606
-0.260595
0.252601
0.19584
0.795384
1.18843
-0.212331
-0.18432
-0.195538
0.677973
-0.752887
2.04698
-0.14596
0.840563
1.52795
0.240072
-0.341256
-0.7891
-1.22354
-0.0318993
-0.8988
1.2819
-0.560955
-1.25874
0.588702
0.322678
0.315852
1.36432
-1.27759
-1.59924
0.463129
1.14003
0.0226095
0.435157
2.07134
0.0641927
