0.684763
-1.70969
-1.61263
0.165667
0.107278
0.563326
-0.280434
1.43117
-0.292805
0.548032
1.69423
-0.05211
-0.216562
-0.0708321
1.11109
1.61052
-0.180562
1.63049
-0.738071
0.669002
-0.0388837
-1.12293
0.657402
-0.578922
2.42095
-1.02961
1.01374
0.459392
-0.361138
-0.687046
1.39918
-0.237409
0.589506
0.392625
-0.229728
0.245811
-0.286884
-1.5099
0.140894
-0.447255
0.692453
0.615258
0.362452
0.122888
-0.327459
-1.24273
1.5654
-1.17586
0.13146
-0.135322
0.74034
-0.3418
0.933
0.196251
-0.327932
-0.830703
1.38157
-1.46641
-0.908597
0.265643
-0.366107
0.981156
1.74551
0.150035
0.0491218
-0.978978
-0.11662
-1.28202
0.988768
0.155806
0.259059
1.31935
-2.155
0.681067
1.72566
-0.00455587
-0.520214
0.0995053
0.935434
-1.25417
1.6703
-0.499518
0.114522
-0.230062
-0.610589
-0.155421
-0.910065
-0.00647125
-1.12311
-0.283206
1.90013
0.933246
-1.54654
-1.26077
0.0414816
-0.0350503
-0.171805
-1.60647
0.837226
-0.390672
