1.38243
0.681616
-1.55444
0.859005
0.787473
-0.891927
1.06275
0.219733
-1.65083
0.333081
-0.901447
1.25787
-0.138779
-1.64208
1.29897
1.39822
-0.146726
0.428616
0.20102
1.257
-0.313006
-1.35563
-0.861464
2.48295
-2.66438
1.20511
0.0142242
-1.16135
1.10832
1.83275
0.814319
1.76802
0.437327
0.322818
-0.115937
-2.41812
-0.0665002
-0.569179
0.374115
-1.57189
-1.29158
0.421547
1.21481
0.225869
-0.371792
-1.15622
-0.84488
-1.56363
-0.41162
1.35187
0.702346
0.366766
0.796517
0.603801
0.417619
0.709928
2.22746
1.77287
0.253097
-0.681821
0.807558
-0.551639
-0.345916
-0.301665
0.0920254
-1.12624
-1.27625
-1.19907
-1.55024
-1.77718
-0.18322
0.052931
-1.31276
0.148015
-0.54238
-0.286268
1.14966
-0.0385717
-0.82485
-0.97333
-0.507465
-1.13596
-0.374581
0.718896
1.08681
-0.0211824
0.0798016
1.13938
-0.584362
-1.6438
0.876568
1.20222
0.794994
-0.623586
-1.45655
-0.842843
-0.194594
0.36288
0.559511
-0.6166
