1.06316
-0.0954681
-0.673213
-1.21213
-0.409684
3.13494
-1.17739
0.0928938
-0.829088
1.83766
0.919816
-1.04768
-0.676004
-2.29346
1.11744
1.0979
-0.620897
0.557879
2.54839
1.33454
0.534001
0.980008
-0.553667
-0.887002
0.871996
-0.318415
0.381676
-0.245673
0.754664
0.0407779
-0.381637
-0.683363
-1.45224
0.848251
-1.25228
-1.44822
0.303376
-1.61421
-2.03854
1.14575
0.274177
-0.332399
0.754394
0.330051
-0.808422
0.289917
-1.82979
0.880399
1.22609
0.681273
0.607196
0.992767
1.48544
1.37546
-0.28536
-0.260209
1.6867
-0.631017
-1.21132
-0.0414262
0.474403
-0.286648
-0.454964
0.14171
0.14648
0.849199
-1.50609
-0.745254
-1.04423
0.421389
-0.62432
0.656811
-0.616931
-0.0476954
1.05792
0.920093
0.487605
0.264376
0.022156
0.0239572
-0.943409
1.35466
-0.738387
0.592376
-0.145987
0.461111
-2.71751
1.07695
0.232633
-0.497271
