-0.15415
-0.456071
-0.132968
1.02473
0.513271
-0.3126
-0.77406
-0.518886
0.430876
0.215324
1.58703
1.24722
-1.0863
-0.453949
0.729939
-0.401193
-1.85642
0.97789
-0.304609
-0.401599
0.472644
-0.875154
0.651098
-0.439435
-0.590855
-0.353933
-0.225416
1.84586
0.665603
0.553887
-1.84494
-0.616177
0.454635
1.57543
1.55599
1.09241
0.0437866
-1.43108
-0.267759
-0.571357
-0.442077
-0.394584
0.14344
0.237248
0.907999
1.41151
-1.46356
-0.314171
0.50198
-1.2037
2.54654
0.423996
0.562647
0.73141
-0.0657825
0.637746
1.25773
0.184653
-1.10716
-1.31068
0.298263
-0.177617
0.685316
-0.317689
-0.58483
-0.0145931
-1.22871
-1.06826
8.378e-05
0.576278
0.922038
0.0588583
0.104641
0.908133
-1.08117
0.927493
0.869876
0.315437
1.11295
0.514988
-0.859427
0.195121
-0.0365936
-1.09334
-0.0350801
0.439703
-0.905311
-0.144357
0.797698
-0.291529
-0.0129802
-1.63347
-0.669426
0.129797
-0.575991
1.18336
-0.937652
0.273483
-0.448866
-0.986693
