-0.90778
0.901912
1.03365
-2.16404
0.83253
2.24745
0.433055
0.757057
0.0842334
-0.276151
0.215757
0.88624
0.0263195
0.513004
0.927393
-0.933018
1.21788
0.433293
-1.70527
1.21899
-1.46693
0.233575
-0.664092
-1.07684
0.406008
0.436359
-0.59992
-0.829742
0.322828
-0.0492763
3.14784
0.376859
1.20458
0.12285
0.556754
0.578465
0.54112
1.51188
-1.59671
-0.841356
-0.942731
1.41261
1.26168
1.72634
-0.328981
0.238101
0.556678
-1.42452
-0.303332
-0.256418
-1.59017
0.929813
0.680755
-1.35346
0.0234511
-2.01987
1.98073
-0.976865
-0.626881
1.15821
1.28752
-0.658916
-0.30048
0.0293891
-0.281715
-0.598451
0.133212
-2.00376
-1.67427
-1.26136
-0.143016
1.35742
-1.78912
0.893649
-1.58749
-0.569372
-0.228934
-0.771699
-0.85982
-0.718994
-1.6301
-0.0977717
0.225425
1.69445
0.684493
-1.02032
0.654501
-0.698321
1.59665
-0.65713
-0.403512
-0.234646
0.320869
0.130901
-0.530489
-0.356666
-1.43524
-0.882122
-0.893736
0.960063
