-0.670524
1.09716
1.52216
-0.441212
-1.12736
-0.483493
-1.52855
1.5932
0.257698
-0.373789
-0.489033
-0.991731
-0.095621
-0.450949
0.529109
-0.448028
0.69659
-0.79379
0.0800318
-1.00418
-2.18146
0.55869
0.869019
0.91547
-1.20892
-0.624096
-1.02892
-2.3009
-0.601528
0.152924
0.629077
-0.574008
0.689141
-1.05858
1.2742
-1.10324
-0.380891
0.719503
-0.909438
0.520647
1.24445
2.80758
-0.616285
-1.08132
1.19757
0.766822
-0.942028
-1.55195
0.468733
-0.362185
0.387384
-0.264429
0.695787
1.17078
-0.00586365
-0.586057
-1.07164
0.74011
-0.333756
0.108108
-0.887343
1.05696
-2.20473
0.930616
-0.592205
1.20224
0.32677
0.426144
0.733751
-0.529067
0.0221594
0.067984
1.54908
0.0355996
-0.905556
1.39093
1.07577
1.00135
0.852105
2.30221
0.0179972
-1.51877
1.15297
0.13078
0.451792
-1.64807
-1.46625
2.28856
0.335544
1.83843
-0.247301
-1.17755
-0.220971
0.898001
0.805412
-0.49345
-0.112096
-1.78905
0.639475
0.209262
