-0.278542
0.321348
0.895837
-0.278133
-0.320942
-1.39197
-0.846951
0.415803
-0.336789
-1.1781
0.609051
0.50055
-0.357448
1.4698
0.451116
-0.401253
-0.0839256
0.553787
1.36057
-1.54516
1.03437
-0.300676
-0.165683
-0.222516
0.131496
0.969827
0.263339
1.20095
-0.210701
1.64395
0.802121
0.196644
-0.416602
-1.70045
0.110019
-2.03077
-0.756693
0.235552
0.466116
1.46453
0.220384
-0.326558
-1.39833
1.97279
-0.136541
0.349593
-0.500814
0.597802
-0.708319
-0.181204
1.18174
-0.367783
-1.29471
-1.00983
0.272477
-3.29734
-1.04448
-0.782307
-0.901304
-0.334586
0.515854
0.204677
-1.00418
-0.431749
0.892217
0.91197
-1.72451
-0.619249
-0.662866
0.00434187
-0.314003
0.362123
-0.580086
0.871108
0.0701137
-0.920006
-1.46754
0.654615
-0.226571
2.09519
-0.593658
-1.00472
0.220081
-0.60643
0.87999
0.705524
-0.872913
0.890707
-1.05296
1.77528
1.37044
-1.0532
0.768661
0.647492
-0.910078
0.29563
-0.216615
1.37527
-0.836387
2.25796
