0.0136962
-1.8529
1.73342
0.665324
-0.0520832
0.536169
-0.532116
0.63117
1.85238
0.20076
0.804086
-0.44017
-0.605992
-0.117702
0.454197
-1.61944
0.721713
0.468482
0.250495
-2.19512
0.951449
0.43107
1.42771
0.612487
-0.333319
-0.477245
0.93126
0.874882
1.2573
-0.300126
-0.985394
0.583814
-0.634514
-1.43279
1.37365
-1.12622
-0.881023
0.0855402
-2.06964
0.278927
-0.405212
-0.982981
0.993722
1.44151
-0.172721
0.409311
-0.567926
-0.0407697
-1.45121
0.809282
-0.726635
-0.957321
-0.879393
0.420213
0.197564
-0.202784
-1.89445
1.69701
0.23022
-0.171135
0.5251
-1.48453
-0.0313431
-0.529461
1.58337
-1.14727
0.0968233
1.32324
-1.50514
-0.654774
-0.406119
0.0634106
-0.110001
1.28537
0.187409
0.468771
0.532654
0.430217
0.654623
1.03328
-0.279276
-0.279868
-0.342823
1.79158
-0.509732
1.0812
-0.730685
-0.685269
0.161661
-0.582822
-0.177209
-0.082104
-0.826652
-0.950766
-1.47099
-0.161992
-0.816454
-0.243957
1.18369
0.168362
