-0.904668
0.949943
-0.906375
-0.960995
-0.658942
1.30647
-0.486001
-0.835305
0.717982
0.363311
-0.668745
0.125953
0.541833
-1.171
0.459053
0.741731
-0.404345
-2.85909
1.68894
0.482374
-0.477863
0.989866
-0.108908
-0.796986
-1.06524
-1.19353
-0.55317
-1.1634
-1.77524
0.484768
-0.492528
1.01423
0.934048
0.041242
0.676342
-1.04153
1.35447
-0.56636
0.214148
-0.656429
0.910776
-1.34315
1.4297
0.475627
1.30779
1.44932
0.751663
-0.686336
0.041286
-0.545462
0.927296
-0.534765
1.66554
-0.637769
-1.65675
0.299921
0.542704
-0.327034
-1.03942
-0.226302
-0.700507
-1.33821
-0.41066
-0.820608
1.70231
-0.997107
0.661275
-1.5621
-0.547626
-1.40473
0.844005
0.177324
0.277442
-0.610347
-0.579109
-0.96152
-0.809885
0.115547
-1.26518
0.512296
-0.478635
-0.00605506
0.135639
-0.879833
-0.737705
0.299181
-0.288406
-2.04784
-0.820011
-0.631767
1.05781
-1.18011
-0.695677
1.34055
-0.433337
-1.33545
0.729409
0.173009
-0.600608
-0.527698
