-0.00865037
0.772409
-0.580388
0.310663
-0.220604
-0.0758626
-0.876342
0.626367
-0.546628
-0.328226
-0.101741
-1.62688
0.770955
-0.392937
1.70982
-0.534959
-0.563732
-0.271513
-0.205539
0.650589
1.17949
-0.377853
0.140759
0.778785
1.13322
-1.99376
-0.688052
0.148271
-0.124796
-0.330978
-0.156684
0.280092
0.034893
-1.17404
1.50136
0.523907
0.0705062
-0.753366
-0.871989
-0.0927769
-0.422034
0.0613003
-0.379101
-1.09919
-0.550397
0.739649
0.358387
0.314186
0.993154
0.791494
-0.925727
-0.889397
2.2631
-0.100669
0.142819
-2.76066
1.57538
0.34605
-0.34152
0.32317
-0.120304
-1.19498
-0.804232
-0.554866
1.40613
2.00986
1.56268
-0.489725
0.442126
-1.16718
-0.0680722
-0.782761
-0.741304
0.532917
0.223491
0.43753
-0.464657
0.338066
0.931275
1.39873
0.832718
-0.632981
-2.39285
1.02962
1.81827
0.0220126
-0.122299
0.0540755
-1.78018
-0.16292
-0.285513
-0.512275
0.776148
-1.25899
-0.251283
1.46534
-1.13085
-0.259586
-0.320466
-0.406289
