-1.25561
-1.17248
-0.31907
0.107737
-1.1212
-1.0005
0.865013
-0.97965
-0.232708
0.353452
-2.21838
-2.24396
0.666434
0.875273
0.197305
0.221954
1.35503
-0.198534
0.446093
0.466929
-0.553645
-1.49065
-0.627613
-1.15395
0.276139
-0.524668
-0.238855
-1.32404
1.10987
0.422276
-0.60995
-0.216523
-1.72488
1.06243
0.652859
-1.55383
-0.139132
-0.814096
1.25055
-0.0657794
0.431413
-0.821405
0.505105
0.503528
-0.309188
0.0169842
-0.287223
-0.0596695
-0.828966
0.880487
-0.0160445
-0.230737
-0.208766
-0.754975
-0.805788
2.03188
0.499827
-0.6022
-0.820361
1.59873
0.132904
-1.92972
0.922604
1.0018
2.39773
-0.533074
-1.50598
-0.0283574
1.20825
-2.07368
-0.670737
-0.023528
-0.0907767
1.03497
-0.0566028
-1.45156
-1.58197
1.05699
0.565094
0.417394
0.665418
0.413391
-0.0605784
-0.192764
-0.141496
0.741418
0.662988
-0.259015
0.995455
0.27333
1.0047
0.284726
2.30654
0.876395
0.81135
1.80554
1.23645
-1.52496
-0.628513
1.4321
