-0.0475182
0.890462
0.0575755
-1.22839
-0.247166
-0.839276
-0.190484
0.930059
0.0438971
-1.15783
-0.0733266
1.02884
-2.02283
0.867578
0.450085
-0.041616
0.832131
-1.88063
0.891324
0.825736
-0.742874
1.76849
-0.0495136
1.28094
-1.326
-0.448403
0.216437
0.514403
1.41842
1.31547
0.23242
1.33047
-1.69996
-0.0768344
-1.07601
0.414466
-0.537274
0.73487
0.508011
-1.88102
-1.33762
-0.60594
0.676096
0.548759
0.777054
0.91521
0.534069
-0.407463
0.418096
0.0439646
-0.423649
1.67914
-0.220655
-0.698975
1.61445
1.68709
-0.659935
-0.0272684
0.240971
-0.734182
-0.210413
-0.381887
0.468082
0.949425
-1.49779
0.062507
-0.0750992
0.514343
-0.63537
-0.581295
0.064604
-0.477549
-0.569776
-1.1981
-0.124771
1.28507
-0.587692
2.4978
-0.42566
0.860306
-1.01365
-0.0977355
0.247806
-1.23139
-0.179713
0.299568
-0.209417
-0.0475336
0.039938
-0.646404
-0.00633779
1.43952
-0.26404
-0.0586795
-0.674147
-1.78083
-1.68526
-0.804672
-0.508007
-0.19787
