0.00161464
0.227856
-0.147488
-1.57406
1.37848
-0.08996
-0.706046
0.13818
0.51899
1.27074
-0.23876
-0.281901
-1.54977
-0.636973
-0.464469
0.10655
-0.215545
0.847256
0.069831
-0.645052
0.469873
-0.501095
-0.517505
-1.37205
1.32186
-1.86899
0.219945
-1.96131
1.12477
1.36368
0.486649
-0.237026
-0.0760229
-1.65295
0.654307
1.90754
0.769448
1.31381
0.960274
-0.28732
-1.02583
-1.05266
0.00179136
-0.958194
1.17132
-0.191351
-0.212491
-2.409
-0.964027
-0.919915
1.26861
0.368427
-0.719134
-0.983483
0.537932
-0.742764
-0.970557
0.492344
0.49867
-0.783044
0.0179954
-0.857898
0.508937
-0.136582
-1.14991
-0.342644
0.176489
1.12948
-0.299387
-0.27734
-0.819823
0.290078
0.420151
0.778756
1.08938
0.315582
-2.43772
-1.74063
-1.13152
1.41767
0.855109
-0.569591
0.118297
0.567136
-0.526459
-0.52336
-0.846497
0.381067
-1.08237
-0.299883
1.89761
0.456453
0.817452
-0.344065
-0.639454
-1.2832
-0.486664
-0.996079
0.549847
0.493968
