0.821676
-1.25005
0.389855
-1.03358
0.99146
-1.2032
0.360001
0.450016
-1.01363
0.588074
-0.0707431
0.846489
-0.761744
-0.0961809
0.660483
-0.288587
0.901282
-0.073188
-0.740188
-0.754672
-0.112187
-0.746619
0.390968
1.9325
0.539259
-1.78969
0.550478
-0.463616
1.38877
-0.148789
1.64198
0.453302
0.288316
1.15795
-0.395075
-1.30102
0.0690806
-0.129298
0.135721
0.133979
0.623993
0.776166
-0.0699106
-0.423387
-1.66967
0.89653
0.926216
1.19024
0.771979
-1.74451
-0.618475
1.5149
-1.40954
1.04835
0.672331
-0.78885
-0.240759
-0.136069
-0.178491
-0.842884
0.333821
-0.362655
-0.881432
0.332247
0.275697
-0.533143
-0.282395
0.816303
-0.31985
0.114795
1.44934
-0.438346
-1.41499
0.711571
0.530331
-0.0156114
-0.153354
0.372431
0.430307
-0.54381
-0.960293
0.0890211
1.49165
0.00531089
-0.311147
1.49086
1.10833
-0.678965
-0.136259
0.375825
-1.87673
0.805858
0.793962
-0.302885
-1.3955
1.11604
-0.0474405
-0.235125
0.243037
-0.221112
