-1.1467
-2.6079
-1.95436
0.0652963
-0.525828
-1.30371
0.438471
-0.548578
1.00019
0.751503
2.53599
0.0272579
-0.616851
1.57903
1.90514
0.626124
-0.754392
-0.528854
-0.509046
0.0701787
1.91655
-1.60879
0.180092
-0.800648
-0.643351
2.23238
0.471673
-0.206287
-0.142774
-0.464576
0.363323
-0.677924
1.58587
-1.05313
-0.329726
0.97832
0.649505
-0.348492
-0.604049
-1.18178
1.71469
0.545022
0.980851
-1.8143
0.347609
-0.648273
-0.76231
-0.292887
-0.192051
-0.350434
-0.35505
-0.222496
0.599928
-1.37174
0.476078
-0.191066
-2.69531
-0.230115
-0.394182
-1.25567
-0.713417
-0.275431
-0.983644
0.256434
-0.8009
-0.600461
-0.507173
-1.8161
-0.325729
1.45161
0.271435
-0.077412
-1.54376
0.734168
-0.686378
1.83188
-0.791158
-2.36402
1.74874
0.860228
0.393341
0.0521067
-1.36052
-0.230792
0.447075
-2.90039
-1.16262
-0.113442
-0.243029
-0.738594
-0.46371
-0.345043
-1.45621
-0.0323805
-0.338957
-1.20765
1.16499
1.04804
0.138367
0.510006
