-0.642673
-1.41386
-1.19555
-0.230817
0.676076
-0.156844
0.0348819
-0.748986
0.343215
-0.543477
-0.0418899
0.71812
0.217354
-0.239293
-1.24014
-0.328095
-1.94211
0.318861
-2.01473
0.45051
-0.358178
-0.089414
-0.186582
-0.135382
-0.624638
0.485448
0.126715
0.147295
0.118766
-0.120129
-0.999356
-0.76019
-0.185985
0.41413
0.465909
0.616158
-0.480738
0.666429
-0.313653
-1.55564
0.38367
-1.59409
-0.852662
-0.772817
-0.0786064
1.40637
-1.6111
-0.59384
0.704711
-1.71121
0.645036
0.0227507
0.427628
0.187364
-0.438775
-0.538272
0.0509655
-1.79281
0.528769
0.509365
-1.39589
0.0849128
-1.22066
0.345637
0.629173
1.86212
0.226345
0.232996
-1.46391
0.265496
0.22238
-0.197734
-1.10172
0.467523
-0.589815
0.481872
-0.883753
-0.240948
-1.65858
1.34222
-0.529854
0.674598
0.0778849
-0.135654
-1.09191
-0.2648
0.495594
-0.974977
0.806761
1.61159
0.0983191
0.62551
1.05131
0.0786837
-0.0294226
1.97412
-1.05577
-1.08711
0.896454
0.258586
