-0.417891
1.24929
-1.06328
0.276011
-0.586177
1.1068
-0.521143
0.0763542
1.2579
2.23552
0.17241
0.0922762
0.0209671
0.872425
0.428269
-1.63891
0.416262
0.554889
0.863078
0.88811
1.06774
-0.608261
0.885157
0.547285
0.764406
1.03726
-0.657251
0.324397
1.10473
-0.0483369
-0.509244
0.89935
0.218368
1.10029
0.0807765
-0.71508
0.0573923
0.402562
0.134759
-2.48273
-0.207167
0.742632
-1.57344
-0.692304
-1.01165
-0.685455
0.530185
1.93131
1.97322
4.64e-06
-0.892096
0.532911
-0.283881
0.173596
1.16006
-0.940007
1.09351
-0.341052
1.299
0.754579
-0.319552
1.1889
-1.64359
-1.84656
-0.51975
-2.94461
0.184565
-1.11201
1.71477
1.36155
-1.46892
-1.44095
-0.58473
0.124254
-0.314658
-1.9253
0.0821332
-0.762992
-1.64588
-0.664297
-1.50913
0.416903
-0.859953
-0.313298
-0.336449
-0.282415
-0.23099
-0.253043
-0.417504
-1.93051
