0.997583
-1.35651
1.50297
-0.480609
-0.955798
-0.767975
1.85759
1.39748
-0.750204
0.358119
1.70465
0.589065
-0.307105
-1.11381
0.813838
0.577341
0.987752
-0.179176
-1.5926
0.0941999
-0.137333
0.796698
-0.88486
-0.29533
-2.01109
-0.177434
1.3116
0.613283
0.183116
0.253377
1.39498
0.211467
-1.15075
1.36338
-0.525094
1.84086
-0.30151
-0.598297
-0.715447
-0.987965
-0.546271
-1.33486
-0.266585
1.58239
-0.99831
-0.392104
0.832269
-0.437494
1.11106
-0.664868
-1.44163
-0.286407
0.892907
0.366969
-1.53347
0.0777475
0.694789
0.171721
-0.931622
1.56559
-1.78183
-0.507873
-0.617428
-0.0316001
-0.131966
0.55818
-0.232365
-0.250578
-1.33821
1.6442
-0.228597
0.245496
0.894544
1.04239
0.896243
-1.41961
0.157099
-2.30767
0.772537
0.314639
-0.388727
-0.306551
1.08086
0.705991
-1.23936
-1.01676
1.62281
-0.533269
-0.244465
1.06505
1.50758
-0.178449
-0.564535
-0.0613724
0.14893
-1.0621
0.643558
-0.270791
-1.93459
-0.200002
