0.316233
0.985505
0.505245
1.67658
0.857354
1.19747
1.78556
-0.804869
-0.154009
0.533492
0.193538
0.756799
0.0874127
0.885636
-0.229484
-1.00875
-1.67437
0.0162391
-1.08669
-1.34759
-1.00507
0.285397
0.211292
0.838235
0.626538
-0.845459
0.820033
0.585057
-1.92242
-0.27794
-2.71867
0.423729
-1.18714
1.88742
-2.79049
-0.228984
-1.07664
-0.733828
1.57621
-0.253389
-0.544868
1.25923
-0.838911
0.117754
1.0511
0.894884
0.344414
1.48488
0.0791628
0.733015
-0.145317
-0.550576
1.79023
1.18982
0.346838
-0.729525
0.798461
-0.825473
0.793268
0.515106
-0.695714
0.571019
0.913432
-0.619634
-0.0734125
-1.10327
-2.11877
-1.91567
1.03975
0.516721
1.21329
-1.16496
0.525668
0.697995
-0.897588
-0.747359
-0.496596
-0.697361
0.494962
1.69637
0.0492048
0.466224
0.0149756
-0.982989
0.0496981
0.540517
2.16484
1.9951
0.550268
-0.286955
-0.247811
1.03776
-0.351535
-0.883007
0.428834
0.19418
2.08135
-0.370663
0.616315
-1.62153
