-0.171846
-1.35096
-0.804736
0.648292
1.20769
0.388784
0.88785
0.711188
0.316375
0.801353
0.759682
-2.90842
0.961683
-0.902783
0.382423
0.798897
-1.21177
-0.572146
0.205275
-0.9428
-1.61056
0.288048
-0.415085
-1.55695
0.366768
-1.25926
0.462342
-1.60005
1.09355
-1.45838
-0.642061
-0.878216
1.39504
-1.69782
1.0987
-1.32883
-1.9769
-2.03023
2.3508
0.964377
0.353476
-0.450175
-0.150222
-0.559812
0.500654
0.565329
-0.744512
-0.475022
-1.05369
-0.882093
-1.058
0.0183875
-0.880746
-0.950004
0.326798
2.1213
-0.6229
-1.83339
1.14709
-0.470301
-0.380605
0.537976
-0.242794
-0.990942
0.159155
0.188513
-0.0412954
-0.0690001
0.868718
-1.18884
0.0888777
0.148993
-1.31929
1.32624
1.73507
1.00215
-1.68428
-0.998638
0.513944
1.37667
1.54693
-0.0922625
-0.883896
-0.659228
0.199016
-1.21023
-0.945695
-0.729333
0.225
-1.58793
-1.06693
0.881458
-0.613582
0.707464
-0.250902
0.761679
-0.712264
0.724293
-1.23159
1.45907
