0.216618
-0.0724679
1.58812
0.408058
0.748791
-0.734932
-0.266552
2.10297
1.89838
1.03858
0.426963
-1.57372
-1.45665
0.341694
0.351057
-0.29597
0.70933
0.486269
-0.338504
-0.52317
-0.601886
0.32551
0.310971
-1.0205
-0.59819
-0.110723
-0.90954
0.279876
2.00602
1.45598
-0.40509
-1.13851
-0.49483
0.0729468
-1.09715
-1.2825
0.450121
-0.138683
0.202375
2.07861
0.138159
0.91782
-1.13548
-1.65073
0.15544
-0.919654
-0.797908
0.829241
-0.99281
1.85287
0.413288
0.725794
-0.603157
0.0917663
-0.859744
0.131255
-0.589764
0.167472
-1.05473
-1.32021
-0.164426
-0.0344538
0.624788
-0.691964
-0.779202
-0.485424
1.24871
-0.358747
-1.65444
0.980292
-0.340301
1.92499
-0.183189
-0.0913443
-2.08256
0.422035
-0.671291
0.475568
-0.412214
-1.01398
1.14664
-0.743181
0.00819149
-0.378181
0.742375
0.522314
0.111912
-1.02896
-1.03409
-0.340709
-0.0422908
-0.957598
0.86093
-0.939553
0.383957
-1.54942
1.18433
-0.611735
-2.80571
1.17756
