-0.415321
1.2032
0.52669
0.475129
0.794128
-1.26551
0.368918
-0.347721
0.615505
-1.2607
-1.04929
-0.0820384
0.203465
-0.490117
-0.545805
0.735993
-2.28605
1.99882
-0.679855
0.48873
-0.208526
-0.474112
0.695949
0.612501
-0.831004
0.68689
-0.642561
-0.327018
-0.614439
-0.568254
-0.0474411
-0.358991
-0.714442
1.7336
0.465823
-0.722349
0.147723
-0.35537
1.17004
-0.498432
0.229103
0.82449
0.217793
1.83773
0.177335
-0.139675
0.353758
0.911251
1.20228
0.737142
-0.127235
-0.166483
0.392108
0.321258
-0.0789361
0.847134
1.21969
-0.474874
-1.87082
-0.0506387
-1.07703
-1.43295
1.12364
-0.308854
0.864026
-0.635459
-0.506795
-1.35167
1.63365
-0.464261
-0.515342
0.429789
-0.417197
1.44077
1.99285
1.37308
-0.543286
-1.24933
-1.42725
-0.250639
0.864127
0.564536
1.13648
-1.21319
-0.441267
-0.219194
-0.811192
0.228626
-0.471699
-0.0768342
0.309901
-0.567157
-0.0996224
-0.27519
-0.304326
0.868324
0.99419
0.392718
-0.612942
1.584
