0.68726
1.03514
1.81859
0.584903
-0.0329263
0.526402
-1.20015
0.336548
-0.493541
0.739321
-1.80178
0.760575
-1.11311
-1.192
1.17639
-1.41498
-0.918941
-1.30304
0.413637
-0.288463
-1.36866
0.380508
-0.316438
-0.578083
-0.41056
-0.512734
-0.608514
0.551024
-1.55275
0.35716
-1.51201
-1.5717
-0.285599
-1.42514
0.511954
0.83537
0.604108
0.205923
0.896516
-0.329717
-0.529695
0.925084
0.19863
-0.94803
-0.602805
0.321556
-0.30735
-1.84629
-2.35004
0.280478
-0.219382
0.403838
-1.19638
2.15879
1.1222
-0.564519
0.9592
-0.97937
0.652384
0.159482
0.757295
-0.995494
0.310684
0.637174
1.39642
-2.33938
1.37417
0.660384
0.118352
0.749656
0.768228
0.0220771
1.19603
1.23107
-0.930126
1.53476
0.303656
-0.942991
-2.11702
-0.138276
-1.27673
-0.764787
1.53859
0.645581
0.952265
0.962705
0.799654
0.276052
0.107467
0.296553
0.516441
-0.0183711
1.29603
0.879226
1.83486
0.597718
-1.00873
-1.4266
1.48756
-0.0723324
