0.0362886
-0.707508
0.953344
-0.128675
0.737081
-1.62342
-1.10708
0.28708
1.32498
0.347569
-0.488991
-2.05332
1.35969
1.1246
0.792158
1.67742
-1.22253
1.28445
-0.367693
-0.172563
-0.408487
-0.545231
-0.281908
-0.722086
1.33741
1.39074
0.400071
1.59342
-0.548766
-0.638699
0.63642
-0.312866
-0.692162
0.672776
0.809859
0.0502531
1.01151
1.96886
0.557285
-0.331321
-0.268758
1.9547
-0.702134
0.181989
-0.710299
-0.206519
-1.195
-0.4072
0.14237
-0.795809
1.13392
-0.48605
2.02358
0.985133
-0.760768
0.455429
-0.778876
1.79014
-0.153946
-1.08742
0.160769
1.94575
0.75953
-0.488057
-2.14008
-0.328538
-1.27467
0.612289
0.841577
-0.107915
0.240505
-1.52025
1.10052
-0.23814
0.604436
0.673504
-0.300262
-0.287237
2.65365
0.324198
-0.123384
-1.95471
-0.350469
0.691716
-0.0784464
0.901314
-0.104354
0.72247
1.13513
0.229722
