-0.871373
0.575207
1.68972
0.546465
-0.492265
0.578822
-0.416302
0.953028
-0.574171
0.123444
0.277148
-0.171417
0.178912
2.75066
0.982204
0.295547
-0.094679
1.08283
-0.409028
0.8332
0.53828
-1.08132
0.0634151
-1.46145
-0.0304294
-0.172506
0.871114
1.31013
0.94736
0.59303
-0.432951
0.547973
-0.390801
-0.258519
-0.458259
-0.783541
-0.6955
-0.343493
-0.172947
-0.0470594
0.404018
0.191389
0.969984
0.179291
2.18542
0.663324
-0.153467
-1.32842
-0.924683
-0.358027
0.816756
0.774001
-1.18568
-0.605189
-1.17983
-0.142806
1.31812
-1.94005
0.695353
-0.3388
0.18632
-0.562119
-0.871907
1.0692
-0.527093
-0.299212
-1.28211
0.946562
0.833362
-0.0241757
0.419565
0.926752
-1.64816
-0.807054
1.59407
-0.917449
0.178373
-0.501595
-0.242684
0.0572584
-0.54894
0.0540678
0.8898
-0.963119
-1.23851
-0.334413
-0.187217
-0.0987683
0.163806
-0.38469
