-0.744
0.180713
-1.44892
0.68971
0.980289
-1.32733
0.116509
0.568338
0.0849476
-0.0671322
-0.0889701
0.584729
-0.708493
0.409717
-0.434416
-0.244964
-0.629925
0.17016
1.13431
0.14126
-0.741248
-0.268661
-0.299111
0.632902
0.63913
-1.63055
0.813783
-0.737085
0.0212966
-0.871291
-0.584049
-0.717706
-0.504485
-0.853213
0.0449284
0.17737
1.06124
-0.305383
-0.306252
0.192387
-0.608251
-1.53522
-0.724554
0.58707
-0.745874
-1.50258
0.01307
-1.03782
-1.38326
0.824421
1.43718
1.57763
-0.581303
0.0371173
-0.723447
0.285272
-0.672222
-0.768375
0.919471
0.826067
-1.18267
-0.27506
-1.75762
0.350829
-1.69087
0.456816
-0.823338
-2.87138
0.411035
0.147337
-0.0240216
-0.554858
0.229806
-0.223047
0.136429
-1.26892
-0.328183
0.31426
-0.917489
1.11115
1.13472
0.00100806
0.272161
0.0268539
0.933001
-1.0422
-0.791253
0.845634
-0.735282
1.81125
-0.695306
0.0637208
-0.458269
0.204205
1.69966
1.25498
0.0597556
-1.65057
0.295843
1.05359
