1.37006
0.53383
0.38705
-0.963785
-0.192522
-0.816501
1.66356
0.53518
-0.253548
1.07283
1.60254
0.19793
-1.93466
-0.669678
-0.387942
1.28335
-1.09672
-0.413239
1.93053
-0.234724
-1.37952
0.14725
-0.291117
-0.364575
0.899
-1.37674
-2.0639
0.193009
-1.24016
1.2897
-2.00231
0.897402
0.295183
0.973703
-0.460459
-1.50302
0.81489
0.0562615
-0.362716
-1.73366
1.29166
1.30617
-0.867291
-0.271112
0.275127
0.867981
-1.35391
1.49765
2.40587
2.34773
-0.864495
0.459507
-0.569564
0.0780531
1.24084
-0.875215
-0.234192
-0.619532
-0.39676
-0.316803
-0.247252
0.373186
0.551418
-1.20945
-0.693922
0.0470645
0.100348
-0.583749
-1.86797
0.801974
-0.379931
-0.118058
-0.694009
0.534789
-0.133177
-1.34894
0.842868
0.714846
0.363833
-0.289602
-0.691408
-1.45622
0.924174
0.672939
1.23341
-0.907679
-0.213517
1.32185
2.70816
-0.247993
-0.395287
-0.832866
-0.970397
0.824509
-1.25814
-0.882885
0.13581
-1.06874
1.2383
-1.77745
