-2.14339
-0.512855
-0.517478
0.347594
-1.14867
1.50367
-0.0148623
-0.493545
-0.201429
-1.35708
0.36107
1.72062
-0.655285
-0.277889
0.550109
0.487695
-0.86999
-0.490978
1.8049
0.111014
1.02521
0.419046
0.750602
-1.57287
1.01802
0.662574
0.438391
0.71549
-0.223899
0.723077
0.13307
-0.0842101
0.120484
0.47194
-0.0741003
-0.199479
-0.098795
0.974762
-1.07877
-0.135994
0.519866
-1.19479
-0.00590116
0.757295
0.469248
-0.236765
0.942035
1.145
-0.812834
-0.161189
-0.271912
-1.02864
-0.0457207
0.610361
2.75019
-0.0350762
0.956995
-0.494802
-1.65584
2.15543
0.0377146
-0.261534
0.371225
1.39501
-0.650455
-0.0240765
-0.624216
0.297259
-0.496601
-0.624613
-0.8315
-1.11409
-3.22069
0.233473
-0.00728332
-0.281294
0.428878
2.05368
-0.448665
0.361999
0.266618
-0.192598
0.0194288
0.288635
-0.928423
1.42496
-0.618042
0.919184
0.998367
-0.475095
-1.45429
-0.0434066
1.27972
1.75541
-0.518193
-1.41743
-0.115265
0.533321
-0.337022
0.0380982
