-1.71148
-3.41163
1.53984
-1.36605
-0.971335
0.0880945
0.893641
0.289821
1.05345
0.24396
0.464383
-1.04575
0.418403
-1.32082
1.8004
-0.82216
-1.14572
-0.655438
-0.265085
0.424459
-2.76193
-0.767085
1.0863
-0.770296
-0.145971
-0.377261
0.484399
2.20028
-0.132795
-1.02753
1.38079
-0.0663008
0.459864
0.718431
0.110193
0.0641853
-0.438195
-1.74495
0.225228
-0.826645
1.34254
0.73406
-0.0143461
-0.683647
-1.12209
-0.219479
-1.18601
-0.745999
-0.508914
-0.742571
0.788853
-1.96663
-0.0548383
0.362246
1.29148
0.545372
-2.22469
-0.951034
-1.35809
-0.429851
0.333541
1.1295
0.504183
1.5824
-0.943294
-1.73842
1.68891
-0.878397
1.47528
-0.837834
-1.42301
0.549011
-0.944173
0.0642947
0.396489
-1.64673
-0.862601
1.2567
-0.880624
0.0363518
-1.53147
0.745311
0.0871951
-0.792117
-0.210876
-1.83681
-0.810101
0.889766
1.05792
-2.47991
-1.07443
1.55249
0.0552013
0.809649
0.610096
1.98605
0.519017
0.282081
-0.605859
0.272225
