-1.23205
-0.15864
1.46456
-0.998457
-0.0197876
-0.837118
0.292321
-0.862308
-0.31213
-1.76159
-0.522778
-1.13528
-0.0320713
-1.48426
-0.145421
0.0340537
-0.638401
1.10493
-0.0405983
-0.308304
2.8709
-0.0682235
1.12165
0.170533
-0.417996
-0.551325
0.206444
-1.11766
1.56466
-0.064042
0.367848
-1.5355
-0.771354
-0.438699
-0.498193
-1.36756
0.120489
-0.0223664
-0.05461
0.329269
-1.48492
0.201721
0.210738
0.651275
0.906653
-0.847121
1.16601
-0.503843
-1.15188
0.459587
0.11137
-0.100867
-0.799257
-0.337069
-1.5916
1.01813
1.85865
1.569
-0.566136
-1.93501
-0.644346
-0.975503
-1.17828
-1.07969
0.563468
0.937188
-1.02302
-1.4516
-1.66287
0.057481
-0.5064
0.7495
-1.08309
-0.64661
-0.524575
0.152916
0.63968
0.17599
-0.391398
0.757049
1.47483
1.21193
-1.15259
1.27164
1.56828
-0.909325
0.791945
0.660633
-0.0175425
-0.243637
1.097
-0.0173576
-0.447885
1.27925
-0.362435
0.598017
-1.0394
-1.52095
0.266986
0.748833
