0.477177
-0.128721
0.868537
0.800649
-0.962377
0.0653847
-0.420018
-1.1687
-0.163342
1.32314
-0.907542
0.270918
-0.248697
-0.0583419
0.377726
-0.918596
1.20747
-1.57569
0.0979508
0.506806
-1.07888
-0.552736
-0.467762
1.1238
0.00400511
-0.773425
-1.63393
1.08551
0.329943
-0.181752
-1.11218
-0.39867
0.803216
-1.30037
0.252939
-1.81227
-0.492066
0.202674
-0.532082
-0.279557
1.0581
-1.85703
0.594876
-0.203722
1.02057
0.100412
-0.836765
1.3136
1.82114
-2.3833
-0.87015
0.314937
-0.463412
0.265238
-0.429567
-1.36351
1.94193
-0.138536
-2.15313
-1.09488
1.24835
-1.51138
0.293599
0.754716
0.373768
0.36414
0.227461
-0.454749
0.720973
-0.025209
-0.305944
0.417396
1.19236
-0.273247
-1.39204
-0.295366
0.28834
-1.13281
0.43893
-0.413053
1.13557
1.93598
-0.46017
-0.6335
-0.925543
-3.30983
0.440541
0.441189
0.686071
2.45701
-0.158974
-0.0102959
-0.0583414
2.57155
0.176145
0.684928
1.7452
0.791545
2.36683
-2.60413
