-0.0113039
-0.702564
-0.0700122
-0.358107
-0.392627
-1.51691
1.38884
-0.416223
1.92876
-0.807755
-0.633446
0.601194
-0.918692
-0.264007
0.980075
-1.79907
-2.55815
0.446745
-1.49712
-0.54273
0.267077
-0.346869
-0.104112
2.15802
0.332465
-0.943071
0.169818
0.813245
1.03642
0.137337
-0.632011
-0.378354
-0.123939
1.81874
0.962089
-0.696414
1.24399
-2.80079
-1.12544
-0.996642
0.981131
-0.625463
0.11971
0.212671
-0.525624
-0.970448
-0.289106
0.111946
0.27553
1.40493
-0.112425
-0.823818
-0.204506
-0.641087
1.56269
1.97469
1.10591
-0.672779
-0.810227
-0.255347
0.546868
-0.840463
0.290157
0.13515
-0.610559
0.422659
1.32954
-1.83686
0.450957
-0.381443
0.922971
-1.41547
0.716311
3.18387
1.4118
1.31452
-1.08456
0.420629
-1.40325
0.619192
-0.647455
-0.460336
0.82247
-0.0654896
-1.19732
0.80233
1.07603
-0.696996
-0.11276
-0.961192
-0.3326
0.350396
-0.240925
1.22695
0.501319
-0.443843
-1.76192
-1.23759
-1.5886
-0.60659
