-1.55339
-1.66786
-2.26275
0.064843
-0.129057
-0.60631
-0.89046
-0.890871
1.18087
0.958108
0.263734
-0.228243
-0.373
-1.18758
-0.431976
0.196113
1.31031
-1.30893
0.99764
1.40969
0.333437
0.487023
-1.01623
1.38878
0.70261
-0.674352
-0.154475
1.3533
-0.223848
1.38281
1.34714
-0.590624
0.93527
0.617441
1.45968
0.0440788
-0.372386
-0.904411
-0.0273101
-0.311982
0.115385
-0.330769
-0.313268
0.909536
-0.361757
-1.10112
-0.776644
-0.241051
0.0641552
-0.931318
-0.394855
0.334693
-0.274183
-0.486044
-0.0419811
-1.72324
3.0321
0.89545
-0.133753
0.9117
0.0322938
-0.641131
0.311424
-1.09823
1.40711
0.36012
0.984187
1.2322
1.51583
1.57052
-0.628937
-1.80656
0.256341
0.844987
0.111474
-1.05534
-0.898238
-0.382065
1.62321
-1.14222
-0.227381
-1.65867
-0.954801
-0.215956
0.285879
0.113759
2.34369
1.04269
0.700299
-1.39559
-0.412338
0.576285
-0.0663451
-0.901385
-0.666848
-0.646718
-0.955513
-0.350955
-1.44871
1.39761
