-0.137063
-0.858047
0.626615
0.708551
-2.29558
-1.36323
1.47645
-1.59624
-1.54288
-0.111926
-0.821827
0.516086
2.31647
-1.08123
0.43373
-0.450207
-0.0157811
0.357093
-0.0906007
-1.12055
-0.23555
1.07144
-0.80881
-0.496765
-0.494654
0.558218
1.08595
0.587791
-1.2664
-0.884323
0.763803
2.26856
-2.09168
0.282768
-0.197126
-2.31363
0.526587
0.626599
-0.68456
0.542302
-0.147393
-1.59021
-0.483113
-0.866023
0.181866
-0.935105
0.667998
0.664293
1.80883
-0.35542
0.404262
0.0723296
-1.75294
0.407936
-0.176495
0.992739
0.938699
-0.533338
-0.832996
1.33312
-0.0681967
1.09222
0.551158
0.0460925
-0.378841
-0.554257
0.281142
0.958925
0.114988
-1.01728
2.17524
-0.0862294
0.67565
-1.50216
0.969974
0.44914
1.48502
-1.58003
2.48618
-1.23011
-1.11831
0.832975
1.38277
-0.205611
-1.49193
-0.0907721
-1.64521
0.520809
1.0563
0.223419
1.28882
0.204759
-0.311619
-1.06915
0.97223
1.37577
0.304089
-0.477377
-0.756457
0.643972
