-0.31107
-0.746475
-0.66083
-0.49439
-1.94748
-1.17773
-0.175162
0.336696
-1.0363
1.0019
-1.23629
-0.940648
1.36944
-1.61837
1.01341
-1.22272
-1.20138
-0.520102
0.814813
0.255789
0.267731
2.28475
-0.524861
0.696767
0.623546
-0.100452
1.01322
-1.98308
-0.526682
0.0384998
1.02652
-1.3053
1.19137
-0.304559
1.52977
0.367473
-0.274029
-0.0974449
2.1283
-1.23715
1.19077
-0.0794362
-1.40294
-0.196515
-0.100938
0.506902
2.13715
1.12154
0.12472
1.31601
0.215218
-0.786752
0.145982
-1.20452
-2.89047
1.76215
-1.72554
0.850278
-0.820787
-1.15518
-0.765809
0.175367
-0.0947759
-1.90943
0.5184
1.05048
0.168515
-0.442297
0.58337
0.445761
0.209051
1.33317
-0.133475
-0.154464
-0.0511079
0.0420116
-1.69167
1.51839
0.100789
1.13462
1.80591
1.07574
-1.02527
0.491736
-0.189851
0.325927
-1.29627
1.2445
-0.753685
-1.55464
-0.223142
-0.726703
-0.479128
-0.289031
-1.12429
2.29581
-0.578239
0.305395
0.413034
-0.218783
