-0.0328292
0.719536
0.669136
-0.516298
-0.207645
-1.14327
0.985418
0.66909
-0.372008
0.662225
1.75896
1.26006
-0.825938
-1.38492
0.245367
2.12609
-0.109705
0.0863063
0.7609
-0.219252
1.00049
0.800554
0.303316
-0.23767
-0.31571
0.591047
0.830025
-0.774672
-0.931833
-1.48477
0.369629
-1.13449
-0.173148
-0.252617
0.637042
-1.13135
1.33632
0.161777
0.789814
-0.397615
-0.0732345
-1.27873
-0.00325941
0.100246
2.08808
0.376011
0.361534
0.553269
-0.748322
-0.0170595
1.71635
-0.537689
0.95925
1.30972
-0.954824
2.26216
-0.61811
0.814103
-0.612689
-0.510054
0.938573
0.405499
0.409092
-0.851917
-0.79043
-0.77198
1.22144
0.24172
0.471705
-0.559619
0.224421
1.29038
1.0344
1.5843
0.0288074
1.20651
-0.816959
-1.35291
1.0887
1.39527
-0.0084162
-0.812051
-0.337841
0.683259
1.74748
-0.171467
0.531738
-0.25363
-0.934873
-1.05548
-0.207728
-1.28354
0.5954
-1.00089
-0.373879
-0.448871
-0.320901
0.0824963
-1.45333
0.744438
