0.617679
0.860828
-0.968394
0.34383
0.560771
-0.421352
1.24121
-0.991855
-0.260791
-2.08441
0.0952557
2.3026
0.117255
-0.88173
-1.15444
-1.46356
0.0835842
2.03772
-0.260027
-0.220555
-0.150987
1.93581
1.35561
-1.17027
-0.114913
0.9307
-0.491826
0.511028
-1.35006
1.01128
0.630065
-0.433466
-0.835809
-1.14985
0.961451
0.339409
-0.14776
0.852826
-0.506582
-0.141557
-0.470985
-0.371987
0.360524
-1.02231
0.871811
-1.65611
-1.21347
0.27916
-1.86028
-0.650716
1.00249
0.979753
-1.30424
-0.147491
-0.825424
0.827774
0.514871
-0.733419
0.150727
1.22682
0.589984
0.683102
-0.53567
0.682124
-0.286762
0.878762
-0.861075
-0.63861
0.865703
0.86652
0.99291
-0.650823
-0.0709291
-1.85183
0.602302
-0.144024
-0.537894
-1.18376
-1.64664
-0.32832
-0.475202
-0.0834572
0.733136
-0.106836
0.546666
0.498604
0.0255318
1.09188
0.941518
-0.923214
0.411889
-0.177022
0.978411
0.335309
-0.475314
0.702425
0.672745
-1.40627
0.907609
-1.14017
