-0.88899
2.69444
0.282169
0.380895
0.587599
1.73344
0.720361
-0.850071
1.02239
0.931261
-0.291544
-0.418296
-0.780985
1.03099
0.106203
-0.400122
-1.68692
0.893422
1.42745
1.76529
0.267034
-0.0291316
-0.761993
1.14607
1.85792
0.13967
-0.208462
-0.550614
-0.139715
2.43672
-1.17867
0.846551
1.7075
0.548858
-0.549868
0.521853
-0.334053
-0.122906
-0.188787
-0.242776
0.00820975
0.50887
0.893251
-1.0979
0.00965218
0.593045
0.264944
0.546063
1.02658
1.17388
-0.481475
-1.18995
1.01186
0.867057
-0.923407
-0.843606
0.290588
-0.10714
-0.560432
0.790611
-0.225051
1.31731
0.0231158
0.421152
0.0957111
-0.545699
-0.23059
0.592083
-0.120076
0.778776
0.720242
-0.567374
-0.833427
1.17299
0.532367
-0.285491
-2.58809
1.24463
0.208456
0.462939
-1.21293
-1.51707
1.3933
0.686469
-0.327024
-0.37516
0.896049
-0.193993
1.74914
1.45551
1.33727
2.33335
0.585079
0.926493
0.0979846
1.48549
-0.919144
0.69971
-1.24976
-0.0432844
