0.878497
0.15866
-0.148641
0.178191
0.200275
-0.078091
-0.735403
0.474334
1.43886
-0.132378
0.59641
-1.23577
0.813004
-0.729986
1.78169
-1.3923
0.669225
-0.871727
-0.772284
-0.15883
0.44242
-1.48966
-0.457215
1.61681
0.544664
0.157028
0.941879
-0.650965
1.29285
2.86685
0.504979
-1.23221
0.351147
-0.225763
0.488103
-0.813479
0.195606
-0.0626003
0.249461
-1.38158
-0.975147
0.218304
-2.12666
1.73193
-0.510742
0.692991
-0.845635
0.582312
1.01027
1.19328
0.379758
-0.902981
1.33403
1.13358
-0.827463
0.443608
0.312619
0.991129
-0.347001
0.331037
-0.201635
0.597148
-0.394473
-0.765365
1.83168
1.04764
-0.313978
-0.0915925
-0.622856
0.590751
-0.142973
-0.308268
0.0422888
-0.681816
0.694543
1.07597
-0.0607701
-1.07649
-1.22015
0.3411
-0.367679
-1.50928
-0.83022
-0.838916
1.33402
0.842817
-0.181676
1.24302
-1.39291
-2.45466
-0.409429
0.245115
0.304363
-0.891717
0.172373
-0.727051
-1.42529
0.0490055
-1.44826
-1.46769
