-1.6524
-0.284745
-1.9275
-0.443653
-0.696816
-0.99932
-0.346798
0.193778
0.310098
1.43356
-0.925662
0.240197
-0.697806
0.131938
0.252711
0.738025
-1.59797
-0.433146
-0.188916
0.404073
0.343086
-0.201725
0.414196
1.54312
-1.13673
1.34539
-0.166847
1.26564
0.100986
1.54134
1.49912
0.919128
-0.27751
-0.581239
-0.285957
1.31853
-1.39406
2.09479
0.125651
0.569432
-1.03116
1.08547
-0.265631
-0.168201
0.118393
-0.629769
-1.06443
-0.41302
-0.417782
-0.198206
-1.63477
0.596906
1.43815
0.783133
1.67572
-0.64655
-1.52406
-0.436925
-0.278971
-1.42355
0.878912
-0.665513
0.248764
1.60037
0.225321
1.93416
0.475692
-0.46751
-0.290352
-0.922176
0.0606733
-0.568032
-0.442082
0.12255
2.36814
-0.391174
0.34112
-0.498408
2.39075
-1.89294
-0.36296
0.336372
-0.079062
0.56989
-1.31697
-0.72465
-0.14447
-0.567602
-0.385853
0.722667
-1.71119
-0.398988
-0.530853
-0.728825
0.764827
-0.23688
-0.506929
-0.252199
0.309402
1.31773
