-1.44143
0.141127
1.14888
0.0521737
0.324286
1.05042
-0.0335994
-1.5248
-1.38946
-0.709554
0.264099
1.58894
-0.332748
0.119627
-1.01195
-0.819422
-1.10728
-1.12398
1.85727
-1.29922
0.415406
-0.117018
-1.13105
-0.471209
-0.116709
-0.812982
0.397472
-0.156664
-0.983539
0.938014
-0.772502
-0.734186
-0.473401
-2.57946
1.85518
-0.189279
-0.187216
-0.354719
0.0864628
-0.583721
-0.600881
-0.790786
0.194389
-0.438345
0.0107463
-0.130928
1.81856
-0.669767
-1.00876
-0.292627
0.895266
0.0846004
0.194589
-0.172345
0.28931
-0.80224
1.09108
-0.85016
-0.610957
0.732984
0.79641
-0.0551515
2.01367
-0.720187
0.248529
-0.306474
2.43686
1.4167
-0.751734
0.785887
0.227918
0.50086
1.08549
-0.20225
-0.431155
-0.52045
0.630595
-0.709072
-0.937338
-1.79713
0.808405
-1.15204
1.61104
1.23137
-0.193506
-0.513079
0.447746
1.53435
1.67117
1.08529
-0.515334
1.53837
2.83232
0.738294
-0.972912
0.0580494
0.0851271
-0.406494
1.05689
-0.803829
