-0.0726016
0.566558
-0.531664
0.563968
-1.87898
0.692355
-1.75531
0.917335
-0.739747
0.158833
0.364768
-2.12876
0.0927564
-0.718939
-0.449386
-0.415247
2.09222
0.223826
-0.189828
0.944479
-0.317354
1.14125
0.107458
0.625375
-0.151621
-0.39286
1.14792
-0.411646
-0.593758
0.544027
-0.615929
-0.0913381
1.5805
-0.125706
1.47494
-0.259567
-0.0415785
-0.287623
0.575243
-1.66912
-1.28933
1.41301
0.262928
1.01422
-1.15692
1.31191
1.81285
-0.281861
1.18491
0.125438
1.93106
-0.560519
-0.16359
-0.189624
0.0244791
0.586734
1.95639
-2.86129
2.09019
0.174775
0.0261291
0.0551459
-0.0370289
1.74251
1.29863
-0.702623
-1.76669
-0.436475
-0.268084
0.258004
0.214654
-0.396594
0.78492
0.244673
0.921754
-1.20235
0.214959
-1.387
-0.984725
-1.63447
0.477262
-0.547445
0.962646
1.00374
-1.03715
-0.100778
0.126441
0.00848492
0.115587
-0.890433
1.34124
-0.173747
0.822296
1.32121
0.209836
0.467329
0.968393
-0.418122
0.43439
-0.0388974
