-0.442183
0.396625
1.90763
-0.488901
1.46412
-1.36225
-0.834466
0.274345
1.69374
-1.24391
2.28818
0.133727
-2.01361
1.00818
-0.0741243
0.55726
-0.692332
0.837908
-0.998795
1.57682
1.37417
0.52926
0.0899898
-1.12469
-1.36346
0.562069
0.961921
-0.173216
1.20326
-0.761505
-1.43062
1.33935
0.355653
-0.0332649
1.32644
-0.554183
1.00063
-2.01783
0.152023
-0.362968
0.997377
-0.452192
-0.366547
-1.79155
1.98431
-0.172314
-0.471445
-0.768082
0.252305
0.560604
0.470695
0.452768
-0.0249502
-0.75798
-1.269
-0.384269
1.01203
0.335844
-1.34974
-0.466731
-0.743437
1.04821
-0.149922
1.01048
-2.322
1.78904
1.46542
-1.69679
3.02563
-1.11966
0.598034
0.322441
-0.195693
0.369115
0.392023
-0.0520708
1.08668
-1.07008
0.106116
-1.12399
-0.675144
-1.1253
-0.38525
0.142683
0.571572
1.39267
-0.510269
-0.970908
1.5626
0.0725468
1.76482
-0.816107
0.516295
0.773065
-0.120255
-0.8342
0.758147
-0.627646
0.171741
1.13926
