-2.0849
-0.249596
-0.504087
2.38884
-0.345545
-1.14744
-1.03817
0.509764
0.74953
-0.104332
-1.44117
0.999018
-0.355675
0.665996
0.327865
-1.43138
0.305704
-0.383221
1.09777
0.761269
-1.10048
-1.28707
-1.14237
0.89639
0.556362
0.194751
0.294171
0.847857
-0.495828
0.84832
-1.00421
-0.560595
-0.80988
0.699868
-0.369618
0.462988
-0.759852
0.828065
0.773677
-2.35187
-0.702468
1.00858
-1.52921
-0.877469
0.571191
-1.79782
-0.549279
-2.12532
-0.289115
1.0198
0.363871
1.26532
-0.0821911
-0.440863
-0.601963
-0.253333
-0.99001
-1.57665
0.673135
-0.112785
-1.62912
-0.896032
0.969072
0.178388
0.110683
2.08739
1.36302
1.79799
2.0799
0.827973
0.369712
0.96442
0.533158
-0.0643911
2.27926
-1.5863
-0.283018
-1.04567
1.15319
-1.04087
0.192643
2.06336
-0.875967
-1.0166
1.76265
-0.575131
-0.28351
-0.686744
-0.823279
0.774492
-0.683126
-0.204988
-1.60667
1.3933
0.438492
-2.05279
-0.656224
-1.58043
-1.03427
-1.77551
