-0.648785
0.298106
1.43129
-2.16533
-0.626278
-0.226128
-0.208962
-0.630086
-1.75265
-0.520548
-1.34908
1.75151
-1.72283
0.46306
0.492544
-1.17953
0.331107
0.316987
0.286664
1.51883
-0.0548078
0.775676
-1.63353
1.86169
0.45141
1.3498
-0.730311
0.0046503
-0.0325917
-1.11591
1.36585
1.43847
0.878846
-0.303835
-0.662362
0.328957
-0.233934
1.63804
1.75248
-1.02551
0.959549
0.063646
-0.0170933
-0.666801
-1.30333
0.904001
-0.482665
0.341413
-1.17262
1.00351
1.52736
-0.963682
0.29084
0.571657
-1.89694
0.52786
-0.669023
-1.65403
-0.274829
-1.05065
0.563702
-0.259539
1.42537
-0.838135
0.158977
0.115344
0.889707
0.663158
-0.196345
0.950697
0.685436
0.656601
-1.26007
0.278542
0.65582
0.457109
1.40448
0.962766
1.40913
-0.757341
0.103776
0.383099
0.015658
-1.841
0.291132
0.82101
-0.658917
-1.60194
-0.402636
0.487165
-0.814999
-0.348648
-0.823455
0.102447
0.161628
-0.826371
-0.0649163
1.49221
0.238826
-0.647081
