0.169122
-0.756566
1.08707
-0.135131
-0.721092
0.2901
-1.47257
0.414129
0.293833
-0.858543
0.62699
-0.959337
1.57788
0.29723
0.569088
0.814709
-0.141851
1.40014
0.239288
0.901101
-0.468068
0.088503
0.969615
0.294282
0.617486
-0.470823
0.323507
0.701211
0.541372
-1.19793
-0.667335
-0.299058
0.743833
0.319764
0.0738593
0.595414
1.30507
-2.12947
-0.0690167
-0.497483
0.521193
-2.06067
-0.0703066
-0.24786
-0.102802
-0.362171
0.362365
0.999279
-0.803236
-0.468152
-0.352979
0.597374
-0.370642
-0.292489
2.1257
2.56395
-2.69026
-0.264604
0.439476
-0.469662
-0.776352
-0.457121
1.58972
-1.29424
-0.938975
0.986114
-0.586238
0.134943
-1.45065
0.0822679
-0.418991
-1.15949
0.594859
-1.92558
1.15047
-0.38274
-0.337147
-0.778819
-1.49607
0.090538
0.13957
-0.109126
1.59851
-0.0711928
1.11396
-0.941629
0.598129
-0.333223
0.699814
0.51972
0.31205
-0.15862
0.489614
-2.56523
-0.356491
0.93013
1.2158
1.36104
-0.407871
0.819533
