-1.22512
-0.473742
1.37127
-1.75618
0.0635782
-0.186481
1.21194
-1.58184
-0.326615
-0.284864
-0.811747
-1.00446
0.661901
-0.395347
1.07593
-0.919338
-0.818021
0.00161579
-1.31179
-1.27683
-0.0924256
-0.849962
0.739313
-1.54589
-0.251376
1.01763
0.575567
-1.24508
-1.0068
-0.715492
0.413661
-0.654638
-0.784773
-1.82996
-1.31666
1.81696
0.379303
-0.0746731
-0.763345
1.00091
0.745704
0.0292456
0.517045
-0.665528
0.0568596
0.911524
0.216397
0.649162
0.310005
-0.449714
-0.319017
0.681304
0.265295
-0.225645
-0.624261
-0.833118
-0.139959
0.505465
0.91394
1.43124
0.966238
-0.266368
0.930229
0.497307
-1.95032
-0.237302
0.686949
0.04448
0.0719198
-1.39577
0.0468227
0.848523
0.184306
1.3013
-0.948399
1.92001
-0.646199
0.604429
0.162021
1.1134
0.758314
1.08323
1.78599
0.325445
1.02818
0.84388
-0.183907
1.28338
0.648689
-0.24904
1.17944
-0.643555
0.220997
-0.804254
2.18341
1.22932
-0.688935
-1.76514
0.233443
0.0541168
