-0.159843
-0.535286
0.145334
0.112173
-0.807458
0.584109
0.483923
-1.03047
0.423071
0.0520022
0.139548
-0.364249
1.29215
0.769434
-0.192698
-0.0959311
0.137851
1.87306
-1.23267
0.68132
0.0665416
0.142973
-0.341584
-2.76222
0.81047
-1.98592
-0.463161
-0.836289
-0.836625
-1.06052
-1.65028
-0.0312115
-1.55658
1.75821
-0.0991424
-0.406867
-0.693166
-1.23654
1.28202
-0.125053
1.63002
0.871693
0.724831
0.00718196
-0.3058
0.375542
-0.339881
0.707203
-0.795035
-0.35496
0.476016
0.175522
0.142579
-2.10938
-0.75931
1.72481
-1.18957
0.187471
-0.46811
0.731443
-0.587978
0.123336
0.333291
0.750436
0.349444
1.88992
-0.0402329
0.372783
1.21326
1.30274
1.37477
-0.139734
-1.43397
0.376357
-1.72836
1.6187
0.729907
0.373831
-0.453417
2.48657
-0.83636
0.683021
0.27254
0.349618
-0.41228
0.432873
0.599541
-0.91926
-0.530929
0.409321
-0.376744
0.60821
-0.276532
-0.198036
-0.106128
-1.48751
-1.24285
0.589374
-0.341221
-1.19352
