-1.82099
0.0753992
-1.52365
1.17418
-0.0358613
1.66649
-1.89785
0.825541
0.388818
0.317131
-0.0727541
0.343838
0.579075
1.03224
0.670561
-0.376503
1.49797
0.416749
-2.2131
-0.490167
0.880535
-1.81866
0.220224
1.27827
-0.709614
-0.2875
0.257915
-0.400529
2.13861
-0.804247
-1.23731
-0.780975
0.312541
-1.67259
-0.719914
-0.628947
-0.451523
-0.675171
0.431977
0.138519
-0.397648
2.51247
1.12631
-1.88007
-2.01348
-0.455654
-0.121802
0.709431
-0.504769
-2.12137
2.13387
0.572339
1.53102
0.399881
-1.34723
-0.60308
0.0711933
0.0255939
0.0310936
-0.253454
0.902697
0.480006
-0.59185
-1.63459
-0.472434
-2.32223
-0.907184
-0.85639
0.305003
1.15177
1.83097
-0.592142
-0.29559
0.858604
1.9061
1.45192
-0.810425
-0.682053
-1.14291
-0.355889
0.426595
0.0447035
-0.242482
0.004943
-0.203525
0.78599
-1.29865
-0.212672
-2.15202
1.02826
