0.268879
-0.098632
1.26101
1.39275
0.421829
1.23566
-0.21718
-0.668825
1.07727
-1.73185
-0.896765
-0.0430473
-0.995635
0.881973
-0.905875
1.12434
0.312686
1.73387
0.572446
-1.04314
0.0514977
-0.687651
0.605101
2.10523
0.981229
0.318095
1.47399
1.57447
-1.12286
-0.856734
0.276697
1.44208
0.144779
0.491215
0.999878
0.585947
-1.03227
0.482924
-0.648666
0.375249
0.737806
-1.22854
0.11657
-0.144358
-0.363976
0.433893
0.645272
-0.131984
-2.31109
1.20785
0.920317
1.54908
0.726862
0.0579458
0.478928
-0.846877
-0.330719
0.626405
-0.836507
0.841239
-0.397688
0.330635
-0.312841
-0.357566
0.515724
0.813812
-0.194896
-0.931968
-1.15548
1.02262
0.284582
-0.141906
-0.0394375
-0.138709
0.941195
-0.508102
-0.0437251
-1.03179
-1.43505
0.430084
-0.312628
-2.37992
0.664798
-1.01958
-0.650241
-2.99184
1.04703
-0.846521
-2.58435
-0.192622
0.393681
0.832818
0.430836
1.1342
-0.771912
-0.608041
-0.0681279
-0.156393
-1.75081
-1.0529
