0.0146404
0.867531
-1.11108
-0.692399
-1.85345
-0.495843
2.88504
1.16362
0.29061
-0.458762
0.199505
0.092121
-0.669731
-0.131321
0.582438
-1.47248
1.7753
-0.745018
0.702883
1.71321
0.579036
-0.0588317
-1.07006
-0.36168
0.591803
0.173404
-0.570877
1.03262
1.52683
0.228567
-0.443622
-0.453401
-0.742727
-2.47723
0.00337286
-0.0976873
0.524494
0.681801
-0.485361
-0.68448
-1.59799
-0.508763
0.0738715
-0.675391
-0.0944867
-0.761974
-0.679969
-1.09062
0.237002
-1.31976
0.317704
0.425409
-0.13403
0.29992
0.772992
0.840386
-0.51005
-0.532708
1.42905
-0.282055
-1.60131
0.983207
-2.01421
1.05951
0.651813
-0.670879
-0.394131
0.151827
1.86258
0.326011
-0.311962
0.531099
-0.593996
0.151018
1.03881
-0.826764
-0.206585
0.214332
0.406321
-0.803504
1.17932
-1.79249
-0.0124903
1.04105
-1.26543
0.0343673
-0.1228
0.0211828
-0.126698
0.0377888
-0.0734405
0.0814918
1.30436
1.05618
1.09297
-0.380954
1.03994
1.06132
1.55129
-0.191799
