0.227974
0.953309
0.726205
0.431628
0.0854753
0.5822
-1.08498
-0.287139
0.292794
1.05052
-1.83709
-1.68199
-0.0760768
0.492247
1.05646
-1.1967
1.53661
0.714403
-2.87277
-0.122642
-2.23841
1.14916
-0.373004
0.772463
-0.0791667
0.0990466
-1.56463
0.798084
0.248943
0.711866
-0.126816
0.973125
0.209373
0.290395
-1.38449
-1.37918
-0.635947
1.89883
0.322752
-0.388385
-0.55652
-1.58647
-0.905668
-0.00175548
1.56521
0.0751034
-1.70613
0.0465683
-0.333659
-0.327818
0.151318
-0.0310673
-0.543951
1.39354
0.753652
-0.504408
0.657018
0.236407
-0.00403376
-0.831106
0.0135077
0.65944
-1.09555
0.23088
0.835633
-0.302317
1.07202
0.914877
1.01059
-1.57471
1.22376
-0.436054
0.286132
0.418809
-1.35709
1.00856
2.59222
1.05519
-0.101261
-1.11435
0.272956
-0.0307725
1.20741
-1.09195
1.04962
0.00436824
-0.748361
0.527531
-0.145501
0.475791
