1.11341
-1.17107
-0.961816
1.16254
-0.259773
0.767299
-0.741486
-0.0457732
1.67234
2.97417
0.809506
-0.660407
0.0161854
-0.0187022
0.0490129
-0.0694541
-1.33414
-0.211383
0.0788387
-0.839345
0.930039
1.05071
-0.134276
-0.507174
-0.359027
-1.58098
0.55285
-0.777393
0.0755537
-0.627936
-0.117911
-1.40686
0.443139
-0.679925
-1.02233
0.985232
1.06962
-0.339268
-0.203942
-2.14225
1.17889
-1.40594
-0.818296
2.20186
-0.774655
1.22351
-0.146623
-0.780956
0.053101
1.31893
-2.36091
-1.28331
-0.341863
0.170637
-0.404001
-1.10878
0.597275
-1.96521
-1.41519
-0.339996
1.42215
-0.0444007
0.639162
0.799256
-0.337394
0.0541015
0.533551
-0.057933
-0.0479743
-1.00361
0.463456
1.46307
1.41323
0.115967
-0.0153444
2.05048
-0.540148
-0.171064
-0.49171
0.287751
0.0062389
0.310389
0.4452
0.215865
-0.684274
0.826986
0.195756
-0.847146
0.839379
0.395683
0.170079
-0.0155792
-0.358708
-0.370987
0.565816
-0.138808
-1.03004
0.955012
-1.03956
-0.349639
