0.628714
0.839018
1.33548
1.15764
1.84459
1.23534
-2.07562
1.13298
-0.942283
1.19293
-0.536756
-0.467164
-0.129018
1.23454
1.77492
-0.47042
0.397449
0.798222
-0.740898
1.35731
-0.526811
0.0179053
0.244726
-0.118442
0.0219215
1.0207
-0.09694
-0.483547
1.12253
0.0891575
-0.743301
0.537867
-0.147551
-2.49864
-0.819966
-0.430967
1.89421
0.562406
-0.602475
0.586096
0.964296
-0.145175
-0.842176
-0.399811
-1.42303
-0.244576
-0.72058
-0.520577
0.731254
-0.770482
-1.30645
-0.601665
0.660297
-0.439934
-2.00733
0.537788
-0.189008
1.41227
0.887763
2.5912
0.487996
-1.39885
-0.669087
-0.175804
-0.596843
-0.606389
-1.12515
0.348538
0.0372389
2.42089
-1.35692
0.790629
-1.24608
-1.5652
1.41909
1.18427
-1.44104
0.391983
-0.596554
0.0942127
-0.904377
0.490087
0.123558
-3.64113
0.688445
-2.34762
2.39731
-0.836002
-0.56005
0.306953
-2.28869
-0.107434
-0.900403
-2.83617
0.322464
1.07897
0.249094
0.682415
0.942206
0.530443
