-0.980657
0.056432
-1.22734
-0.153296
-0.857328
-0.793092
-0.260471
-0.0807631
-0.924607
2.16932
0.49166
0.134202
1.31949
-0.183258
-0.750273
-0.497054
0.379441
-0.753236
-0.770695
0.0472961
-0.882721
-0.706458
-0.0598975
-0.530683
-1.10099
-1.25502
0.428146
-0.272605
0.368376
-1.19255
-1.773
-1.18673
-1.30974
-0.363936
0.378287
0.781514
1.65898
1.36212
-0.236719
-1.42299
0.263278
1.3537
-0.947593
-0.00360043
0.0242909
-1.15131
0.626208
0.844566
0.0943002
-0.21303
-1.35968
0.443719
-0.787437
-0.48653
-0.617162
-0.285056
-0.532346
-1.64257
0.592591
-0.763973
1.16963
0.634258
-0.762665
-0.224473
0.0258486
2.31661
0.0426452
0.590604
0.202187
-0.496572
1.14537
-0.219264
0.570257
-0.0941469
-0.618929
-0.950159
-1.6306
-1.57279
0.508762
0.272587
-0.200733
0.189463
-1.29853
-0.547829
-0.510571
0.58502
-0.458149
1.01659
1.34889
-1.50933
-0.754416
1.05554
-1.21781
-0.849233
0.664437
-0.106221
-0.382134
-2.22805
-1.39217
0.346994
