0.537517
0.676849
1.46259
1.40286
-0.469913
-0.534653
-1.26689
-1.08088
2.73862
-0.822859
-1.17167
-0.0571813
1.33584
-0.450813
-1.55532
-2.84608
0.257688
0.322459
0.0956967
0.296764
0.308702
-0.728975
0.648719
1.32496
-0.833722
-1.45493
-0.202823
0.0756353
0.738091
0.329462
0.308171
-0.147149
1.82911
-1.70808
1.27854
0.409138
1.01245
0.683486
0.652086
-0.922413
1.2648
2.26624
0.825615
-0.957169
-0.714335
0.880136
0.94403
0.415597
1.1275
0.630123
0.307188
0.297556
-0.487475
0.674281
0.361699
0.166087
-0.205667
1.09191
0.0535457
-1.65093
0.605845
0.936965
-0.0505836
-0.302062
0.662104
1.51887
0.9092
-1.04343
-0.394676
-1.03614
-0.370936
-1.01417
1.86031
0.724691
0.851429
-1.18262
0.012188
1.91226
1.12862
-1.99408
-0.725147
-0.704418
0.439505
-0.232803
-0.121301
0.223385
0.230826
1.59087
0.0148366
0.328416
0.0216032
0.520594
-0.0199136
-0.874119
-1.56933
-0.233355
-0.205223
-0.798751
1.09326
0.912428
