-0.899177
-0.316311
-1.06246
-0.668432
0.431388
-0.304656
0.0951636
-1.1928
0.105368
-0.218629
1.09486
-2.03546
-0.0788238
0.740822
-0.398227
-0.40658
0.0655162
0.963916
-0.858526
-1.83825
-0.64935
-0.786153
-0.776604
0.848113
0.746908
-0.451463
0.906969
-1.75141
-0.569084
-0.192022
0.450873
-0.0646401
-1.1829
1.48685
1.46871
-0.797797
-1.70025
-1.09856
-0.928101
1.45626
-0.76354
1.1529
1.34007
-0.0739795
1.03121
0.00642229
0.0604963
0.0564953
0.188259
-0.626472
-0.77894
-0.220942
-0.0109734
1.83887
-0.163953
-0.503238
0.832941
0.399563
2.86127
1.36941
0.829361
0.61228
-2.95409
-1.20001
-0.102762
0.188406
0.283992
-1.12297
0.360709
1.0955
-0.837732
0.291763
0.628293
-0.253399
0.263197
1.20677
0.730157
0.206756
-0.545616
0.21343
0.0436364
0.629024
-1.01212
0.755157
1.47282
0.233687
-2.05237
0.159679
-0.356115
0.690524
-0.260004
-0.00824784
-0.975504
-0.912499
-1.39334
0.304126
1.64486
0.541249
1.63146
0.666471
