0.596554
1.05627
1.37672
-1.21116
-0.799027
-0.905588
-0.175832
0.862139
0.797782
0.896918
-0.533727
-0.17569
-0.262775
-1.25736
0.0944579
-0.636453
-0.0513773
-0.386301
0.713415
0.468338
0.695192
0.655616
-0.242121
-1.14785
-3.0064
-0.482832
0.23453
2.27674
-0.00352129
-0.956165
-1.39881
-0.83178
0.148834
0.862235
-1.17342
0.544273
1.02936
-0.262022
0.758453
-0.131021
0.381235
0.475286
0.331042
1.66332
0.463892
1.73696
-2.09069
0.376194
1.94126
0.323606
-0.957477
-0.701615
-2.00461
-0.193156
0.523753
-0.430866
-0.705179
0.254533
-0.0132638
-1.33414
0.0160195
-0.286319
-0.600221
-1.86044
-0.0890456
-0.17693
1.41355
0.540552
0.37748
0.026682
0.0651957
-0.395808
-1.78241
0.201261
-2.20965
1.05865
1.10185
1.76913
-1.48214
1.34053
-0.374431
0.590989
2.3395
1.32523
0.865676
-0.29021
-0.800599
-0.00284875
-0.188934
-0.432
1.36312
-0.188775
-1.54452
0.979383
0.417057
-0.135954
-0.579598
-0.928505
-1.39263
-1.84459
