-0.947084
1.35178
-2.17645
1.07688
-2.88362
0.718641
-1.23578
1.63757
0.0749369
0.219573
-0.358148
0.413461
0.676943
-0.507671
0.939202
-0.697588
0.720692
-0.318792
-0.751533
-0.198742
1.67644
0.0402579
1.06709
0.416392
0.727181
-0.347711
-0.208259
0.0912165
-0.357102
-1.308
0.134024
1.99046
0.605339
1.81649
-0.353087
-0.408897
-0.647927
0.369406
0.231212
1.60143
0.571038
-0.122527
-0.326566
1.18767
1.22869
-0.221249
-0.00627217
-0.484099
0.154686
0.401401
-1.07542
-0.594045
-0.134571
-0.377991
-1.19416
-1.28226
-0.293837
0.864893
-1.05315
0.206634
-1.53574
0.498826
0.369223
-1.43915
-0.344365
0.0407135
0.651197
-2.5554
-1.91432
-1.23965
-0.145069
0.596732
-1.53843
-1.03886
0.339608
-0.192848
0.696028
0.560337
-0.950255
0.688245
-1.08626
-0.698959
1.54787
0.438281
0.75182
0.541249
1.15729
0.0185931
1.18239
-1.17257
0.966859
-0.24692
-0.835596
0.301574
0.0311199
1.58513
-0.178514
0.596126
1.98273
1.06627
