-1.2039
2.26483
-0.38456
-0.0990878
0.156538
0.521152
-0.198031
0.403663
-1.92058
0.49665
1.15829
-0.7062
0.982359
0.756854
-0.366512
1.36519
1.04908
1.58383
0.808037
-0.860386
-0.238699
1.31544
0.623293
-0.712322
-1.62995
-0.403728
-2.18364
0.626585
0.0405193
-0.181804
-1.48271
-0.697961
0.993511
1.15667
0.128158
0.134351
-1.45746
1.08874
-0.613149
0.051566
-0.334347
-0.186545
1.03705
-0.426346
-0.281595
-1.09194
-1.29754
0.0756806
-2.34643
-0.742166
0.414948
0.909374
-0.137932
-0.269308
0.279507
-0.168584
0.276301
0.974514
0.849447
1.0644
0.128891
-1.53759
0.686372
0.788615
-0.0158191
1.85947
0.813871
0.500253
0.454141
0.367313
0.306477
0.203733
1.52239
-0.623569
-0.686555
0.544379
0.0774671
-0.877223
0.502159
0.219327
0.00126535
0.0119938
0.604951
-0.700261
-0.762286
0.678392
0.422811
0.00935895
1.54288
-0.306318
-0.906583
0.310587
-1.08933
-1.04419
1.39185
0.784178
1.05904
-1.91244
0.141563
0.331906
