-0.920734
0.00387483
0.290332
0.116017
1.34771
1.59888
0.679234
-0.600961
-0.489959
1.01476
-1.46746
-0.35574
-0.68226
-0.757684
0.810204
1.2187
2.52076
1.41953
-1.30048
-2.16141
-1.33187
-0.26799
-0.409465
0.239364
-1.23093
0.491434
0.941079
1.64255
-2.22509
0.208419
-0.523094
0.165622
-0.449983
-0.276317
-0.674681
0.750678
1.95036
-0.0416606
1.95395
1.04352
-0.598426
-0.671781
1.61247
1.65922
-1.40294
0.453764
-0.919421
-0.794964
1.2383
-1.05985
2.56885
1.59696
0.0322193
-0.711904
-0.809078
1.42877
-0.0468232
-1.26037
-0.709431
-0.22032
1.05768
-0.995756
0.0741647
-0.495443
-1.54354
-0.307879
-0.570443
0.325961
1.77633
0.886646
-1.53896
0.236685
1.047
-1.39994
0.134586
2.07639
0.4473
-0.357222
-0.955064
0.302304
-2.23689
-0.0215516
0.493623
0.239911
-1.20224
-0.167554
0.760171
0.201245
1.01693
-0.398206
-0.797127
0.62715
1.08795
0.449953
-2.33802
0.554631
-0.802407
1.90277
-0.232269
-0.880348
