-0.0584975
0.865768
0.165098
-0.503273
-0.854908
-0.170346
1.53555
-0.115932
0.445161
1.74313
1.73215
-0.0801037
0.573391
0.598686
-1.07509
-0.984919
0.999036
0.543196
-0.578326
1.81205
0.425215
-1.708
-1.17174
-0.959833
-0.548748
-0.177116
0.304695
0.107233
0.362567
-1.09594
0.839188
1.5841
1.0218
1.39445
0.40458
-1.73703
0.263267
0.182806
0.432544
-0.848426
0.882618
0.408354
-1.59414
0.85851
-0.512086
1.34102
1.46217
1.92164
-0.0517685
-0.603671
-0.86549
0.824662
-1.12191
-1.45374
0.433374
1.11911
-1.53989
-0.369995
-0.0440247
0.114759
-0.295516
-2.19521
0.392807
-0.365263
-1.48493
-1.3052
-1.24309
-1.20673
0.835266
2.55793
-1.20685
1.97871
0.638096
1.44822
0.608631
0.747534
-0.920883
-0.463831
0.538393
-0.694297
0.500737
0.723693
-0.190833
1.62005
-0.526518
-0.199389
1.01428
-0.11883
0.672069
0.353897
-0.932384
0.842885
-1.19599
1.8654
-0.150265
-1.22867
1.25143
0.00393015
0.915049
-0.359444
