-1.62336
-0.891793
0.431582
0.378529
0.0548382
-1.06187
0.462801
0.936186
-1.19645
0.917239
-1.52447
-1.13782
1.51715
-0.32885
0.870095
0.723353
0.0355086
-0.286426
-1.25203
-0.262685
-1.53839
0.509396
0.0736203
-1.12597
-2.0355
-1.05279
-2.01351
2.2951
-2.71516
0.00407363
0.627407
-1.10123
0.132887
-0.302776
-0.146905
-0.465959
0.461834
-0.24186
2.94269
1.02912
1.66932
0.442913
0.835537
-1.41066
-1.94251
-0.660808
0.512827
-0.302716
-0.613246
0.529461
0.490432
0.0556418
1.67331
0.134364
-1.12113
-1.04629
0.336745
-1.33943
1.0569
2.24756
0.875849
1.67611
-1.48676
-1.2669
1.52816
0.71125
-0.571617
0.684175
3.06419
0.0853065
-1.65299
0.255269
-0.277259
0.25463
-0.725085
0.30903
0.756015
0.0630121
0.647555
-0.85888
-1.34967
1.41267
-1.13019
-0.185055
0.703532
0.199621
0.0870445
1.04381
1.16653
-1.29795
0.182393
2.36694
1.21171
-1.60472
1.65663
0.967215
1.14395
1.98938
0.526537
-2.43001
