-0.881926
-0.90989
-0.633861
2.25219
0.618121
-0.0293172
0.140098
0.27318
-0.33923
-1.23478
1.03909
-0.895506
-0.130741
0.134563
0.0230762
-0.311879
-0.275479
-0.574919
-0.285275
0.425719
-1.26598
1.25164
-0.0213471
2.42136
-0.264447
0.206089
-0.36456
1.53018
2.50612
-0.520166
-0.769995
0.10514
-0.217141
-0.846072
1.27418
-1.1979
0.294794
-0.753986
-0.353574
-0.0814444
-0.342183
0.0670864
-0.349566
0.325649
-0.376211
-0.0689941
-1.66376
0.262202
0.514083
1.05635
-0.754114
0.333496
0.188709
-1.02372
1.19485
-0.563399
-1.47071
0.660288
2.29878
0.553866
0.650089
-0.726123
-2.10215
-0.0666724
-1.01585
0.82351
-0.00655018
0.196096
-0.866311
-0.922113
-1.01367
-1.04861
0.549042
-0.111302
0.229039
-0.754633
-1.14521
0.743874
0.068291
0.284487
-2.06473
0.998916
0.0395822
1.46043
0.158778
0.880204
-0.731075
0.373015
-1.54968
-0.571221
-1.34032
-0.0457384
-0.0390361
0.0948317
-1.52583
-0.655277
-0.128077
-0.88154
-0.902717
-0.633073
