1.52351
0.70935
-0.328481
-0.813484
0.00974765
0.177069
-0.384794
-0.467136
-0.479994
0.570586
0.533281
0.274551
0.824549
0.326943
0.52707
0.965402
0.107383
0.471377
0.37898
-0.62208
2.34537
-1.63864
0.979227
-1.42329
-0.525093
1.10603
1.86285
-0.398715
0.0680535
0.858762
-0.325234
-0.487386
0.417173
1.14786
-0.186381
-0.100591
-0.00959178
-0.66039
1.93132
2.01158
-0.864477
0.0269852
0.716565
0.119253
0.223431
-2.38733
0.289549
0.0499666
-0.737334
0.196206
1.03649
-0.201953
0.787035
0.00545466
-1.5451
0.3079
-2.22795
0.804665
0.36853
0.0634348
-0.763154
0.18604
-2.30481
-0.606601
0.550886
0.704284
-0.115128
-0.191314
0.92494
1.18805
1.06305
0.741558
-0.453486
-0.188154
0.00290643
-0.672336
-0.553603
-0.495928
-0.0192494
-1.90039
0.760579
1.77948
-0.858298
-0.224259
-1.56911
0.140352
-0.238149
-0.802129
-0.894872
0.682685
