0.394568
-0.667269
1.26367
-2.88289
-0.0881912
-1.55007
-0.11876
-0.583186
0.502352
-0.462314
0.260804
-0.153443
-1.11192
1.54382
0.360034
-0.961976
-1.09985
0.442405
-0.988374
0.0390355
2.57893
-0.612934
0.379936
-1.80939
0.474644
0.123665
-0.910777
0.737485
-0.419434
-0.979549
-0.462014
-1.14947
1.07483
0.681655
-1.22195
0.734871
-0.523761
-0.385902
0.0846369
0.613208
0.0948384
-1.00352
1.20493
-1.68159
1.40361
-1.52037
-1.06454
-0.788797
-0.636646
2.3373
-0.279708
-0.0999041
-0.815357
0.184099
2.69165
-0.50819
0.251658
-1.1416
0.264132
0.0304223
-0.121179
-0.316082
-0.17442
0.64663
-0.217739
0.804184
0.659302
0.027105
-0.921458
0.520081
-0.332931
-0.148232
0.460584
0.0142646
1.06727
2.94027
0.144126
1.1477
2.03089
-0.776788
-2.50436
0.203466
-0.414923
0.456671
0.0393364
-0.013291
0.623652
-1.76979
1.99993
0.379846
-0.0350072
-0.214641
-0.611461
-1.23134
-1.32176
0.182599
2.17277
-0.806771
-0.17108
-0.133316
