-1.14871
-0.191611
-0.647037
-0.478085
1.56646
-0.461357
0.503156
2.30861
0.394171
-0.363274
-0.273814
0.865955
-0.0176114
-0.529932
-0.592824
0.496178
-0.679767
-0.401292
-0.343902
0.847449
-0.279688
1.23386
-0.537545
-0.382096
1.51662
-0.469436
-1.56021
-0.0488662
-0.301739
-0.234729
0.920034
-0.054787
0.0490191
0.604252
1.25987
0.55732
1.17779
-0.0781728
0.869334
1.14404
-0.529096
0.385844
1.15164
0.802181
-0.270852
-1.74384
1.05471
-0.718718
-1.4663
-1.29314
0.0595822
1.60481
-0.406848
-0.636211
-0.51747
1.1644
-0.601399
-0.145416
-1.56977
-0.280232
0.697444
-0.580328
-0.254644
0.243132
-0.559773
-0.933228
-0.671593
-0.694295
-1.22965
0.501989
2.01344
-0.552447
1.05927
-2.44624
-0.631641
1.31528
0.191957
0.109195
-0.0142583
2.06745
0.712878
-0.768631
0.0242838
-0.28551
1.66622
-0.0328764
-0.00617241
-0.1574
0.00678953
0.675144
-0.254947
1.96317
-1.06795
1.1734
-0.705931
-0.577167
-0.088662
-0.0230189
0.508403
0.39833
