-0.0688495
0.0575983
1.09657
2.84472
0.144394
-0.488097
-1.72985
0.583946
-0.382626
0.312366
-0.0782761
-1.19599
-0.99897
1.90658
-0.133581
-1.48547
-0.518735
1.39585
1.02479
-0.0645816
-0.475868
1.41577
-0.198657
-1.17814
-0.994186
0.763755
1.3178
-0.00467289
1.23932
-0.116463
1.2367
-1.27756
0.821553
-1.81748
1.20134
-0.690287
0.472728
1.79563
0.83948
-0.902935
-0.877111
-0.266726
1.31145
0.226636
-0.973813
-0.134987
1.99528
0.326686
0.96456
0.513029
0.483902
-0.478549
-1.40462
-0.46058
-0.00845351
0.832169
1.28797
0.0506546
0.0482349
-0.756935
1.00987
-0.261118
-0.207242
-0.649367
-1.53811
0.0661398
1.24437
-2.13448
0.0358524
-0.0870187
-0.229263
-0.394283
-0.333971
1.56149
0.732972
2.22457
-0.539587
-0.937044
0.241531
0.258121
-1.71511
0.0809757
0.666103
0.252163
-1.63741
-0.878534
-1.79579
1.26646
0.898463
1.14921
-1.04812
-0.0762566
0.240817
0.205138
-0.0505481
1.22405
-0.804342
0.73906
-0.734285
0.684527
