0.670646
-0.193711
-0.371806
-1.28173
-0.874021
-0.489055
1.02055
-1.83693
-0.160536
1.55343
-0.022695
0.0394742
1.03003
-1.2751
1.44489
-0.771496
0.393203
0.70183
-0.205337
-0.145083
0.280115
1.45805
1.26415
1.78217
-2.1979
-2.24139
0.195961
0.178076
-1.99026
-1.34568
-1.33857
0.735832
0.0550908
-0.207928
-1.18704
1.48068
-0.0116189
0.715677
-0.699417
1.5974
1.17471
-1.46493
2.49515
0.278445
-1.33929
2.14616
0.1416
0.737183
0.178451
1.32943
0.0606441
-1.07827
-0.244248
-1.0401
-0.387857
2.25343
-0.892047
-1.3653
-0.447579
1.16152
1.22192
1.5329
0.0186066
-1.18997
1.87871
0.751522
-0.0509816
-0.151187
0.97515
0.580764
1.16763
0.291134
-1.31423
0.251424
-0.306768
1.50141
0.450989
1.38826
1.39226
2.10149
-0.14999
-0.823152
-0.343398
1.27132
-0.879358
-2.16713
0.107202
-0.196134
0.397844
1.40535
0.194416
0.193269
0.627881
1.48594
1.04863
0.379875
-0.889992
-0.661169
0.699631
-1.46462
