-1.35291
-0.280985
0.370528
-1.52664
-0.430293
-1.0208
-0.236862
-0.197419
1.02657
-0.015614
-1.83628
-0.769034
0.739637
-1.02014
0.827938
-1.1918
3.63913
0.366144
-0.0398251
2.15882
-0.89864
1.27856
-0.619696
-1.20339
0.464071
-0.194186
-0.55187
1.0793
0.654076
1.48585
0.057391
-0.816619
-0.999226
-0.408674
-0.983352
-0.858272
0.930086
0.190181
1.59447
0.326715
0.687481
-0.488433
0.00414556
0.655667
-1.34649
0.18756
-0.440438
0.236825
-0.204594
0.0297059
-0.499577
-0.749814
0.294347
1.55539
-1.02047
-0.0427859
1.95245
0.125369
1.27031
0.79683
0.00723799
-0.504875
-1.56066
0.625309
0.483377
-0.252506
-0.839442
-0.279247
0.187272
-0.306739
-0.315103
2.74234
0.774571
-0.482635
-0.0263863
1.13746
1.15177
-0.509659
-1.07904
-0.367619
-0.264925
-0.460982
0.135651
-1.11179
1.86885
0.0949104
-0.159804
1.28065
1.06113
0.844343
3.18343
-0.0468896
1.12579
-0.425046
0.803285
0.666896
0.785185
1.98679
-0.595706
-0.653469
