1.30441
-0.93754
-1.06943
0.588729
0.726047
-0.598302
-0.0825984
1.44346
2.66846
0.462357
-0.70289
1.00365
-1.07257
1.24632
-1.3234
-1.5611
-0.607111
-1.37412
1.91073
-0.0838309
0.0408785
0.625085
-0.4735
-0.0774504
-0.675102
0.0333515
0.718474
-0.926302
-0.804668
-0.0480956
0.149842
0.374993
0.446307
1.72664
1.07275
0.224163
-0.602648
-2.19226
0.163332
-0.275207
-0.522531
1.09311
1.55363
-0.929197
-0.395711
1.76075
0.469123
-0.34688
-1.60976
1.69713
-0.769032
0.015653
1.03819
-0.21498
-0.939422
-3.13004
-2.31776
-0.438413
-0.663326
-1.1331
0.389527
0.0695272
-0.301403
0.350679
0.758676
0.0191443
0.881251
0.0261007
1.86415
-0.0672523
0.989483
0.157135
-0.687543
-1.39892
-0.0646859
-0.653266
0.663478
0.0748903
-0.093957
-0.999666
-1.57112
-0.0550946
0.250561
1.25342
0.286409
-0.578289
0.912257
0.44962
-0.0610675
0.533503
0.23825
-2.37492
0.851689
-0.787132
0.564582
0.165575
0.133063
-2.53485
-0.378856
0.948793
