0.383049
-0.133138
-0.384179
-0.417497
0.244919
0.0321824
-0.86419
1.56732
0.980772
-1.03817
0.16485
0.674609
0.282384
1.37638
-1.96605
0.202416
-0.0514359
0.867895
1.50666
-0.522174
-2.00697
-0.911976
1.42974
-0.0677592
-0.290313
-0.0525099
-0.169563
-0.108617
0.350954
0.636792
-0.261637
1.40923
-0.233762
-1.80432
0.690123
-1.15977
-1.02311
-0.612945
-0.0673457
-1.02311
-0.310151
0.42668
1.15119
-1.2298
-1.70474
1.48154
1.3609
1.70713
1.24175
0.494749
1.10171
0.143209
0.388925
1.27301
-0.458454
0.121645
0.929363
1.16236
-1.53383
1.08519
-0.318156
-1.13416
1.3152
-0.253437
-1.27039
0.368446
1.47121
-0.58057
0.649755
0.397185
0.847121
-0.9735
-0.259839
-0.41308
1.63259
-0.331636
-0.917604
-1.02686
0.271193
-1.08513
-2.17987
2.29302
0.615989
-0.403082
0.51017
0.582406
0.0920115
-1.44787
-0.504087
-1.00218
-0.193267
-0.0395313
-0.294854
1.21581
-0.325073
1.43391
-0.111897
1.19965
-1.11811
1.56104
