-2.0945
-1.25884
0.745898
0.355298
-0.617103
-0.103527
0.648977
0.698508
-0.289939
1.27099
0.319315
0.00958151
-0.431424
0.391811
-0.402697
1.95748
1.20576
-0.972035
-0.284646
0.306032
-0.647391
0.858383
0.508612
0.835553
-1.36057
1.23845
0.639593
0.163107
-0.44199
0.0592276
-1.70336
1.77745
0.526479
0.257433
0.781806
1.04067
0.581873
0.624784
-0.138019
0.39579
1.11775
-1.11549
-1.16996
2.34534
-2.04404
-0.710352
1.44707
-0.284787
-0.913195
-3.48219
-0.0944664
0.223521
-1.24403
0.942798
0.210324
-0.19604
-0.176477
-0.489761
-1.03155
-1.18854
-0.109734
-0.908498
-3.05711
0.914555
0.362228
0.00782816
-0.218831
-0.918847
0.437839
-1.18636
1.66165
0.809026
-0.020841
-0.673317
0.467844
-1.52336
-0.203909
1.1134
-1.12675
0.00453081
-0.392313
-0.336596
1.58628
-0.229308
-1.80932
-1.77334
0.0218778
1.73586
1.08612
1.21252
