-2.32619
0.452562
1.45169
-0.53729
-0.123774
1.62724
0.257328
1.69231
0.401703
-0.586513
-0.197067
-1.78382
-0.254967
0.0756193
0.0313112
0.990258
-0.99192
0.930616
0.109702
1.01071
1.64667
0.76574
-0.0124606
0.829561
-0.809357
2.02221
-0.899562
0.718558
-0.498148
-0.711636
-0.174009
1.17047
0.658424
-1.00721
0.223325
-1.36223
-0.600236
-1.50928
-0.426691
1.82711
-0.700574
1.35146
1.25887
0.0294257
-0.236398
1.8997
1.49765
-0.44208
-0.222908
-0.132373
-2.16746
-3.14086
-0.372468
1.10243
-0.370482
-1.01595
1.14767
-1.49152
-1.12382
-0.664047
-1.30457
-0.242319
-0.125707
-0.998593
1.85495
-1.18336
-0.387667
-0.677052
-1.19595
-0.534052
0.847242
-1.10885
-0.897569
-1.32536
0.360817
-1.2773
-0.164799
0.101167
-0.770717
-0.799752
-2.12056
-0.596011
-1.11383
0.678896
-3.12025
1.47268
0.335733
-0.750806
-0.338081
-0.0377445
-1.09378
1.64182
-0.236388
1.95237
0.636166
-0.385062
-1.50592
-1.49749
0.136859
0.237826
