0.924046
0.593909
0.306394
0.578941
0.740133
0.786926
0.43637
0.332195
0.77888
0.100887
0.785084
0.835159
0.761209
0.496077
0.426298
0.945798
0.821802
0.709269
0.157828
0.119752
0.909685
0.868084
0.449256
0.705432
0.399686
0.645049
0.696163
0.300211
0.591664
0.956569
0.156318
0.796877
0.132388
0.548236
0.984306
0.823073
0.422985
0.964365
0.793915
0.173531
0.568816
0.93252
0.205224
0.0199054
0.84918
0.726009
0.758101
0.197576
0.748589
0.433507
0.466232
0.781627
0.323786
0.0964105
0.884823
0.977609
0.620713
0.160044
0.438791
0.98955
0.990234
0.467911
0.423198
0.692431
0.126935
0.286378
0.246842
0.571077
0.52055
0.276017
0.526308
0.533804
0.639049
0.814625
0.0155511
0.032441
0.0916635
0.448962
0.371851
0.1616
0.460794
0.380994
0.531828
0.0287602
0.60906
0.321633
0.780595
0.41966
0.162878
0.976442
0.21124
0.185922
0.755361
0.722056
0.0820876
0.995109
0.870997
0.432217
0.226574
0.635622
