-0.706535
-1.17832
-0.784757
0.494072
0.824307
-0.308577
0.62513
0.332902
1.84409
-0.332567
-0.72388
0.0162026
-1.12164
0.265249
1.73582
-2.97781
-0.168368
-0.24163
-2.12431
-0.377272
-1.88176
0.536998
0.552877
1.12882
-0.0452281
1.63536
2.5918
-1.56553
0.415403
-1.34365
-1.79098
-1.24417
0.342337
1.67596
-0.239948
0.673731
-0.54898
2.16893
0.502506
0.526135
0.668903
0.278641
-0.0717625
1.48766
2.81143
2.25926
-1.4282
1.16275
0.854286
-1.33754
-0.417793
0.750141
0.721475
0.915658
-0.971025
-0.205317
-1.35825
-2.52495
-1.16623
-2.1862
0.09228
-0.325031
-1.16094
-0.967723
-1.87544
0.135452
2.16628
0.54054
0.189253
1.45914
0.103899
-0.529282
-1.66794
0.577699
-2.59087
-2.52102
0.132202
0.419644
1.2133
-2.05833
-1.25744
1.65823
0.908552
-0.612332
0.530309
1.18094
-0.0334976
1.59011
1.94369
-0.132878
1.49773
1.45085
-0.142182
0.387287
-0.53761
