1.3976
1.31885
1.7098
0.970804
-1.19185
-1.33856
-0.062848
-0.559025
-0.788855
-0.0418545
0.320834
-1.09283
-0.625995
-0.0675883
-0.604384
-1.45948
-0.608559
0.857553
0.166088
1.63258
-0.571668
0.0742089
-1.3302
0.446594
0.691249
-0.276699
-0.347946
-0.674355
1.30651
0.964964
-0.442588
-1.66089
-0.472432
-0.0291077
-0.356815
-1.02733
1.17645
-0.133055
0.50691
0.227843
-0.452877
-0.560675
-0.450245
0.0236488
0.667028
0.00725265
1.63752
-0.390317
0.385631
-0.507824
-0.566921
-0.332349
-0.338977
-0.792465
0.788543
0.101235
-1.1712
-2.13125
1.65009
1.10169
-0.0173341
2.65668
-0.751668
0.625354
1.35502
-1.64889
-0.734667
-1.83221
-0.560894
1.1116
-0.919019
-0.871102
-1.03139
0.00519537
-0.319551
-0.344916
-1.38309
-0.587313
-1.13121
0.511789
0.478228
-0.0303695
-0.280483
0.0684073
-0.19602
0.586668
-0.505944
-0.7378
0.60478
-0.155109
-1.12371
0.95163
0.934118
-0.881422
-0.851111
-0.226425
2.0684
-0.571335
0.915485
-0.423928
