-1.01386
0.237537
1.51977
1.07453
1.07316
-0.0802639
-0.136172
-0.239086
1.78869
0.212531
1.38251
2.56516
0.651952
-1.72393
-0.607821
1.59609
-1.32507
-0.708016
-1.18694
1.13838
-0.530958
-1.47667
-0.415403
0.101918
-0.115698
-0.60909
-0.884021
0.103858
0.529764
-0.350879
0.364133
0.883618
0.256559
1.43101
-1.26125
-0.230248
2.80965
0.0374386
2.4749
0.877585
-0.58073
-2.22423
-1.88393
-0.368973
0.770042
-0.720797
0.498531
-0.510123
1.45781
-0.426353
-0.547241
-0.173482
-0.0822822
-1.15885
0.313819
-0.30515
-1.70024
-0.394217
-0.439513
1.71637
-1.22108
-0.545011
0.360094
1.79695
-0.175914
0.965395
0.484416
-1.29099
0.512159
-0.141358
-1.51221
0.185803
-0.157954
0.366551
-1.55247
-0.0489365
1.08318
1.1766
-2.54868
1.88268
0.74909
0.223839
2.27896
1.02924
0.134094
1.28063
-0.858439
-1.05276
0.0812384
-0.631741
-0.462494
1.58883
1.65156
1.61021
0.959546
0.307446
-1.11122
-0.429542
-0.290243
-1.9098
