-1.28391
2.07093
-0.539812
-2.96604
-0.305237
1.06566
0.497377
-0.456521
0.153577
0.250736
-0.0536347
0.159328
-0.56788
-1.06294
0.824806
1.2249
0.618291
-0.260669
-0.18199
0.549796
2.03567
-0.309782
0.393961
-1.48251
0.315228
-0.741632
-1.54706
-1.44194
-0.444231
-0.0936114
-1.74612
-0.563211
0.595049
1.16209
-0.962256
1.24301
0.389871
0.247345
-0.424755
-1.83408
-0.908609
0.178769
0.928317
-1.02766
-0.396973
1.03987
-0.79584
-1.58617
-2.2006
2.88792
-1.96647
-0.0465559
-0.262819
-0.415435
-1.23377
-0.964986
-0.495552
0.689103
-1.38421
0.855718
0.131759
-0.0592103
0.281041
-2.67916
0.501596
0.143453
0.264052
-0.973044
-1.85435
-1.02125
0.388134
0.465297
-0.422645
-0.11636
1.58308
0.201986
-0.126914
0.545746
0.400742
0.74129
-0.548628
0.100467
-2.09806
-0.863402
-1.23211
-0.471948
-0.271998
1.18036
0.680037
-0.605238
1.13135
0.0999083
0.782361
0.258024
1.01062
0.645611
0.0420908
-0.0570023
-0.472132
-0.594601
