0.467716
-1.93703
1.07368
-1.31054
0.71082
0.392837
-0.111795
0.0686861
0.0597
-0.351392
0.169563
-1.53662
-0.00975013
1.13177
-0.289699
-0.143318
0.464854
-1.59516
-0.269127
-1.77534
-0.187264
-0.0379072
1.54927
1.28926
1.24061
-0.828397
-1.87741
0.78734
0.934043
0.423198
1.17841
2.08624
-0.177236
-0.250251
0.569472
0.216596
1.3447
0.164087
1.08232
0.938478
-2.1365
-1.39542
-0.508961
1.02444
1.15743
-0.8377
-1.43951
-1.90002
0.227811
2.02022
1.67296
0.265711
-0.323118
-0.138768
0.785128
0.737755
0.803172
0.20914
-1.64861
0.641381
-0.025294
0.806443
-0.28868
0.884441
0.142843
0.866922
-0.474617
-0.669442
2.76497
0.754202
-0.754153
-0.0945058
-0.177071
1.34611
-0.485622
0.795254
-1.72975
-0.431893
-0.507586
-0.288564
-0.367915
-1.61629
-0.421805
0.759679
0.0555354
-0.378059
-1.65635
0.415477
0.741643
0.251426
-0.0166505
-0.897647
1.12368
0.673699
0.101067
0.0770741
0.900529
-0.10142
-0.117049
-1.37069
