0.16069
0.157186
-1.02366
-1.52616
-1.08487
-2.3147
0.223319
-0.402414
0.609834
1.85941
0.413583
-0.349222
0.0791658
-0.57868
0.0688034
-0.0929079
0.20096
-0.456183
-0.969144
0.499374
-0.818868
0.0386676
0.394379
0.529139
2.13173
1.25442
2.13741
-0.375317
0.298589
-0.232508
0.180853
-0.322937
0.253079
-0.474748
1.87207
0.0417979
0.97733
-0.153057
0.498323
0.366781
-0.278518
0.724408
-0.516071
0.714189
0.328588
-0.498735
0.557913
1.2583
0.107548
-1.14927
0.148299
0.454745
-1.31293
0.164417
0.944332
1.74093
-2.08334
-0.768766
0.542778
2.08406
0.613511
-1.10683
-0.87474
-1.13631
-1.7381
0.717396
0.196881
0.523299
0.289743
0.195403
-2.41051
0.132878
0.150102
-0.121893
0.583483
-0.0790237
0.292236
1.62017
0.552116
0.498605
-0.414766
-0.938076
0.493407
1.3014
-2.76756
1.5573
-1.57854
-1.29312
0.136829
0.651753
-1.6076
-0.114684
0.131925
0.489235
-0.00248879
0.0904042
1.1274
-1.0706
0.696487
1.04828
