-1.69989
-1.47064
-1.79728
-0.912467
-1.13893
-1.4991
0.70629
-0.63898
-1.05927
0.799198
0.236239
0.586226
-1.07071
-1.41385
0.46127
-0.0739223
1.25862
-0.0815952
1.13467
0.578979
0.209761
-0.572003
0.0892083
-0.208206
0.0616182
-0.105223
0.448194
0.0826176
-0.352563
-1.1538
-0.428858
-1.66638
0.632219
-0.813783
-1.31807
-0.875356
-0.0735065
-1.83377
-0.437895
0.566547
-0.517425
-0.344435
1.02308
-0.614801
0.251116
-0.42526
0.0427281
-1.04063
0.685763
1.53929
-0.872918
0.111553
0.732216
0.904566
0.44174
0.581991
-1.21556
-0.230661
1.11793
0.976837
0.310258
0.018088
0.35332
-1.19768
0.0268845
0.23532
-0.244002
1.53702
-0.263533
-1.7755
0.906039
0.0560536
0.538201
-1.72029
-0.775543
0.967701
0.238359
-1.48299
-0.105351
0.600936
1.26076
1.29124
-0.387046
-0.0603652
-1.05256
-0.350849
0.90955
1.58808
0.08618
0.949116
-0.265879
-0.173976
-1.08204
-3.14638
0.483334
-1.6344
-1.26898
1.35176
-1.11511
1.17779
