0.142846
0.291132
1.41888
1.03951
0.299331
-0.631492
1.67873
0.780227
0.653402
0.0611804
1.98647
-0.566349
-0.743364
0.531493
0.139034
0.157639
0.854776
1.50074
0.504091
0.776775
-0.112035
0.438151
-2.64845
-1.16719
1.74715
-0.168782
-3.30292
-0.98586
1.29338
0.739757
0.30791
0.413762
-0.775352
0.844047
-1.01697
-2.36469
1.18659
-0.115562
0.789909
-0.263859
-1.11129
-0.412663
-0.0680734
-1.30741
0.803718
-0.713774
-0.810545
-1.03675
1.35435
0.383361
-0.951982
-0.2332
-2.04212
0.0797777
0.153876
-1.89958
-0.539261
-1.18146
0.408472
0.231087
-0.43369
0.395471
-1.28581
0.204134
3.35767
-0.291324
-0.189827
0.904435
0.0132867
-0.932189
1.08458
-0.0305912
0.104603
0.477675
-0.028618
-1.00228
0.882098
0.44388
-1.51878
1.14851
-1.09587
1.61523
-0.745335
-0.473386
0.934297
1.02918
-2.37237
0.540388
-0.254397
0.123995
0.890991
-0.269022
-0.284806
0.663677
1.20116
0.957249
-0.356494
1.50796
-0.00804712
-0.2263
