1.43743
1.02973
0.458984
-0.323078
1.53798
-0.346513
-0.100615
1.77608
0.0404084
-0.878251
0.0632665
2.22919
-0.997846
1.0343
-0.217587
0.0684103
-0.954755
-0.324577
1.15928
-0.483665
0.59431
0.788958
-1.34592
1.09735
1.11002
0.340183
-0.195984
1.19124
0.361466
-0.263355
0.380948
-0.937608
-0.223238
0.278585
0.141633
0.83459
1.04916
0.893812
1.04339
-0.871561
0.450764
-1.06543
1.28707
0.0184555
1.4306
0.353247
-0.415117
0.0725231
1.96621
0.112082
0.643391
-0.724879
-1.23463
-0.098639
0.363199
0.434111
-0.758541
0.0784603
0.410233
-0.472518
0.504361
-1.48284
0.180211
0.480115
-1.21811
-2.23392
1.06111
-0.638802
-0.470594
0.823246
1.02826
-0.635834
-0.755588
-0.422444
1.7629
1.5483
1.11158
-0.86517
-0.428102
0.88003
-0.16537
-0.27073
-0.782438
0.087856
-0.958037
-0.82642
-0.423367
-1.11496
-1.51289
-0.141703
1.20836
-0.608012
0.735627
1.2757
-0.47139
1.4229
-1.95834
0.252006
1.07317
1.52708
