-0.290926
1.1214
-0.583606
-0.74915
0.797209
-1.477
-0.367771
0.426297
1.74077
1.28698
1.1398
0.527894
0.205135
-0.611013
-0.893275
0.0159368
0.597489
1.21431
0.257555
1.89912
0.3808
-0.899742
0.670277
-1.7612
1.33881
0.175081
-0.124973
-0.587363
0.456279
1.55812
2.22106
-0.00441883
-0.475973
-0.7894
0.636217
0.876164
-0.519607
0.0237862
-0.638699
1.10695
-2.15753
0.199413
0.709196
-2.93471
0.0646754
-1.27126
-0.349286
-0.523879
-1.06565
-0.495819
1.77752
0.398215
-0.21663
-1.00929
-1.1839
1.1295
1.37527
0.489547
0.230888
0.450144
0.364613
-0.704694
1.31309
-1.30666
2.34764
0.719187
-0.305998
0.145257
0.480242
-1.07479
0.163048
-0.9856
-0.14949
0.647784
-0.924395
-0.00495734
2.62738
-0.563955
-0.285529
1.99227
0.0102416
1.18554
-1.2636
0.932838
-1.77049
0.947945
0.599134
0.228988
-0.304341
-1.39857
-1.78121
-0.0802038
-0.089331
-1.56086
0.23302
1.26435
0.681261
0.171438
1.00645
-0.883101
