-1.70184
0.284885
-0.429043
-1.15374
2.06386
0.512101
-0.340902
-0.177954
-0.160783
0.945748
0.0803122
-0.901844
-0.861293
-1.12247
-1.66927
-0.15312
0.264115
0.549894
-1.2848
-0.510987
1.27628
-1.35889
0.445582
-0.781792
-1.43499
-0.00131374
-0.639447
-0.549006
1.40105
-0.691145
2.07508
0.00449774
0.16355
-1.45556
1.64006
-1.23139
0.0742072
-0.591156
1.5504
1.14499
0.206872
0.0383906
0.585397
1.66338
0.89065
0.594424
-1.20683
1.28637
-0.692397
-1.05443
-0.657487
-0.733165
-0.285782
1.26987
0.161314
0.272317
-1.49046
-0.0243577
0.767514
0.106308
0.848791
0.045308
-0.0181383
0.990013
1.09559
-0.583302
1.00456
-0.924571
-0.387924
0.26022
0.670618
0.652626
1.27144
-1.22791
-0.349725
1.52688
-0.0705109
-1.87337
-0.774211
-2.15181
1.06867
-1.71144
0.376423
-2.24105
0.406748
0.450552
-0.0536988
-0.328476
0.626624
-0.531504
-0.973364
-2.59428
0.206321
0.771021
-2.74171
-0.485354
0.854201
0.836326
-1.88913
-0.133477
