1.05032
-1.22796
0.555586
-0.180811
1.53689
0.893744
-1.42828
-1.24465
-1.53334
-0.405556
1.17718
1.33484
-1.06322
-0.817618
-1.07128
-0.538461
1.8148
-0.486617
-0.176983
1.41156
-0.823564
-0.310503
-0.526867
0.831427
-0.30677
-0.534274
1.31217
0.163655
0.553223
-1.70097
2.10478
0.971534
1.12065
-1.47357
-0.69609
0.393951
-1.09591
-0.837551
0.846785
0.0567225
-1.08
-0.846321
-0.711112
1.06089
2.27835
1.24821
0.389455
-0.876145
1.88425
1.17559
0.843327
0.268679
1.17693
-0.0234037
0.416354
1.07951
1.17969
1.79903
2.28978
-1.33486
0.186403
-1.91454
0.977479
-2.04942
-2.20717
-0.0118195
0.32241
-0.872108
-1.09726
-0.338309
-2.34866
0.00376289
1.54448
-1.39113
-0.318867
-0.00235856
0.353786
-0.149199
0.828218
-0.568228
-1.09316
-0.0644048
0.317783
-0.576107
-0.35549
0.187209
1.25348
-0.544816
-1.48225
1.10498
-1.59249
-1.53571
1.68502
0.912981
-0.379024
-0.327556
-0.393573
0.486388
-0.731483
0.946005
