-1.59152
0.912111
-0.00306085
0.218156
0.757853
1.07036
0.418094
1.83834
-0.154523
-0.243348
0.319831
1.01119
-1.45233
0.909289
0.981054
0.900107
-0.634856
0.926197
1.98787
0.186287
-0.261366
0.437045
-1.45978
1.66248
0.812728
0.350503
2.01878
1.84885
-1.34639
-0.331457
0.278548
-0.237544
0.0977351
1.1258
0.244881
0.393372
0.958776
1.24769
1.43204
-0.661064
0.270759
-1.08975
1.27117
-1.52836
-1.16219
0.303856
-1.32106
-0.962095
0.547517
-0.609362
-0.613291
-0.883291
-0.556431
-0.300227
-1.00927
0.307751
0.788975
-1.82179
-0.221629
0.0731756
0.680592
0.548048
-0.447592
-0.318835
-1.73412
-0.659043
-1.33121
0.230969
0.531614
-0.428844
-0.723416
0.470878
-0.0817386
-0.265348
-1.67876
1.08071
1.4567
-0.533208
-0.38305
2.01543
1.32582
1.01927
0.457126
-1.56363
0.143518
0.717934
1.08729
0.555118
-0.507612
0.307623
-0.122528
-0.183358
1.16669
-1.08193
0.0068753
-1.01379
-1.06915
0.720975
-0.403684
-0.412741
