0.675616
-1.01553
0.0922858
0.805129
-0.749563
-2.6934
0.639877
0.827879
-0.474329
0.116145
-0.348527
0.828832
0.419056
-0.116161
1.10835
-0.109974
-0.906234
-0.285299
0.372817
-2.00768
-0.425287
2.13358
2.53067
-1.7902
0.139322
2.37583
-0.667401
-0.157231
0.0399495
-0.0672739
1.01974
-1.10483
0.253627
0.689042
-0.637119
-1.24291
2.43884
-0.23267
-1.45074
-0.0842489
0.463048
-0.0458452
-0.845715
-1.68693
0.497826
0.321909
0.719703
0.900678
2.43728
-0.734615
-1.86618
-0.868068
0.182586
-0.667121
0.517286
-2.17246
1.74789
0.508485
-1.40061
2.10425
-0.193401
0.0801887
1.25498
2.10725
1.82257
1.38515
-0.960241
1.05698
-0.744671
0.941059
1.95947
0.00058992
-0.38761
0.635755
-0.810705
-1.1943
1.0991
-0.949162
-0.207053
0.168046
-0.919236
0.756565
-1.27178
-0.40894
0.286101
-1.16013
-1.63658
1.50826
0.813279
0.28246
0.706662
0.296119
0.850992
0.614423
0.00677467
-1.66219
1.08717
1.38109
0.139189
0.129937
