-0.419334
-1.35368
-0.147639
-1.38199
-1.18494
0.53893
-0.724993
-0.0507994
0.370827
0.514296
-0.416212
0.825622
-0.117126
-2.77286
-0.694784
0.43443
-0.592868
-0.942585
0.779091
-0.278788
1.16598
-1.0583
-0.0281733
-0.119931
-0.0225414
-1.53378
0.94566
0.888717
0.887661
0.395158
0.586558
1.91627
0.69658
-0.101199
-0.699323
-0.923554
0.441303
-0.5982
-1.17314
-0.0883583
0.527674
2.16444
-2.01847
0.32698
2.67719
-0.399126
0.400402
-1.66411
1.94641
-0.112536
0.249117
0.624181
-0.411598
-0.659355
0.155055
-1.01009
-0.991373
1.6468
0.00366557
-0.458846
1.02752
0.646693
-0.856064
0.238952
-1.624
1.86559
-1.60741
0.731971
0.170647
0.747479
0.464514
0.00445661
-0.362641
-0.340048
0.174252
-0.186863
-0.907968
-0.900847
0.526716
2.50432
3.67412
0.805189
1.99975
-0.846021
0.136559
-2.20621
-0.481981
-1.6137
-1.02158
0.107322
