-0.36463
-0.904517
-0.057622
-0.550874
0.351326
-0.282965
-0.586642
0.152193
1.78894
0.804416
0.743595
-0.725609
0.215213
0.285393
-0.219677
-1.09799
-1.13287
0.886863
-1.99781
-1.4284
-0.838251
-1.18347
-0.726314
-2.35422
-0.940184
-0.729726
-0.634641
-0.139119
-1.24412
-0.982722
-0.238155
1.25743
0.463169
-0.882656
1.98773
-0.280023
-0.933146
-0.799976
0.371021
1.47652
1.72311
0.414218
-0.848034
-2.55474
1.27856
0.165907
-0.663052
-0.438902
-0.568929
0.161662
1.34118
1.91574
0.840804
-0.316822
0.729105
0.0454367
0.921129
0.510407
-1.22475
0.798107
-0.297904
0.784525
-0.0260533
0.339179
-1.07399
-0.267549
0.918255
-0.242918
-1.81729
-0.012708
0.29359
-0.584889
1.52525
-0.174999
2.08825
0.36058
-0.829982
1.40068
-0.138702
-0.141152
0.881704
-1.37177
-1.04799
0.650248
-0.450919
0.737137
-1.19094
-0.87812
-0.805275
1.29572
-0.0909069
-0.0519454
0.422284
-0.498142
-0.193729
-1.59222
-0.245126
0.408477
3.63506
-0.0921159
