0.5349
0.10221
0.414508
1.27244
0.883365
-0.662221
0.208203
0.546994
-1.20302
-1.18773
-0.0765205
1.03435
1.88379
0.674399
-0.0926831
1.035
0.462158
0.745868
0.0678831
-0.0238511
0.253926
0.782631
-0.170514
-1.0749
-0.0916133
0.738227
1.62466
1.20089
0.408118
-0.956892
-0.382211
1.42625
-0.00360094
-1.12345
0.542008
1.35283
0.706068
-1.96508
-0.520707
-1.37208
-0.509422
1.75555
1.50163
-2.32466
-0.370389
-0.995373
1.0954
0.242679
-0.449085
-0.886689
0.164601
1.28762
1.01025
-1.07813
-0.110944
0.262002
-0.365687
-0.0749283
-1.62262
0.590474
0.78856
0.0530876
2.32217
-0.765882
0.0924929
-1.39051
-0.757216
-1.48813
-1.023
-0.453368
0.2019
0.697765
0.551489
-0.389429
-2.30361
0.351374
-1.2863
0.47988
-0.412591
-0.190874
1.84368
0.692147
0.00336763
0.234783
0.0836178
1.20708
-0.0812708
-0.372198
0.932484
0.26529
0.599118
0.387961
0.434538
0.434289
-0.0014238
0.529515
0.406184
1.25986
-1.02838
0.923201
