-0.0593443
-1.00063
0.0723005
-0.181519
-0.157646
-0.657031
2.02292
-0.471646
1.08801
0.847214
0.112652
0.0497901
0.529971
-1.00235
0.147778
-0.660772
-1.35709
0.577474
-0.386409
1.25176
0.516266
-0.989611
0.620334
-1.31936
-0.673906
-0.318947
0.137632
-1.03649
0.359745
0.471774
1.58014
0.143597
-0.308378
-0.260935
-3.43721
0.990705
0.364101
-1.08196
0.616535
-1.02222
1.57455
0.568853
-0.017769
1.91408
-0.463793
-0.142637
0.422647
1.48974
-1.88359
-0.879647
-0.620401
-0.0809656
-1.43235
-1.18945
-0.98152
0.715504
-1.37502
0.336889
-0.102262
1.42718
-0.993185
0.573982
0.685394
-0.538975
-0.967514
0.761833
-0.831889
-0.884644
-0.892685
-0.054208
0.0633541
-1.68152
0.448507
-1.48947
-0.418311
-2.38689
0.327155
-0.0731531
0.507944
2.27341
-0.140088
-1.94894
0.572869
-0.18202
-0.52873
-0.249132
-1.05841
-0.524304
0.915558
-0.776938
0.563445
-0.796459
0.177694
-0.711708
0.00361192
-0.185505
-1.56142
-0.50121
-3.07409
0.209928
