0.540512
0.37562
1.74216
1.00229
-0.17664
-0.230257
0.832705
-1.33837
1.4875
-0.0437002
-0.0097948
0.117136
0.376653
-1.11238
0.986852
-0.441756
0.117589
-0.565197
1.33738
0.778783
-1.68004
0.496067
-0.514813
-2.40004
0.166647
-0.539919
1.43434
0.928285
1.23772
-1.24621
1.21677
-0.934139
1.15083
1.09238
-0.237293
0.519932
0.565649
-0.107851
-0.535404
-0.446888
-0.157545
-0.353666
-0.363751
-0.613743
-1.18705
-0.388894
-1.94616
0.640425
0.248714
-0.894589
-1.00835
0.701403
1.5243
-0.628336
-0.155191
-0.777876
-0.906628
0.311506
-0.460687
0.875385
-3.64717
-1.54125
-0.141783
0.560435
0.13396
-0.571353
0.965075
-1.33717
1.8032
0.445533
-0.361897
-0.851819
0.273537
-0.480194
-0.712525
1.83688
-1.90718
2.09416
-0.140027
-1.4922
-0.250469
-1.32946
0.653884
2.35967
0.138864
-2.48184
-0.122606
-0.844478
-0.257718
1.34666
1.65228
1.45501
0.296675
0.197588
1.40937
0.672488
0.977169
-0.402798
0.256195
-0.409868
