0.338414
-0.588773
1.43756
0.344523
1.44559
0.732432
-1.26667
0.586698
2.08274
-1.38867
0.473509
-0.895126
1.38591
-0.453495
1.41964
-2.35862
-0.0258008
-0.66149
0.91071
1.85091
1.63006
-1.06303
0.920526
0.128264
-0.38795
0.61737
0.33637
0.396412
0.599147
1.23903
-0.698765
1.31272
0.19924
1.02522
1.17828
1.4789
1.19846
2.18317
1.36759
0.655914
-0.0630842
-0.708477
3.20467
2.15398
-0.69933
-0.683632
1.31191
0.205843
-2.06663
-2.6335
-1.12121
0.417337
0.0755303
1.2995
1.55889
1.4323
0.76284
0.864784
-0.0757545
-0.576805
2.11306
-2.31111
0.663098
0.691311
0.744568
-0.906595
0.295911
1.06668
-0.562919
-0.0720676
-0.564872
0.0896493
2.9058
0.722584
0.877694
-0.44065
-0.34924
-1.54035
-0.254063
0.0794373
0.0167373
-1.30518
-0.142096
-1.67473
2.21687
0.735505
1.37973
1.7187
1.2208
-1.82389
0.0633414
0.101765
-0.358721
0.0840011
0.673952
-0.628156
0.130143
-0.238497
1.67628
0.339647
