-0.965483
-0.0696157
-0.202165
-1.43138
-0.204158
0.363186
0.441717
-0.413651
-0.170718
-0.678185
0.682522
-0.81193
-1.04593
0.810252
1.73416
0.0778356
0.109847
-0.139657
0.246444
0.279427
1.37336
-0.759857
0.206852
-2.49041
1.68446
0.788917
0.952129
0.48613
-0.45278
0.742403
1.45121
-1.38688
0.49989
-1.10872
0.931691
0.242866
0.68358
0.958529
0.392035
1.14526
1.28315
0.648829
-0.253996
-1.46181
0.752453
0.90494
-1.18075
-0.44083
0.538796
-0.284662
0.938685
0.702898
0.0992283
0.08416
0.113032
0.280756
-0.714565
0.600696
1.46647
1.69204
0.364019
-0.992906
0.691558
0.446284
0.126062
-0.393043
0.753039
-0.736763
-0.134252
0.204678
-0.393306
-1.16197
0.756014
0.622849
0.432107
-0.143564
-1.48854
1.26086
-0.00575233
-0.260309
-1.40385
0.66236
1.50307
0.194341
0.220225
0.0158674
0.530342
0.409325
0.0543615
-0.00210335
0.758755
0.269733
-1.13004
3.23218
2.32123
-1.29516
1.54134
-0.845859
1.28299
-0.141316
