-0.557221
-1.09598
-0.449619
-1.89119
0.573082
-0.776909
-0.50375
0.862277
1.18954
0.752039
0.940871
0.32633
-0.0141097
2.06137
-2.03179
-1.253
-0.627289
0.987391
0.783878
-0.851725
-1.56356
-0.065055
-1.09913
-0.695966
0.806122
-2.04296
1.0079
0.670019
0.161522
0.0742109
-1.54767
-0.373857
-0.0297051
-0.641602
-0.255496
-0.915331
-0.193644
0.00114875
-1.65409
-0.00835318
-1.00863
-0.181114
-0.454898
-0.850497
-2.52042
-0.19804
-1.60153
-0.699146
-0.613573
0.447718
1.66162
0.167509
0.621008
-0.400913
-2.39113
-0.123394
0.646684
0.497464
-1.16235
-0.148186
1.0256
1.86212
1.18961
0.429304
-0.999699
-0.882573
-0.331967
2.34154
-0.171471
-0.384639
1.27153
0.410828
1.29629
-0.421427
-1.11066
-0.362944
0.508213
-0.134034
0.322944
-0.501601
0.755677
1.57473
1.57154
-0.491208
0.424703
-1.51769
0.48444
-0.769477
-0.934251
-0.78451
-0.294742
-0.00689378
-0.403363
-0.305326
-1.04079
0.303995
-1.02028
1.03824
0.619254
0.901855
