0.840372
0.583755
0.342114
-1.46045
-0.399877
0.803811
1.53751
0.0416734
-0.590382
-1.45847
0.228639
-1.04591
1.33218
-0.833554
1.36277
0.937522
-1.85286
-0.380238
-0.166702
-0.83094
-0.952691
-1.58403
-0.153196
0.174802
1.31251
0.184506
2.64164
0.237196
-0.942149
1.64209
0.309496
0.128404
-0.56857
-0.476747
-0.843678
-0.00797486
1.3688
0.0224118
0.37459
0.0953336
0.0934516
-1.81488
1.50174
0.632947
-1.27403
-0.618237
-1.19688
1.00143
0.938453
0.540092
0.598836
0.290271
-0.246954
-0.805999
-0.892739
-1.62908
0.552064
0.212448
-0.498962
-1.05235
-0.403053
1.14694
1.15598
0.0198783
-1.29361
-1.29329
0.594038
0.8692
-0.654163
0.108582
0.681792
-0.175677
-0.351857
-0.400793
1.12262
1.75511
-0.355356
-0.43516
1.00984
-1.0474
-0.590309
1.2259
0.834196
-1.47224
0.172072
0.156912
-0.49339
0.697958
-0.399539
0.779332
1.27916
0.762898
1.62776
0.972907
-0.669107
1.78108
1.91615
-1.03303
-0.751623
-0.229257
