0.059101
0.0330506
0.132324
-1.1695
0.457136
-1.61672
1.07985
-1.17671
0.918978
-1.18238
-0.166126
1.11522
-1.19125
1.58403
0.162403
0.171739
-0.341702
-1.01074
-0.679572
0.399696
0.383772
1.33812
-0.625602
0.749207
-0.3505
-0.999206
1.08549
-0.489554
-1.2476
1.26638
-0.0802004
1.29625
-0.365391
0.348131
-0.275611
-0.762015
0.855157
-0.964862
1.68695
-0.0084908
0.00651201
-0.589424
-1.14098
0.455
-0.191107
0.376047
1.35847
1.40231
0.808153
0.710959
0.361037
-1.9277
-2.01595
1.04227
-1.54e-06
1.27978
0.182078
-1.60241
0.0109628
-0.423244
0.526407
-1.37699
-0.931714
-0.376278
-0.247251
0.702273
-2.66425
-1.38084
0.261165
-1.18554
0.240017
-0.704033
-0.148985
2.34547
0.919982
1.11944
0.14636
2.32048
0.104346
1.39088
1.09627
-1.44739
-0.337397
-0.882512
0.659862
-1.21645
-0.490856
0.632625
-0.717947
-0.800829
0.769564
2.26004
-2.4076
1.0783
1.15508
0.321768
-0.414293
-1.77503
0.289502
0.316909
