0.770986
0.279408
-0.359928
0.623302
-0.259064
-0.711516
-0.387281
-0.27279
-0.506789
-0.572317
-0.579288
-0.308808
0.276202
-1.28843
1.19274
-1.36975
-1.15767
1.27958
-1.24553
-1.91924
-0.550354
3.09989
-0.117621
-0.278315
-0.0779865
-0.093768
-1.36564
-1.2488
0.906361
0.828995
-0.148847
-0.633612
-0.416963
1.4013
-1.04652
1.30403
1.13014
0.556477
-0.806295
1.80644
0.526264
-0.655547
-0.306883
-0.36528
-0.620017
1.96556
0.468005
1.72645
-0.443539
-0.91704
-1.05533
1.04246
-0.0844103
0.123904
1.02122
1.01867
1.31045
0.131543
-0.952686
-1.20359
-0.786243
-0.00333869
-1.66311
1.79399
0.601423
-0.26429
0.331302
-0.689123
1.44233
0.150242
0.301241
-0.44167
-0.456666
1.53553
-0.511902
-1.12684
-0.683587
1.4414
2.01897
0.848415
-0.357981
0.0588203
1.06059
-1.74715
-0.144639
-0.598972
1.85734
-0.729743
-0.386565
-0.454881
