1.97597
1.22014
0.163259
0.536188
0.338115
0.951296
-0.0244862
-0.250677
0.706259
0.518543
-0.16419
-2.44935
0.306369
0.566181
-0.264881
-2.19351
-2.2308
-0.0234593
0.13312
0.762712
-0.181949
0.111677
1.04983
-2.02486
-0.914939
-1.17589
0.284973
-0.0643502
-0.564661
-0.188702
1.37876
-3.81602
0.713309
0.139418
-0.688133
1.26797
-1.30888
-0.119815
0.365389
-0.631317
1.0034
-0.245816
0.608095
-1.50768
-1.01634
0.292192
-1.47025
-1.61273
1.01673
1.08479
-0.722519
-1.25731
1.43259
-0.711528
-1.76306
2.64265
-0.0823096
1.33347
1.33798
-0.87387
1.28509
0.0761009
1.15068
-0.880914
-0.814599
1.12694
0.975303
-1.56575
0.779225
-0.302933
-0.116069
1.89533
-0.494742
-1.25353
0.462369
0.0993982
1.23079
0.386091
0.794886
1.3441
0.0632154
0.730218
-0.640724
0.599691
-0.438096
1.23452
0.613142
0.0430322
1.77757
0.0476428
-0.416133
0.0714165
-0.744922
1.65022
-0.393795
1.01899
1.02878
1.44302
-0.108246
-0.61686
