0.532769
-0.41948
1.00842
0.345992
0.99331
0.709223
0.323866
0.492665
0.291981
-0.630715
1.05641
1.21333
0.233555
-0.384641
0.901836
-0.285726
0.798644
0.0985064
-0.387865
0.838561
-0.0425225
-0.914292
0.583101
-1.25883
-1.38769
-1.30397
-1.10021
-0.00860182
0.295511
-0.614756
0.0218734
-0.0546794
1.01656
1.07981
-0.498786
-0.952498
1.86228
-0.425836
1.24427
-0.102374
-0.903303
-1.50616
-0.0251832
-0.927903
0.421127
0.0687606
1.05466
-0.595734
1.48475
0.107774
0.676759
-1.07304
-1.31371
-0.571157
-1.23843
1.3302
0.243321
-0.156501
-1.11076
-0.632751
0.0783005
-0.0383294
-0.392528
-0.603071
1.75265
-0.436308
0.0563187
-0.312058
0.596554
-1.38166
-0.973734
-0.502592
1.30849
0.0600286
1.16973
-1.72615
1.14914
-0.212849
-0.11814
-0.801417
-0.560157
-0.243046
-0.263811
0.426172
1.16729
0.321897
-0.0392632
1.0208
0.695874
-0.195631
-1.38944
2.14055
0.166259
-1.00684
-0.244921
0.153089
-1.14207
-0.908849
0.38967
-1.70949
