0.734354
0.515324
-1.52479
-0.590672
2.03182
-0.0752593
-0.431915
-0.22366
-0.704774
-0.664672
0.355801
1.34639
-0.140823
-0.942849
-0.221831
0.0639425
-0.516477
-1.32441
0.319456
0.109265
-0.738001
0.810591
-0.319503
-0.284492
-0.0097172
0.555978
-0.520329
-0.620615
-0.503001
1.14836
0.618897
0.31527
-0.217825
-0.0224456
1.69461
2.23446
0.409181
0.433866
-1.08641
-1.47653
-1.50051
-0.242717
-0.577564
-1.19902
-1.56046
-1.76687
-0.384202
-1.71334
-0.550211
-0.753405
1.93285
0.538561
-0.195127
0.0821887
-1.07799
-0.0247379
-0.617158
-0.373784
0.367931
0.296561
0.0465031
0.615091
1.21512
-1.97585
-1.83393
0.420892
-1.10537
-0.557532
-2.07243
-0.568805
-0.932419
0.227934
-1.18071
-1.71205
0.760245
-1.67919
0.319209
-1.83413
0.0349513
-0.921336
1.556
0.475713
0.453639
-0.48835
0.673985
-0.968841
-0.994774
0.738674
0.271369
-1.05395
-1.81041
0.570093
0.228335
-2.1108
-1.82982
-0.675449
1.16222
0.174587
-0.259152
0.0346406
