0.389729
-2.0274
-0.575322
-0.237791
-0.0699275
0.779564
-0.716763
-2.26479
-0.147343
-0.560814
1.64046
-0.388992
-0.389638
0.67297
1.00701
-1.99778
-0.96471
0.663126
0.161593
1.15811
0.150546
1.70028
-2.19259
-1.32081
-1.09479
0.511084
-1.99826
1.13205
-0.190666
0.667021
-0.522598
-1.3154
-0.763896
-0.84866
1.0639
-1.72244
-1.40789
-0.71388
-0.105067
-0.523299
0.0182571
-0.535241
-1.69577
0.377169
-0.542497
-0.0589867
-0.278562
0.422545
-0.168354
0.00944158
-0.645688
0.250048
-0.0246411
-1.30025
0.429099
0.867824
-0.533017
-0.557888
0.616872
-1.93642
0.875888
-0.267364
-0.0409638
-0.844731
-1.09767
-0.701026
-0.415095
-0.0844665
0.270308
-0.761809
-0.180037
0.664747
0.161202
0.365642
-0.187221
1.11687
-0.00325903
-0.220415
0.0137141
0.0444692
1.08126
1.0928
-0.470791
-1.65986
-0.998987
0.247014
-1.15003
0.368851
0.17949
1.47319
-0.839206
0.989912
0.80863
-1.20959
-0.6231
0.969433
0.42608
0.114971
0.616818
-0.408898
