-0.909274
-2.19904
0.41496
0.580102
0.0792412
1.11678
-0.60894
-1.13685
0.120191
-0.0989002
1.07866
-0.244293
-0.841145
0.630037
1.88353
-0.81916
0.55563
-0.227484
0.393679
-1.28723
-1.97721
2.00351
0.440542
2.00433
0.597571
-1.60035
0.732737
-0.397247
0.46993
1.65292
0.237254
0.396651
-0.621742
0.303947
0.0880817
0.509595
0.529123
1.15865
-0.699633
-1.33774
0.337206
-1.12062
-2.60291
-1.32193
-0.145453
-0.616838
0.478045
1.33156
0.685377
-1.57607
0.894138
-0.0416568
0.724785
-1.50765
1.80721
1.00415
0.408277
-0.0323023
1.20911
-0.659328
0.901113
-0.333508
0.644158
-0.114325
1.66474
2.59824
0.297847
-0.575971
-0.989491
-1.61299
0.0483734
-0.0365654
0.183818
-1.67927
-0.561022
-0.77544
-0.501347
-0.130742
0.310495
0.621467
0.022721
0.325871
-0.37027
-0.423911
-1.1457
-1.625
-0.0493208
0.155326
-0.403783
0.120252
-2.08962
0.308036
0.645975
0.53683
-1.04301
0.0738513
1.19705
-0.922551
-0.778375
-0.495868
