0.699744
-1.12632
-0.724289
2.05862
0.89906
-1.04234
1.31949
0.0893499
-0.572897
-0.593654
-1.08213
0.150773
0.651618
0.0173998
0.698223
-0.27673
-0.500485
1.07432
0.409717
0.339444
1.04144
-0.398634
-1.26437
-0.00779648
1.7736
1.06037
-1.44901
-0.164686
-1.07136
1.71726
0.44656
0.320347
-1.11274
-1.14856
-0.176288
-0.406635
0.0900689
-2.38431
1.01728
-2.08363
-0.085034
-0.874772
0.874717
0.285537
0.913578
-0.599159
-0.0559121
-0.98246
1.10091
0.113153
-0.0980489
0.0407796
0.381066
1.1443
0.478322
0.832027
0.580145
-0.971686
1.09617
0.485777
1.69543
1.794
0.660993
-1.08479
-0.22863
-0.367459
0.180676
0.853507
0.394958
-0.285287
0.832301
0.567287
-1.10863
0.350149
0.0492973
-1.69648
-0.307837
-0.450414
0.0187464
0.875712
1.11553
0.914174
0.895698
-0.745763
-0.383645
-1.36852
0.410451
-0.870695
0.151261
-0.0189581
0.11694
-0.671353
0.40068
0.410576
-0.754756
-0.108421
-0.600811
-0.479591
-1.28345
-0.891023
