0.647901
-0.125362
1.04866
-0.51627
-1.6415
0.795504
-0.166468
-0.901068
-0.60375
-0.5221
-1.40092
0.423357
0.0466821
-0.459064
-1.10057
-1.2345
-0.719428
1.31241
-0.210395
0.979548
-0.0980365
0.147167
0.324051
-0.75374
-1.07716
1.02382
1.06133
0.106557
0.652387
0.81637
-1.36732
0.217819
-0.10835
-2.791
0.817818
-0.203012
0.409425
-0.519946
0.312766
0.196101
-0.865899
0.431023
0.881254
0.532869
-1.71259
-0.264763
0.5872
-0.244152
1.18383
0.709246
-0.496188
-0.842213
-0.865382
0.118323
0.502849
-0.606809
-0.340778
-0.261211
0.766825
0.571747
-0.0877201
0.453041
0.937536
0.617565
0.556014
-1.5932
0.498076
2.62565
-0.203528
1.82193
-0.4003
2.55545
-1.75542
1.229
-0.123411
-0.968234
-0.608525
1.25377
0.0720938
-1.03607
1.6944
-0.719014
-1.23173
2.25135
-0.796189
0.449515
-0.251154
0.487282
0.886158
-0.428184
0.0876718
0.139946
-0.0881745
0.602484
0.786073
-1.74499
0.0645865
-1.71268
-0.505956
0.465641
