0.776835
1.26012
1.49033
-0.821055
-0.691797
0.138472
0.230169
1.65943
0.0840283
0.953452
1.13681
0.715269
-0.0809944
-0.481967
-0.124753
0.557577
-1.96981
0.620808
0.564298
-1.82346
1.65195
-0.468213
0.301462
0.973613
1.18127
0.696319
0.210518
0.727772
-0.0143925
0.459538
-1.42159
1.09787
0.791695
-0.0358481
-0.572001
-1.09551
0.995292
1.01784
1.27693
-1.43655
-0.222968
-1.58178
-0.88145
-0.812003
1.27815
-0.0283806
0.139519
-1.56951
-0.231063
-0.868196
-1.66943
-0.381738
-0.47875
-2.70699
-0.0271708
-1.24615
-0.699952
0.193108
-2.9188
0.0313292
-0.487504
0.703648
0.937159
0.806091
-0.118289
1.00518
-1.59221
-1.65042
-0.466149
-0.724725
0.442331
-0.44184
1.00394
-1.76755
-0.70036
-0.612891
-0.00086532
-1.25057
1.00875
-0.207485
1.75015
-0.339907
-0.47061
-0.557137
0.659479
-0.0544463
-0.512543
1.97521
2.03534
-0.468815
-0.415843
-0.107684
0.483125
-0.944995
0.328753
1.12582
-2.0896
1.1506
1.52472
0.401671
