0.194775
-0.869416
1.00039
-0.516683
1.27519
-0.392297
-0.569176
1.41281
-0.643493
2.66157
-0.27244
0.707937
-1.16005
0.325528
0.845083
0.609801
0.56646
-0.325286
-0.010293
-0.462233
-0.115358
-1.20473
-0.45011
0.972343
0.338157
1.10585
-0.0941958
0.74329
-1.36029
0.942777
0.875972
1.23166
-2.03257
0.915224
-0.851244
0.238519
2.32381
-0.326775
0.569862
0.084783
0.464853
-0.30042
-3.15306
-1.06392
1.06296
-1.64142
-0.39189
0.541246
2.38252
0.24146
-0.379897
1.39537
0.898019
-0.962888
-0.631738
-0.339499
-0.685848
1.04262
-0.406025
1.1284
0.27996
-0.407283
0.212768
1.19965
0.314523
-1.24237
0.18937
0.695419
0.539701
0.383837
0.10654
-1.12852
-1.20858
-0.520842
-0.907371
-0.647373
-0.0154212
-1.43271
0.0986854
-0.184716
-0.101491
0.496293
0.692112
-0.223798
1.40255
0.532479
-0.611406
1.18689
-1.38411
-0.799031
-0.509852
-1.55294
-0.904118
0.933899
-1.31176
1.87281
-1.65896
0.592397
2.25047
1.63695
