0.227311
1.36572
1.6858
-0.592124
-0.547179
0.623206
1.19907
0.265416
2.37719
0.586276
0.0534847
1.21054
-2.00168
-0.125883
0.473658
0.935046
0.378427
0.541312
-0.0142485
-0.635456
-1.56008
1.47186
-0.973849
0.538316
-0.402106
0.645411
-0.0613798
-0.54554
0.695607
0.723419
-0.481623
1.56755
-1.13735
0.410903
-0.527883
0.121685
-1.72197
-0.786977
-1.45677
1.40777
0.672811
-1.53996
0.608663
0.275265
0.0349137
0.175495
0.577294
0.912885
0.969473
0.203911
0.31227
-0.82516
-0.499841
1.01634
-1.53168
-1.06765
0.168494
-0.361086
0.75151
1.12651
0.722454
1.63972
1.4098
1.41992
0.257384
0.267721
1.01464
1.20696
-0.580805
-0.695472
0.562226
-2.36204
0.560286
0.723231
0.150715
0.355213
0.0668282
-0.614341
1.62631
-0.908868
-0.031925
1.12548
-0.377636
-0.771781
-0.244786
-1.48144
0.347738
-0.653566
-0.828333
1.13746
-1.41148
1.0203
-0.311694
-1.04289
-0.614679
1.06411
0.524971
-0.900355
-1.41051
0.83978
