0.0482796
0.267457
-0.971753
-0.103259
0.665195
0.0495191
0.884154
0.547901
0.19407
-0.0469902
-0.558777
0.77063
0.468079
0.920723
-0.669474
0.871572
-0.564819
-0.00501161
-0.712243
0.825733
0.888659
0.876492
-2.14708
-1.14731
0.270282
-1.99254
-0.995154
-0.0518844
-0.669239
-0.90732
-2.50588
-1.06849
-0.889559
-1.76185
-2.27586
0.491645
1.38921
-0.560326
0.525089
-0.260352
-0.0804504
1.13295
0.161169
0.0183841
-1.11399
-0.489609
0.258103
0.266537
-0.175975
-1.30683
-0.00418401
1.35986
-0.451833
-0.256994
-0.903047
-0.666026
-2.1143
0.864548
1.69539
-0.179562
-0.520686
-1.64295
0.157573
0.923549
-0.564862
0.801766
-0.477801
0.0317892
-0.815291
-2.01227
0.527837
0.979003
-1.06487
-0.155117
-0.515059
-0.0428933
-0.13282
1.25557
-0.674797
-0.524547
-1.09048
0.119066
0.23694
-0.873436
-1.17088
1.84283
-1.08906
-1.04708
0.104736
1.39158
1.33988
-0.556577
0.738763
-1.50423
-0.43922
-0.616618
0.915473
-1.54327
-1.1351
0.136485
