0.341495
-0.384262
-0.375135
-0.266451
0.330947
0.826874
1.00198
-1.8776
-0.748405
0.680305
0.145103
-0.534483
0.179044
0.591805
0.689056
-0.354998
0.887999
1.67172
0.491303
-1.75359
-0.221148
0.356228
1.11294
-0.431495
-1.45992
-0.127351
-0.427299
0.247205
-0.113139
-0.31358
-1.98089
0.467541
-0.391718
-0.279541
0.029146
-0.518763
0.419355
-2.24506
0.615884
0.476295
-0.0377911
-0.387168
-0.879913
-0.810586
1.39327
-0.108029
-0.386611
0.232346
-0.587227
1.18923
-0.231296
-1.06102
-1.51143
0.794757
0.358236
-0.0681782
-0.489518
-0.409348
0.257443
0.367126
-0.201348
0.323086
-0.121646
-1.47444
-0.328199
1.10445
-1.08496
-0.430703
-0.20009
-1.65112
1.01604
2.66271
0.0087989
2.31295
-0.0523228
1.36553
-1.74791
0.58221
-1.75907
-0.270037
-0.410808
0.319176
-1.32261
0.171606
-1.00993
2.2974
-0.748571
-0.581518
0.357696
-0.822393
-0.178064
0.559311
-0.859757
-0.303175
-0.437676
0.558728
0.798094
-1.26759
0.20373
1.70015
