-1.16657
0.0987252
0.981213
-1.14818
1.25497
0.119295
0.289342
0.327452
-0.220141
1.23366
1.29363
1.20574
0.00646474
0.470347
-0.406907
1.76299
1.01305
1.34948
-0.211336
-0.47562
1.76761
-0.833851
-0.160651
-1.64057
-0.895428
-0.396934
-0.254281
-0.0968574
-0.86632
-0.586653
-1.3879
0.24016
-0.514507
1.25068
-0.327053
0.226763
1.08914
0.101879
1.23996
1.03064
0.577807
-0.403196
-0.16393
-0.742672
-0.0931834
2.18963
1.62615
1.34669
0.325809
-0.616845
0.0818415
-0.257378
-2.00261
-1.75046
-0.606128
-2.02406
-0.3388
-0.789815
-0.903805
-0.334094
-0.188282
-0.517713
0.371517
1.10042
-1.14704
1.12986
-0.795497
0.629668
1.59245
-2.63227
-1.94541
0.765648
0.838139
-0.748126
-0.494909
-1.11515
-0.589627
-1.5814
0.984304
-2.81394
0.235977
1.27289
-2.47852
0.535215
-0.1627
0.537075
1.537
0.756936
-0.772845
2.08666
0.853575
-1.47704
0.102388
0.585656
-0.905452
-1.13334
-1.20065
0.425797
1.21893
-0.962034
