-0.346526
1.5144
-0.811094
0.310607
-0.195302
-1.51201
-0.398634
-1.22925
0.665644
1.08182
-0.795825
0.124779
-1.73487
-0.296656
0.24164
-0.0618596
2.66449
0.718681
-1.72521
-0.0170271
-0.266559
-0.0561018
-0.190713
0.31866
-0.702635
-0.796618
-0.0499754
1.52148
-0.0910487
0.955598
1.29995
0.111331
1.04712
-0.449433
-0.1487
0.840087
0.155042
0.812344
-0.340171
-1.43642
-0.172791
0.325402
1.1865
1.67668
-0.823502
-0.313201
0.238665
1.36139
1.1354
-1.8689
-0.264155
-0.715796
0.140248
1.02991
-0.789729
-0.215143
0.812292
-0.8547
-0.391234
0.127011
-0.6111
0.958626
1.65423
-0.811362
-0.732919
0.571055
-0.636926
2.24863
1.26351
-0.12762
-0.821875
0.398227
-0.82367
0.325017
-0.231012
0.735791
0.142076
0.270076
0.690886
-0.115884
1.23701
-0.813039
-0.684903
1.37667
0.177238
0.16247
0.543
0.53817
0.648231
-0.29719
0.368156
-1.73187
0.77989
-0.0643073
0.00836974
0.192321
-0.178424
-0.894111
-0.508941
-1.86506
