0.625445
-0.719373
-0.216931
0.671127
0.134386
0.49656
-0.415791
0.169205
0.205168
-0.709096
0.34679
1.83334
-1.49296
-1.3299
-0.396365
-0.587193
0.25189
-0.161594
1.06628
-0.52732
-1.45269
-0.689215
-0.153334
0.614274
-0.543596
0.180483
-1.44269
-2.05133
0.355025
1.06942
1.46385
-1.47082
-0.229736
-2.05843
-0.258793
-0.935331
-0.326479
0.314784
-0.0279276
-0.631244
0.56664
-1.20496
-0.486138
0.663461
-1.27149
0.126456
1.71383
0.00783173
-1.53738
-0.482723
0.370995
0.588525
0.344167
0.694172
1.04192
-1.18343
-1.22149
-0.409141
0.587022
1.60668
1.8758
0.381852
-1.76165
-0.141802
0.95638
0.599621
-2.08504
0.853216
0.93015
0.0745936
-1.27194
-0.328445
-0.5089
-1.0019
-0.215519
1.07168
-0.0678666
1.05222
-1.33549
0.27717
0.154401
-0.371999
0.12406
0.672075
0.579837
-2.05621
1.12697
0.237618
-0.437649
2.03729
0.572601
-0.295822
1.63135
0.697938
-0.850669
-0.169186
0.750788
-0.211546
1.22594
0.400462
