-1.9308
0.180138
-0.0213679
0.58338
0.642635
-0.0227273
0.133356
0.141539
0.674333
1.30965
-1.12433
1.58679
0.314685
0.323265
0.605039
0.770237
-0.566196
1.72704
0.041674
-1.46971
0.149523
0.891845
-1.27772
-0.036076
-0.736211
1.16464
1.83372
-0.915575
0.367103
-0.701752
-0.035079
-1.18202
-0.263317
0.23466
-1.15889
-2.02554
0.846237
0.582495
-0.873621
0.484375
-1.9456
-1.05809
-0.404033
-1.10009
0.0329256
-0.657937
0.14375
0.0231342
1.03438
0.109313
0.552286
0.442
-0.773526
-0.637775
-0.638059
-0.0599369
-2.11063
-0.318394
1.03483
1.23628
-0.942944
0.509114
0.384423
0.644054
-0.464784
-0.908182
2.02038
0.116703
0.377029
-0.768648
0.252216
-1.62569
0.916276
0.505164
-0.15429
1.02395
-0.0835604
-0.0759514
-0.56344
-0.236381
1.34521
-0.365211
0.321271
-0.840718
0.145701
1.59454
-0.798754
-1.86934
-1.31094
-1.71392
