0.864301
0.429754
-0.935882
0.479387
-0.547523
0.402669
1.72011
1.14392
-2.25256
0.743273
-1.0915
-1.02243
1.6734
1.07691
0.506969
0.323955
0.206043
1.05141
-0.869047
-0.257436
0.497575
-0.0248776
-0.968642
-0.645129
1.8244
0.294275
-0.583497
-0.828849
-1.40257
0.972962
-0.644013
-0.0832725
0.0942843
0.337707
1.35382
-0.810004
-0.824919
-0.670564
0.838569
0.744173
1.41041
-1.78578
-0.834022
-0.16485
-0.705688
-1.39088
0.317639
1.86778
1.24065
0.83701
-0.387249
-0.184509
0.382076
0.321361
-0.746106
0.665075
-0.585804
0.946334
-0.680776
-0.554808
0.0222504
0.0857541
0.0241258
1.15673
-0.47477
2.27192
1.69593
1.73975
-0.0648335
-0.646693
-0.187365
1.17708
-0.0693215
-0.594723
-1.17804
-0.198302
-0.107935
-0.141197
1.07456
0.266873
-0.3796
-0.681067
0.42713
-1.39136
0.739546
-0.0293627
0.0981788
-0.472953
-0.318005
0.686276
-0.439305
-0.184997
-1.15008
0.0317035
0.95536
-0.30632
0.430841
-0.245817
0.464853
-1.5725
