0.607577
-0.157209
-0.423223
1.7715
1.56547
-1.6278
1.8934
-0.0764773
0.0643076
1.4201
-1.23426
-0.286027
0.0167598
-0.247168
1.76745
-0.185332
-0.73259
0.877998
0.129828
0.137157
1.46818
-1.02096
0.0333489
-1.70784
0.941227
0.372371
-0.406353
0.627295
-0.936034
-1.06359
0.0399148
-2.63634
0.142466
0.0800942
-1.4998
0.932451
-1.2142
0.544222
-1.29718
0.664154
1.96737
0.161949
-0.0655631
-0.843725
-0.669601
0.959943
-0.347671
0.966399
1.86363
1.03467
-0.568739
-0.987029
0.864685
-0.487362
0.67637
-0.296387
0.255732
-0.697338
0.71731
-1.54478
-1.25888
-0.782144
-2.0959
0.138204
-0.723664
-1.52901
0.129544
0.435099
0.0642149
-2.05559
0.425133
0.316493
-0.12248
-1.13554
-0.132286
3.21685
0.0140483
1.60872
0.494927
0.527863
1.14784
-0.469914
0.505655
1.86686
-0.939714
-0.306307
-0.179753
0.0232669
1.70365
-0.188913
0.198496
0.62961
0.635508
-1.73912
-1.20755
-0.254614
0.867844
0.82116
0.0458131
0.764302
