0.742522
0.521154
0.357943
1.23885
0.872435
-1.09939
0.167971
-0.429456
-0.516739
-1.13746
0.574343
-0.503286
-0.539076
0.623362
-1.19455
-1.96673
1.04167
0.00853091
1.30251
-0.297636
-0.213477
-0.29325
0.836662
-0.129841
-0.80458
-0.746247
0.948591
-0.275084
1.43749
-0.0931888
1.05051
-1.51413
-0.554391
-0.720378
-0.363769
0.709016
0.907887
0.440011
-0.044671
-0.487538
1.0031
1.39624
0.288386
0.32707
-0.25201
0.51159
-0.543705
0.465834
0.956375
-1.20004
0.0191188
-0.402357
0.189148
0.673948
-1.06294
-0.325735
0.671602
-0.0258433
-1.47969
0.976452
0.437138
0.89237
-0.0741669
1.27764
0.819757
-0.280855
0.244382
-0.947672
-0.0201725
1.26255
-0.566555
-1.90299
-0.382689
-0.791464
-0.200129
0.156656
2.55808
-0.753246
0.713408
1.41028
-0.246128
1.08356
-0.0846114
1.25058
-1.14421
-1.39551
0.131545
0.63668
0.614692
-1.53071
0.303347
-0.703669
1.46396
0.340076
1.73768
-0.694661
-0.384663
1.50311
1.16407
0.299864
