-1.14455
1.27008
-0.509957
-2.38172
0.696709
1.32402
1.48121
-1.21905
-0.522518
-1.84995
-0.173868
1.59392
0.664517
-0.927147
0.309071
-0.831228
1.23654
-0.165303
-1.05613
-0.17401
-1.16067
1.66931
-1.62129
1.14116
1.38188
0.575463
-0.0612225
0.157882
-0.265648
-0.586033
-1.80133
-0.991611
-0.37171
0.217127
0.30808
-0.548517
1.54893
-0.268168
-0.375146
0.634614
1.20834
0.81948
1.48249
2.06835
1.83588
-0.00177703
1.10692
0.621888
-0.348135
1.57808
-1.35005
0.90648
-0.255299
0.861266
-0.512894
-1.44693
0.972204
-0.874504
-0.752334
0.795125
-1.38963
0.557034
0.269198
1.90903
0.186601
-0.30685
0.529932
2.2627
1.33947
0.272013
-0.627982
-0.111974
-0.390385
0.404674
0.327333
-0.509346
-0.826017
-0.626226
0.128956
1.66132
-1.26175
-0.522706
1.85497
-0.375844
1.8844
0.750743
-0.466246
0.229832
1.15902
-0.484062
0.169474
-0.133375
1.79647
-0.329957
1.58721
-0.972006
0.711567
2.03169
0.386214
1.38897
