-1.62236
0.0747501
-0.324638
-1.45943
-1.043
0.396231
0.296615
-1.65041
-0.91046
-0.950339
0.766146
-0.82838
0.71201
0.330697
-0.323795
0.815514
0.691248
1.20801
0.399953
-1.6725
-1.20949
0.491094
-0.233484
-0.259358
-1.55915
-0.846265
-0.969554
0.303652
0.364917
-0.723195
-0.567048
-2.13275
0.785114
1.40373
-0.052118
1.93685
-1.69677
-0.140885
-0.748237
0.552078
-0.427977
-0.2281
-0.468644
0.301773
-1.01491
-0.510138
0.171194
-0.20314
-1.06829
0.157691
-0.470217
-1.71361
0.0715246
0.730103
-0.722177
-0.100302
-0.782172
1.21179
2.60852
-1.51936
0.640756
-0.198201
-1.36484
-0.121898
-0.531092
1.37322
0.949427
1.23871
-1.02988
1.047
0.243648
-0.695901
0.461138
-0.0853567
0.131086
0.604366
-0.505882
1.27296
-0.0529089
0.260737
0.695686
-0.817255
-1.2173
-1.87654
0.626653
-0.903167
-0.42148
-0.994646
0.205699
0.066444
