-0.700714
-0.226732
-1.34303
0.294567
1.27454
0.914962
-1.30977
-1.64555
-0.46199
-1.97332
0.1224
0.0861614
-1.47799
-2.34244
0.328709
0.0728995
-0.300028
0.229198
0.361861
-0.759032
0.410562
0.0902335
-1.13624
-0.116491
1.6185
0.235105
-0.470364
-1.4323
0.99271
-1.24141
0.78062
0.321662
0.609416
-1.44919
1.03019
-0.605006
1.46548
1.15881
0.361213
0.885541
-0.057302
-0.434374
0.51002
-1.33613
0.247809
0.564893
-0.810527
0.0973086
-0.70951
-1.81195
-1.648
1.13479
-1.05107
1.14527
1.56795
0.0116247
-1.55002
-0.609483
0.662711
-1.37074
-1.85137
-0.378437
-0.349418
1.9045
-0.402711
-1.09897
-0.0981291
0.0193242
-1.47135
-2.35946
0.794282
0.59574
0.277534
1.59301
-0.957218
-0.720954
-0.291172
-1.05585
-0.847307
1.65839
0.967859
0.589795
0.639132
-0.565361
0.241404
-0.628725
-0.848543
-0.938501
1.3649
-0.618748
1.02398
0.653727
-0.0821239
0.00969177
1.18705
-0.420685
-1.16184
1.129
0.568619
-1.5282
