-1.14747
0.469002
0.083724
0.68535
-0.688648
-0.545404
0.229285
-2.17803
1.03265
0.991115
-0.982491
0.316904
0.884725
-0.414244
1.18827
0.464349
0.0441516
-0.327541
0.550976
1.75213
0.696082
0.367177
-0.899499
0.938166
1.7808
-0.525616
-0.0610248
-0.880518
0.475772
-0.634602
-2.12703
0.893728
-0.719255
0.110889
0.0367555
0.702695
-2.56082
0.960463
-1.79503
-0.0619298
0.105666
0.76534
0.329335
-1.11434
1.09189
-1.53402
-0.125256
-0.121211
2.78847
-1.14836
-0.562438
-0.212445
0.163151
0.766204
-0.373395
-0.612636
-1.84467
-2.17017
0.182033
0.22676
0.793388
0.917485
-0.862845
0.77333
-0.336213
0.488293
-0.897912
0.103931
-0.507589
-0.0340353
-0.287245
0.739567
0.37966
-0.613991
-0.544274
-0.232017
1.42236
-0.867655
0.255007
-0.138668
0.560495
-0.6777
-1.11535
1.88024
-0.04582
0.103365
0.852892
-0.177123
-0.560765
1.29367
-0.307105
0.459969
0.371749
-1.20831
-0.604265
0.47926
0.33598
0.00804673
-1.16473
0.277483
