0.515808
1.66103
0.99682
1.07758
-0.911044
1.12886
-0.840368
0.842292
-1.82119
0.459197
-0.309725
-0.926093
0.734106
0.981386
2.00941
0.94609
-0.667574
0.422818
-2.87097
0.282389
-0.1093
-0.227334
-1.31306
0.7881
-1.7121
0.723896
-0.972175
0.182084
-0.303744
1.233
0.896801
-0.034893
-1.94674
0.785139
0.197228
2.76115
-0.495331
0.49757
0.276783
0.12157
0.160535
0.175902
-1.20364
0.422119
-0.977121
-0.837262
0.114338
-0.751862
1.24002
-0.540736
0.352585
0.947105
-0.505076
0.322803
-0.664508
-0.0360395
-1.43464
0.0591745
0.206939
-0.102888
-1.34583
-0.123656
-1.61805
-1.93704
2.36112
-0.661853
1.15105
-0.225631
0.921624
-1.08065
-2.04868
2.39609
0.443129
0.94745
-0.789036
-1.64373
-1.70558
0.299928
2.02864
-1.08239
2.34957
0.759048
-0.988925
0.466953
-0.178452
0.686692
0.0806197
-0.485232
0.435962
0.116162
-1.42487
-0.249856
1.13412
-0.395118
1.41772
-0.0625472
1.15415
-0.924454
-0.107606
0.659382
