-0.512172
-0.799988
-0.559767
0.716753
-0.507469
-0.846222
0.483036
0.428241
-0.655211
-0.754176
0.0858157
0.619589
0.588187
-0.862216
-0.567854
-2.68322
1.89503
0.905613
-1.29882
2.32488
-0.180954
0.162063
1.40158
0.491368
-1.90641
0.106784
-0.46728
-0.17072
0.0708024
-1.3179
0.107467
-0.162422
0.839733
0.432753
0.795956
-0.428883
0.912503
-0.830093
1.06194
-0.736926
0.422895
-1.28855
-0.523452
0.838464
-0.585654
-1.93857
0.953144
0.717903
-0.289861
-1.1228
0.865659
0.829642
0.740832
2.04685
1.23127
0.0613196
0.502723
-0.296166
0.616485
2.36306
-0.480396
-1.51149
-0.115881
-0.962857
-1.15528
-0.818309
-1.28223
-0.898739
-0.9066
0.2569
1.48278
-0.0881003
2.58592
-0.255607
-1.78903
0.812464
0.0260072
-1.90964
0.651988
-0.0556683
-1.17124
-0.0430849
-1.55644
0.461887
0.620267
0.775674
-0.129905
0.245264
0.333146
-1.07711
0.555221
0.768081
0.0063224
-0.939158
-1.38411
-0.609601
1.15406
-0.736679
0.806923
1.40285
