-0.786344
1.30588
0.31656
0.417354
-0.0154038
-1.1674
0.796278
0.545092
0.618361
0.831445
-2.08028
-0.486659
0.189167
1.04204
1.48731
0.585122
-1.08727
-0.0235551
0.528548
-0.937104
-0.0789169
1.26579
-1.44974
-0.958462
-1.77817
-1.30695
0.319831
-2.06544
1.39555
0.706604
-0.508875
-0.18254
-2.48808
-1.08871
-0.472654
-0.212694
-2.4577
-1.71399
2.19911
-0.942982
0.768643
-0.6265
-1.06875
0.815006
1.51075
-0.691485
1.33759
0.776766
0.399285
0.0227711
-0.631731
1.05173
-0.70021
-1.64467
0.0881322
0.0266607
-0.021754
-1.06922
-0.910492
-1.4016
-2.51081
-1.26813
0.063007
0.00994495
-0.810367
-1.13559
-1.7159
2.68793
-0.295873
1.53876
-0.906307
1.83308
-0.967479
0.269094
0.254178
0.429254
-0.542555
0.231276
0.695856
-0.985549
-0.412926
-0.221102
-1.77729
-0.49831
-0.495213
1.60681
-0.0493292
-1.36284
1.06022
-1.20911
-0.540745
0.27399
0.229955
-0.906288
-0.471716
0.493787
-0.15144
0.9337
-1.10806
0.945719
