-0.294521
0.662178
-0.150398
0.0540319
-2.3092
0.00120502
-1.41634
-0.399617
0.384162
-1.40211
-1.1959
0.474105
-1.23761
0.333934
0.612427
0.63106
0.657437
0.498264
1.41542
-0.841919
0.433334
0.0356499
0.726686
1.83393
-1.07251
-0.578942
-0.699714
-0.238844
0.47305
-1.19832
-1.65132
-0.656212
-0.734313
-0.0686092
-0.910489
1.60511
-0.58598
-0.0618789
0.592384
0.954816
-0.233296
-1.59508
-0.203372
-1.23786
0.578672
-0.38227
0.509368
-0.857506
-1.05416
-0.936565
1.78879
-0.370231
0.702409
-0.720054
0.667043
-0.490547
0.325904
0.384842
-0.124469
-1.50788
0.47116
-2.34829
0.0426404
0.393488
3.33144
0.964183
-1.47644
-0.0247017
0.850968
0.641471
-0.015386
-0.730152
1.20047
0.500023
-0.153708
0.700429
-0.925476
-1.10139
0.836782
-0.091463
0.0161734
-0.549883
0.539645
0.709832
-0.614693
-0.419506
1.49929
1.68686
-1.2581
-2.6322
0.285889
-0.161486
-0.298565
-0.514033
2.36884
-0.253032
1.18265
0.138998
0.575898
-1.57964
