1.56933
1.17782
-1.71532
0.655748
0.821525
0.759165
-1.80474
1.47806
0.658549
-0.201341
-0.632261
-0.22911
0.0101424
-0.129767
-0.877279
-0.159569
-0.726727
1.83206
-1.54915
-0.0780211
1.36159
-1.99065
-0.210497
0.924727
0.395344
-0.241578
-0.00174907
0.0856713
-1.13556
-0.817311
1.10209
0.567791
-1.14508
-0.615668
-0.710001
-2.1676
1.29315
2.28387
1.25087
1.1218
-0.745127
-1.4401
0.740755
-0.398845
-0.747183
1.08307
1.3235
-0.0656552
0.260559
0.338043
0.459696
-0.880445
-0.20775
-1.44039
0.130552
0.783889
1.38534
1.10828
-0.67178
-0.563978
-1.38546
-1.87764
-1.17334
-1.13627
-0.0478365
-0.797062
-0.187192
-1.734
0.665268
1.74397
0.288174
1.35955
-0.344373
-0.151007
-1.01651
0.871969
-0.549432
-0.310145
-1.1988
-0.0334604
-9.96e-05
0.0341495
0.116688
0.201276
-1.58496
-1.00957
-0.413786
-0.460231
0.746814
0.411973
-1.0621
1.86018
1.30376
0.257896
0.617421
1.79094
0.729989
-0.0953773
-0.887014
0.0672442
