2.10429
-1.14182
-1.17745
1.8363
0.95625
-0.396822
0.186916
-0.800389
1.45895
0.847144
-0.405563
0.370015
1.15716
-0.814399
1.23843
-0.844379
0.449979
0.00201612
-0.0443268
-1.60569
-0.0732298
-1.2595
0.323441
-0.380947
1.13336
-1.04272
-0.889083
-0.117323
0.441924
-1.35674
0.223142
-0.179426
-1.17026
-0.334121
-0.387068
-0.00156855
1.87121
0.398229
0.142343
0.915951
-0.690969
0.298908
0.310933
0.656661
-1.00298
1.96439
0.748887
-0.706521
0.811489
0.377085
-0.196912
1.41068
0.633084
0.140001
-0.64469
-0.761343
0.819873
-1.47272
-0.852924
1.05094
-0.512708
0.969217
-0.0571
0.30066
0.181554
0.193037
-1.60728
0.208361
-0.43944
-1.60858
-1.17309
0.31731
-0.244469
-0.216879
-0.962374
-0.202902
-0.793413
-0.719579
-1.41637
-2.11266
-1.09652
-0.708283
0.289596
-0.539781
-0.123463
0.157223
-1.05024
1.22492
-1.02
1.70116
-0.110563
0.121224
-0.65907
0.510424
-0.0373164
0.163784
-0.675938
0.179384
-0.998031
-0.327009
