1.12253
1.62146
0.963115
-1.13954
-1.28194
0.224734
1.85942
0.626979
1.51791
0.402954
-0.259467
1.6138
-0.482502
-0.226208
-0.867245
-0.101089
-1.50643
0.0737892
-1.35022
-0.689102
0.55248
0.512789
0.478795
0.172712
-0.478002
-2.43834
1.6414
-0.606509
-0.43058
-0.979223
-0.266739
-1.08762
-0.106197
1.2275
-0.707116
0.616999
0.0557994
0.935641
-0.182902
0.488061
-1.01522
-1.19679
-0.266629
0.490125
0.985533
-0.976138
-0.627384
0.371522
-0.0964649
-0.730088
-2.77792
0.508541
0.263829
1.20572
-0.981391
0.312715
-0.463127
-0.575726
-0.365402
-0.099459
0.0930775
0.203488
0.421618
-0.458436
-0.202571
1.69888
0.24269
1.11415
-1.50958
-1.12517
-0.27082
-0.599871
-0.309387
0.120397
-1.09205
1.04811
-0.780165
1.06326
-0.0330396
-1.13881
-0.647866
-0.549575
0.971694
1.22979
0.520974
-0.624354
-1.73388
-1.30214
-1.79586
-0.19836
-0.099259
-0.0577363
0.0836919
0.198621
0.506058
0.854878
0.862778
1.42849
0.699875
-0.882106
