-0.954596
-0.994926
1.10992
-0.0739436
0.658578
1.07828
0.143487
-0.149107
-0.737645
-0.929533
0.265447
0.878561
-0.861795
1.213
-1.38156
-0.547534
0.310815
0.32918
0.432497
0.75289
1.1368
-1.24532
0.244212
-0.213496
1.00923
1.09383
-0.377411
-0.799111
-0.126365
-0.00173623
0.024618
1.34214
-0.290568
-0.556441
-0.945159
0.614322
0.651528
0.149007
-1.06807
2.07902
0.815079
-0.924138
0.945053
-0.935037
-2.55969
1.75208
-1.45942
-0.12685
1.84789
0.701922
-1.51254
0.096122
0.199015
-0.0437032
0.411808
-0.00339361
-2.33051
1.90597
1.31111
1.32238
1.88121
-1.31083
0.0638275
-0.908358
-0.415963
1.67627
0.965944
-0.232523
0.447968
-1.93295
1.61504
0.762394
-0.0423816
1.16351
-2.24633
0.250758
-2.0162
-0.372243
-0.214767
-1.99867
0.0248129
-0.343186
0.335164
1.22534
1.06791
-1.54924
-1.51581
-0.627471
3.13784
1.18123
1.49943
0.924517
-1.44754
0.88027
1.50629
-1.2769
0.398723
1.73157
0.287188
-0.193534
