0.915884
-0.0958453
-0.0188004
-1.29091
0.135894
2.96597
-0.576995
-0.0763318
0.400299
1.2449
0.682397
-1.48415
0.566443
-0.317951
-0.239563
-0.741389
1.49366
0.285179
-1.09297
-1.96404
-1.96155
1.44782
0.14137
0.905839
0.0345491
-1.14883
0.257676
0.325819
-0.576837
-1.52601
-0.582494
0.709276
-0.607492
-0.695868
-0.243938
0.59481
0.630786
-0.0421718
-0.595258
-0.603317
0.726229
-0.207136
-0.154951
0.904337
0.284146
0.925625
0.628193
1.88362
-0.661703
-0.0611731
0.130744
-1.2044
1.50084
-0.615696
0.981852
1.15698
1.2615
0.250508
0.747168
0.377674
-0.49768
-0.0467448
-0.642808
-1.84264
-0.911772
-0.212571
0.372225
-0.416183
1.13515
-1.56686
0.713333
-0.0212515
-0.0123954
-0.965113
0.449022
-0.114295
0.839818
-2.31011
0.0187168
0.325219
-0.207919
-0.855713
0.46502
1.62467
-0.428829
0.401644
1.07387
0.443637
-0.682213
-1.26477
0.987545
0.548304
-2.29032
-0.378512
-0.937639
-0.661781
-0.28719
0.0811094
1.16887
-1.56722
