-2.23652
-0.182703
-0.953992
-0.323647
-0.0209277
0.414062
-0.0600615
-0.85967
-0.984086
1.59845
-0.617168
0.17566
-0.703284
-1.57796
-0.68013
0.52722
1.3212
1.05755
0.0386223
1.21202
-1.53637
-1.15347
1.16195
-0.581778
0.638021
0.574915
0.869309
-0.00278442
-0.0109214
0.811352
2.08982
1.97669
1.87494
-0.789454
-0.452006
-0.251013
-1.06526
-0.148089
1.56557
0.313489
0.791568
-0.363491
1.20598
-1.22015
-0.653009
0.421233
0.00208414
0.17138
0.0774409
0.426965
0.255956
-0.0789766
0.775149
0.314106
-0.529361
-0.559224
-0.626641
-0.708204
-0.163956
0.457218
1.55378
-0.349366
0.613702
-1.53595
2.23714
0.614673
-0.124403
0.24515
-0.611717
0.0129834
-0.292956
-0.235295
-0.864894
1.03534
0.233355
-2.36507
1.18327
0.685863
-1.16438
1.88521
0.379048
1.18141
0.229224
-0.777881
0.475539
0.469212
-0.123565
0.0758344
0.511557
-1.38957
1.02477
0.212339
0.331386
-0.102769
1.53235
