1.8367
-0.054753
0.375767
-1.52484
2.18345
0.283728
-1.20697
0.026042
0.642671
0.0753992
-1.01805
-0.885174
-0.309869
-0.533764
0.570806
-1.2653
-1.93878
0.867344
-0.567151
0.30371
-0.470996
-1.17747
1.03055
0.160606
0.595301
0.226434
0.640802
0.864746
-2.06358
-0.0962362
-2.33705
0.186926
-0.468801
1.37968
2.23769
0.479798
-0.645917
0.988938
-1.00652
-0.758636
0.216039
-0.177341
2.28604
1.4096
0.72471
-0.585563
1.3018
1.60531
-1.36819
-0.284068
0.960447
0.215805
-0.678717
0.417462
-1.05975
-2.15608
-1.04183
0.887928
1.24845
0.227012
1.09819
0.800636
0.398681
0.336408
0.990528
0.298698
-1.96494
-0.0295469
-0.0521843
0.692194
-0.173969
0.554973
0.985499
0.388533
0.310275
-0.287775
1.35145
-0.343638
1.12637
-0.0883117
1.66899
0.0423318
-0.804047
-1.37689
0.479758
1.16778
-0.416733
0.929642
0.109904
-0.0454783
-0.296777
-0.884893
0.770839
2.03219
1.36434
0.172789
-0.949344
0.651927
0.510585
-0.287904
