-0.553113
0.754449
0.250594
-0.772887
-1.06168
1.16461
-0.877378
-0.947274
-0.699384
0.259588
1.19941
0.525253
-1.03902
0.119102
-1.3683
-0.482363
-0.0330323
-0.615812
0.330658
-0.22064
-0.596368
0.593978
0.294796
-0.886405
0.0850797
-0.529944
1.61007
0.544987
1.80789
-1.27133
-1.64169
-1.13402
-1.31963
-1.10544
-0.673636
1.20314
0.564941
-0.219348
-0.289311
1.33412
-0.79352
-1.18242
0.347932
-2.23
-1.23017
-1.40776
0.415626
1.32516
1.28221
-0.43795
0.525766
2.00142
0.274774
-1.06271
-0.390121
-0.00030208
-0.986302
0.0409213
0.846446
-0.524071
-0.217581
2.35805
-1.49625
-0.894436
0.418129
0.0904105
1.01465
-0.600683
0.814714
1.74419
0.647261
0.17778
0.161754
0.824979
0.669923
-0.182195
-0.736876
-1.46221
1.09664
-0.205211
-0.145869
-0.36432
0.191155
1.29446
-0.924583
-0.131516
0.0835888
1.19391
0.491536
-1.633
0.334931
-0.556442
-0.669513
0.237055
-0.358173
-0.522851
-0.336267
0.111691
-1.72659
1.20605
