-0.336493
-0.624635
4.13838
0.195109
-0.996045
0.885061
-1.51424
0.704772
0.495303
0.282312
-1.21919
-0.762523
-0.547705
0.0357507
-0.401795
-1.38608
-0.103032
-0.237933
-1.04961
0.0123161
-0.496414
0.247264
-2.01485
-0.459115
-1.90098
0.307327
0.4554
-0.627126
-0.473685
1.78222
-0.944902
-1.38487
0.362547
0.0979108
0.3229
1.14278
0.388822
-1.12876
0.826339
-1.13455
-0.00877631
-0.412507
-0.686763
1.48777
0.953542
0.519522
-0.181787
-2.36597
-0.412151
0.672659
0.0680706
-1.12137
0.0171711
-0.581039
1.19785
-0.123971
0.140823
-1.84306
-1.08573
0.407169
-0.375704
-0.539682
-0.992727
-0.747103
-0.223307
0.299846
-1.22059
-1.7087
0.709222
1.37778
0.388267
-0.461732
0.275188
-0.206179
-1.21469
-0.0423315
0.310777
0.637185
1.94932
1.11845
-2.36301
0.316391
-0.0146204
-0.884344
-0.776292
2.66357
-0.336986
-0.342023
-0.623541
-1.08255
-0.0542484
-0.00233673
-1.51847
-0.166872
1.34137
1.10895
-2.13543
-0.88503
-0.788392
1.71075
