-1.07212
-0.103989
-1.24866
0.371657
-0.494379
-0.445438
0.403634
0.399209
-0.417492
-0.174936
-2.61261
-0.554194
-0.897557
2.06923
0.85621
0.823238
1.48268
0.231098
1.37338
1.82866
-1.9084
-0.25444
-0.871232
0.0697967
-0.00596025
1.76717
-0.585011
0.0688952
0.156084
0.78111
-0.0394025
1.08178
1.98334
1.54105
-0.213546
2.47774
-1.44957
-1.1193
-1.24462
0.312275
-0.250897
-1.47718
-0.425491
-0.208594
0.207621
0.742137
1.19382
-0.380524
-0.076356
-0.645086
-0.339643
1.39402
-0.972766
-0.91762
0.406325
0.0601814
-0.338682
0.810321
-0.99848
0.318447
1.15875
-0.597045
-1.30362
1.53744
-1.33925
-0.543551
1.14939
2.06374
-1.40811
-0.430226
-0.760599
-0.134424
-0.348029
1.02845
-0.275872
-1.00257
-0.975791
-0.478923
0.842901
0.0949071
-1.13655
-1.11598
0.219187
-0.275207
0.615091
-0.896061
0.589073
-0.308678
-0.114944
0.775844
0.115625
0.660895
1.47773
0.376415
-1.90934
0.927569
-0.497341
-0.484148
1.04985
-0.377531
