-1.20675
-1.34012
1.38551
0.113516
-0.286812
-0.629874
1.56809
0.598209
0.441916
-0.154897
1.24025
1.03312
-1.46338
1.41549
1.51934
2.01422
-1.31947
-1.9099
2.06163
-1.91532
1.0944
-1.58735
-0.0290409
0.884803
1.11969
0.102202
1.81017
0.205857
-0.462011
0.596298
-0.134878
1.40575
-2.3406
0.543874
-1.37738
0.704471
0.115977
-0.187255
0.781084
0.519769
-2.05541
-2.27862
0.30739
0.118158
0.812699
0.842505
-0.110122
-0.654104
0.799073
1.18786
1.27771
-0.250725
1.29957
-0.47861
-0.306161
-1.0431
-1.00934
1.83452
0.838921
-0.290672
1.01059
0.531139
-1.14207
0.590144
1.40612
0.471502
0.579439
1.64874
1.24437
0.86618
1.58555
0.69719
0.784628
-0.1774
-0.797209
-0.766396
0.54783
-0.0447483
-0.631582
-0.51261
-0.249962
-0.777145
0.867773
0.832383
-2.20347
0.268863
1.87405
0.622732
-0.567219
-0.862327
0.471074
1.16774
-1.36717
-0.663908
1.92933
-1.30561
-0.265966
0.0400666
0.628938
1.25539
