-0.0147091
0.439022
-0.665723
1.5338
-0.310745
-1.03178
0.637545
-0.518921
1.1532
-1.07166
0.31003
-1.55244
-1.51512
-1.82231
-0.0669224
-0.253006
0.822581
-0.334817
0.301476
-0.35032
-1.50749
-1.70393
1.32283
1.59103
-0.363807
1.40589
-0.99833
0.829785
0.179137
1.36243
0.566028
1.15564
-0.94919
2.09749
0.176178
0.624628
1.35164
0.301219
-0.693499
-0.133795
-0.549267
-1.25603
-1.36396
2.40911
-2.25622
-2.69396
-0.878588
1.44247
0.651471
0.183462
0.313023
1.46655
-1.30249
0.422177
-1.81797
-1.48795
-0.196031
0.970676
-0.351797
0.218555
1.68802
-0.792762
0.232732
-1.00806
1.06696
0.532289
2.34604
-0.405013
0.0428554
-1.1891
1.53188
0.970131
-0.255696
-0.936897
-0.442986
-0.732719
-0.881302
-0.899254
1.21769
0.423298
-0.649479
-0.832116
-0.289994
0.286545
-0.0920703
0.0595842
-0.107323
-1.2278
0.400853
0.974251
0.109375
-0.0152295
1.44918
2.2152
1.15996
1.47217
0.30598
-0.913983
1.19176
-0.918492
