-0.571102
-0.873337
0.276255
2.30596
-0.118781
2.30504
-0.743879
-1.89317
0.186851
0.89415
1.66532
1.46525
-1.0663
0.457069
1.17394
-1.09892
0.203806
-2.72902
0.184242
-0.868855
0.312417
-0.454277
1.50463
0.318937
0.411983
-1.74221
-0.745358
-0.673137
-1.21656
0.626314
-0.445842
0.815279
0.802083
1.54975
0.184621
0.217769
0.584381
-1.88913
1.23894
0.443964
0.132424
1.03644
0.953756
-0.885724
-0.391119
-1.96277
-1.55621
2.20983
0.231023
-0.128978
1.86136
-0.461245
-1.36834
-1.05633
1.3555
0.0867493
-0.881262
-0.977716
-2.5854
-1.09055
-2.21598
-0.969358
0.170149
0.366899
1.13725
-0.69168
-0.256525
-0.251936
-0.537337
0.359139
-0.642155
0.154505
0.684804
1.94152
0.96493
1.21945
0.323696
-0.542533
0.320805
0.449133
0.446325
-0.429815
0.21338
-0.805682
0.671862
-1.0701
-0.494792
0.484115
-0.0933133
-0.2738
-0.769716
0.655577
0.248162
0.363129
1.48356
-0.451333
-0.209841
0.262941
-1.45673
1.03152
