0.834554
-0.761783
1.17694
-0.0454148
1.20051
1.05083
0.341032
0.254517
-0.0270516
0.234656
0.125233
-1.0555
-0.595508
-0.225584
-0.034681
-0.517095
-0.933031
0.705042
-1.028
0.525823
1.58089
-0.293047
0.510642
-0.082856
-0.295339
-1.59489
-2.21156
1.40786
0.495905
-0.337049
0.692698
-1.34097
0.118075
0.80799
-0.590261
0.711116
0.275567
0.772812
1.29773
-0.453755
0.384715
-1.08632
-0.600724
-1.98014
0.280522
0.0831866
0.120642
-1.30077
-0.548496
0.607149
-0.774966
0.9989
-0.165193
-0.736838
0.283494
0.968429
0.538122
0.680264
0.967735
-1.36424
-1.30759
-1.42632
-1.39092
0.420678
1.42656
-0.956667
-1.23265
0.233631
0.0597297
0.864597
-0.649447
-0.116965
-0.945673
-0.806603
1.66879
0.307122
0.326741
-0.671372
0.846615
-0.597776
0.16609
-2.10768
0.349082
-0.0616785
0.30611
-2.16257
0.220105
-0.561416
-0.786141
0.327699
0.400947
1.10012
1.00119
1.23589
-1.28048
-0.0616091
0.700494
-0.493874
-0.0629998
1.74742
