-2.02553
0.926328
-1.19555
-0.66056
-1.07721
-0.366786
1.33727
1.47522
0.538076
0.909412
0.750625
0.228277
0.202129
-0.254578
0.68936
-1.07499
-1.37884
-1.49514
0.403113
0.180569
1.84691
0.648491
-2.25072
-1.59339
-1.10686
0.111343
-0.27268
0.037958
0.939108
0.349005
-1.10638
-0.285677
0.606385
-1.3586
-0.105884
-0.836044
0.711887
-0.552676
0.985386
-0.169898
-1.23146
-0.684331
0.776466
-0.150164
0.621631
-0.216083
-2.40859
-1.29554
0.467626
1.66795
0.125861
0.523332
0.57597
0.322931
0.623779
-0.851422
-0.49775
-0.508023
0.654902
-0.254029
1.22803
-1.20825
0.408541
1.49747
-0.72018
1.89857
-0.713097
-0.263926
-1.02445
0.588516
0.0436449
0.676429
-1.36731
0.507162
-1.63894
1.72494
1.70788
-0.0849661
-0.239895
1.77654
1.68086
0.0556253
1.50549
0.205583
0.206907
0.391008
-0.678202
1.63076
-0.168706
0.191751
1.81856
0.777762
-2.01406
0.400962
0.677971
1.13981
-0.137802
-0.1718
0.100218
0.11849
