1.90832
1.45562
0.653739
1.14305
0.762778
1.64441
-0.593787
-1.21019
-0.432732
-0.0797191
1.73139
-1.12897
1.14707
-1.8216
-0.787712
-0.498928
-0.74592
0.663619
-2.7631
1.67415
-0.122328
1.45328
-1.10965
1.04442
0.0823566
1.33045
0.117837
0.999205
0.722308
-0.397438
-1.66021
1.27775
1.74101
0.366587
-1.15603
-1.31047
-1.69196
-0.849154
0.727749
-1.22395
-1.21834
-0.206316
0.95664
-0.214586
-0.487948
1.16236
-0.616507
1.17798
-1.17843
0.686893
-0.0875003
-0.067324
-0.958578
-1.39497
-1.22313
-0.901496
0.116589
-0.603322
-0.686276
-0.690045
-0.743113
-0.202167
-0.343285
0.157183
-0.197288
0.731243
-0.939706
-1.64467
-0.326862
2.30597
-0.877535
0.361303
-0.456069
-1.08732
-0.848191
1.15595
1.18409
0.0744484
-1.59221
1.00012
-0.637484
0.632913
0.873082
0.191244
-0.489751
0.367185
-0.429655
-0.136231
-1.25594
0.388063
-0.610404
1.14116
-1.06629
-0.759635
1.46733
0.506366
1.11193
-0.787908
-0.442725
1.02498
