-0.27545
-0.573789
-0.0162431
1.12819
0.685163
0.991123
-0.330841
-0.792033
-0.595115
1.31843
0.480956
0.53657
-0.846567
0.81814
-0.316558
-0.29028
0.694247
-1.00186
0.665789
0.0723589
1.70027
-0.746418
-0.177187
-0.316063
-1.52676
-1.10392
-1.91429
0.425976
0.531123
-0.297049
-0.449794
1.08838
-1.58222
-2.55007
0.279221
1.42378
0.526287
0.609679
0.134689
0.573318
-1.10948
0.106633
0.436556
0.0758206
0.644823
1.46256
0.88425
-1.16957
0.939248
1.54553
-0.959573
0.4405
2.0218
0.0681696
-0.331118
-0.0659001
-0.985505
0.602934
-2.76339
0.585941
0.0620497
1.62394
0.225175
1.09146
0.0814409
-0.97555
0.83537
-1.26441
-1.16684
1.52425
-0.850864
-0.309374
-1.31317
-0.185941
-1.69685
0.433184
0.383825
1.11468
-0.770587
0.433989
0.383431
0.736406
0.047752
0.964592
-0.658565
-2.26953
2.22789
0.653215
-0.193188
-1.85779
