0.0610556
-1.65802
1.75814
1.32516
-0.64539
-0.624592
0.221327
-1.02004
-0.670319
1.10694
0.633858
0.361297
0.834335
1.1402
-0.373829
-0.281048
0.75121
0.712326
0.275204
-0.889191
-0.18008
-1.45666
0.361619
1.33423
-0.283995
1.35921
1.2885
-1.16624
-0.137851
0.116074
-0.296591
-0.771883
-1.14188
1.73555
-0.663934
1.5552
0.964218
-0.198878
0.226152
-0.131226
1.5279
-0.861644
-1.11144
0.866799
-1.20858
0.170333
-0.609765
1.11289
0.413288
-0.662494
-0.245498
-0.241078
0.538357
-0.0178972
-1.29472
-0.353802
0.0540892
0.591347
-0.293133
-1.16727
-0.410753
-0.703377
-0.743399
-0.481192
0.295419
0.178157
-0.0880497
0.630558
1.26786
0.639558
-0.610626
1.74513
0.0945332
0.0497667
-1.01155
-0.275702
0.873716
-1.47335
0.0771323
-0.79881
0.186933
-1.75531
-0.840032
0.939353
-0.137344
-1.45162
-0.151418
0.104024
0.533817
0.864442
0.206756
1.24648
0.222613
-1.74026
0.610966
1.6257
-1.16959
-1.68853
0.0752604
-0.217306
