-0.541389
-1.57579
0.92302
-1.30291
0.0850613
0.450746
-0.493279
0.54933
-0.483217
1.48307
-1.3311
-0.359949
-0.721331
0.976054
2.03886
-1.32075
-1.66702
-0.365312
-0.505688
-0.166053
0.650016
-0.362204
-0.474837
-0.713724
-1.27166
-0.422322
-0.0158151
-2.44155
-0.131731
-0.224081
0.350459
-0.498316
0.0398238
-1.24016
0.636896
-0.824151
1.55961
-1.15458
-0.0223941
-0.572712
0.112505
-2.47778
-1.46034
-0.29878
0.878187
0.151897
-0.506592
-0.336514
1.4323
2.39112
0.396497
1.5905
-0.202909
-0.357034
1.17833
0.10088
0.585918
2.48442
-0.58683
-0.417548
1.38523
-0.892759
-0.597637
0.414334
0.535683
-0.365811
-0.252612
0.38764
2.76307
0.0922548
-0.510975
1.54976
-0.513346
-2.6498
1.59394
-0.124169
0.0242968
-1.03909
-1.42591
-0.276854
-0.333841
-0.831289
-3.01981
0.572233
0.338769
0.651985
-0.0523658
1.00846
0.281084
-1.07769
-0.286443
1.00343
-0.721372
0.518393
1.08606
-1.68351
-0.0176518
-1.88082
0.0694535
0.458096
