-1.0195
0.322311
0.981855
1.34397
1.0048
1.13472
-2.23733
-0.312731
-0.0766592
-0.948683
0.966876
-0.612058
-0.469504
2.05521
-0.838192
0.15126
-2.11296
0.117306
-2.16575
0.353507
-1.55146
-0.499334
-0.4579
-2.45458
0.469988
0.83513
-0.279832
1.12966
1.78599
1.93371
-0.651196
2.23405
-0.390848
0.503226
-0.870369
-1.86847
-1.86105
-0.0655088
1.70336
-0.230599
1.31749
0.236523
0.956501
1.09212
0.917612
0.0994526
0.720837
-0.83983
1.62608
0.213456
-1.06829
0.613093
0.671452
-1.329e-05
-0.951661
-0.927461
-1.02702
1.00313
-0.0262318
-1.12878
1.37726
-0.634241
0.573146
0.383529
-0.144418
1.22862
-0.615395
1.24455
1.08396
0.106185
-1.11419
0.93274
-1.07844
0.911385
0.581637
-0.736929
0.900789
1.50043
1.80839
0.123106
0.600139
-1.19145
0.207941
-1.46106
0.32554
-0.148811
1.05298
-1.25422
0.664904
-0.295246
2.04822
-0.352256
-1.08027
-1.59633
0.650802
-0.814164
0.136431
0.686397
-0.179234
0.773223
