-0.495659
1.22637
-0.0296162
-0.781775
-1.64327
1.12801
-0.191784
-0.340506
-0.370953
0.710285
-0.319893
-0.738146
-0.563294
0.983578
-1.28844
-0.27157
-1.03668
1.20606
-1.06378
-2.33949
-0.598399
-0.43234
0.605094
0.276859
-0.86948
-1.83763
0.412789
0.63669
-0.663923
-0.23237
0.540518
-1.64907
0.907157
-0.218051
0.239545
-0.958143
-0.736661
-0.177765
0.87568
0.15688
-0.157926
-0.0511453
1.96817
-0.259804
0.208729
-0.290619
-1.57772
1.74661
-1.29775
-0.350962
0.210163
-0.396738
1.73677
-0.391847
0.208317
-0.312317
-0.0655898
0.213706
0.179559
0.930147
0.630376
1.57591
-0.177054
0.481353
-0.156666
1.16555
0.598575
1.06712
-0.380626
0.017568
0.111006
-1.04409
-0.381995
0.593139
-0.34495
-0.701215
-0.0126455
-1.68812
-1.21758
0.798745
1.09471
0.928054
-1.31233
1.94734
-0.291232
0.541448
-2.5841
1.26887
-0.015522
-1.87259
-0.868971
-2.91301
0.384926
-1.50724
-1.10083
-0.897528
1.24495
1.99691
0.780519
1.14524
