-1.5773
0.0780116
-0.142077
0.0237092
0.745502
0.307561
0.01657
0.898233
-1.74137
-1.28185
0.0343921
1.0247
-0.0192934
-1.23669
-0.774754
1.43088
-0.755294
-0.0943095
-0.436063
0.645554
-0.412012
-0.247544
-0.2894
-0.985616
2.73004
-1.93784
0.997299
-0.376454
-3.23223
-0.606816
0.338893
-0.769574
1.054
1.31418
-0.187914
1.10618
-0.685623
-1.84689
-0.0926231
-0.086528
-0.717858
0.894007
-0.965544
-0.782216
-1.24608
1.93931
-0.812504
-0.758404
1.67368
-0.509508
-0.0907976
-1.58186
-0.918655
-0.042449
-2.08362
0.750098
0.585377
0.873373
0.803249
-0.309202
-0.422238
0.334881
0.544117
-1.92961
0.740327
-0.262733
1.55277
0.137018
-0.99627
-0.404083
-0.736573
-0.416606
0.155396
1.18147
-1.22509
2.07539
-1.70276
1.55462
-1.48871
-0.255569
-1.93318
0.0489762
0.587473
-0.317225
0.125207
0.437425
0.569214
-0.556586
-0.342027
-2.02233
-0.315348
1.1711
-1.46363
1.15404
-0.786649
0.49959
1.54059
0.214568
0.264147
-0.45784
