2.02014
-0.896161
-0.642249
1.07693
-0.602352
0.176999
1.56913
-1.28571
-1.38302
0.115046
0.131171
-2.30189
-0.694802
0.479466
0.77757
-0.610604
-0.116869
-0.198745
-1.20806
0.926897
-0.97641
1.5993
1.60944
-0.122294
-1.40626
0.949963
-1.05373
0.91723
0.717715
-0.0655712
-1.56322
-0.205126
-0.686449
-0.78106
1.62361
0.348746
1.25358
-0.264823
-0.090386
-0.522052
-1.44053
-0.951357
-0.533152
-2.49039
-2.1396
0.376266
-1.6761
1.17942
0.0459976
-1.4673
-0.719895
0.0295254
1.25793
-0.953412
-0.187142
-0.319565
1.60149
1.76294
-0.152073
-0.240327
0.57227
0.784083
-0.542816
-0.813445
1.51797
-0.404234
-1.68831
1.53364
-1.73997
0.145071
0.478437
-0.202214
-1.31572
-1.65712
0.373382
-1.02578
0.623334
-0.442891
1.62967
-0.0366898
1.85912
1.11402
-0.706335
1.58817
1.44032
0.151278
1.5395
0.39127
1.49111
2.10352
-0.417961
1.53384
0.721042
0.418048
-1.09821
-0.816659
-0.08637
-1.44872
0.430877
-2.03131
