0.33731
-0.369989
0.690161
-0.391251
-0.296072
0.476633
0.479411
1.06059
0.0385975
0.0483417
0.801411
0.21184
1.30017
-0.23541
-1.25537
0.917872
0.615133
-0.765864
0.802639
-2.21897
-0.622185
-0.745136
1.66644
-0.760422
-0.0553455
-0.710065
0.695626
-0.0895943
-0.285857
-0.298474
-0.282162
1.0269
-2.53249
1.09384
1.57633
-0.521338
-2.46168
-1.78267
0.0467351
0.212891
1.77269
1.00862
-1.28469
0.288081
0.969178
-0.171786
0.540234
-0.46356
0.648233
-2.48711
1.07376
0.53558
1.42386
0.603699
-2.79855
-2.48556
0.936678
-0.290595
-0.984836
0.707137
2.30299
0.364188
-0.947959
-1.60467
0.832088
1.98039
0.775372
0.417208
1.38662
-0.777986
0.249398
-0.272587
-1.59144
-2.23576
-0.664787
-0.887439
-0.128199
-0.0131823
0.406502
-0.367896
-1.25987
-1.43134
0.20518
-0.774433
0.374192
0.909591
-0.24368
0.178516
-1.05137
-0.620777
