0.0187874
0.54045
0.319261
-0.40524
-0.150287
0.226872
-0.406417
1.63888
-1.50232
1.53697
0.0564014
0.401625
0.0313503
0.447442
1.88829
-0.0145773
-1.46173
-0.910933
0.301328
0.612913
-0.146613
0.684567
-0.795147
0.353868
-0.962139
-1.29908
-0.123123
1.3285
0.527051
-0.52235
-0.932547
1.25791
0.242993
0.78974
-0.639692
-0.923891
-0.907325
1.05965
-0.161386
2.25248
-0.215032
1.08497
-1.09375
-1.96925
-0.0423847
3.26468
0.962676
0.360813
1.1359
-1.0497
0.222754
0.203902
0.927888
-0.29335
0.309197
0.711571
2.76574
1.06338
0.574541
0.0873544
-1.61713
0.199025
1.49573
-0.0469638
0.877314
-1.72213
0.327487
0.0382793
0.77486
-1.14603
-0.710508
1.92435
-0.838
0.480508
1.04872
-1.2869
-0.93559
0.0202744
-0.112428
1.40974
-0.488706
0.713339
0.556163
0.348668
0.461129
0.822905
0.791163
-1.08511
-0.233541
-0.00548635
0.436824
0.509096
-0.696615
1.49812
-0.906264
-0.0452695
-1.23415
-0.725724
-0.573117
-1.57154
