-0.633905
0.931097
-0.723601
1.06177
0.553534
-0.803995
-0.0262973
-0.413452
0.606709
1.40407
-0.882102
-0.284681
-0.290512
0.330896
0.241983
1.8744
0.216096
0.373899
2.61085
-0.420138
-2.61025
0.310541
1.39753
0.184663
-0.0360383
0.212019
-1.17688
2.39458
0.953521
-1.95619
-0.210509
0.758057
0.144813
0.520261
0.292622
1.00353
-0.257843
2.45879
-0.974348
-0.389362
0.565569
-1.23747
-0.194555
0.391245
-0.329005
0.534365
0.473355
0.996236
0.863486
1.06635
-0.565496
-0.162167
1.91142
1.68481
0.98657
0.594916
-1.91336
-0.814141
0.024966
0.37964
0.744388
-1.305
-1.3092
0.549711
-0.541984
-1.91142
-0.18644
1.51516
0.412845
1.25813
-0.943251
0.741638
1.23744
-0.650096
1.16725
-0.769296
-1.37629
-1.79246
1.38077
-1.66064
1.12002
0.216397
1.32659
-0.902822
-1.5653
-0.234552
1.12519
-1.77422
1.01451
-2.07823
0.493904
0.535434
-1.17578
-0.378228
-0.447873
1.5384
0.204371
-0.40191
1.46182
1.23774
