0.410276
0.589583
0.711111
0.0488063
0.864352
-0.601435
0.262287
-0.34194
2.70024
0.594823
-1.88234
-0.95991
0.0549437
-0.527251
0.0972852
1.15734
-1.4284
0.408064
0.423989
-0.109798
-0.710095
-0.531403
0.563284
-1.23767
1.97888
-0.203287
1.45609
0.931471
-2.6002
0.650136
-0.981769
-1.16404
-1.46021
-1.55836
-1.48249
0.543538
1.29199
-1.36184
0.486962
-0.631406
0.234779
-1.72796
-1.03849
1.26114
1.27241
-0.761471
0.185644
-0.434923
0.726569
-0.0995493
-1.47374
1.21434
0.159018
0.0709825
-2.02139
0.017929
0.284113
0.934372
-0.215199
1.04239
1.06386
0.07065
-0.147459
1.76516
-0.0229381
1.07717
-0.154673
-1.53378
-1.12909
-0.915925
-1.11802
1.2621
-1.58816
0.487739
0.443173
-1.35356
-0.0637572
-1.70195
0.418192
0.267267
1.10587
0.147809
-0.347735
0.896136
-0.3538
-0.154672
1.09797
-1.50434
1.26301
-0.272871
0.523931
-0.867007
-1.60491
2.97299
0.474995
-0.0842986
-0.325021
1.37883
-0.0198868
-0.190072
