-0.140653
0.307485
-0.0202
1.27395
1.14974
0.893413
0.820191
0.638365
-0.192757
-0.0424361
0.875138
-0.497308
0.994221
0.425834
-1.23055
1.91174
0.62777
0.398269
-1.127
-1.48467
-1.65348
-1.28101
0.512947
0.189107
1.30089
-0.896816
-0.439506
0.46788
-1.25916
-0.900775
0.447101
0.902591
-0.902328
1.43821
0.90185
0.335431
-0.0251797
-0.0686158
1.50719
0.772809
0.113544
0.6587
-0.408395
1.67301
-0.0113013
-0.853968
0.765337
0.710811
-0.991577
1.12368
1.47371
0.40207
-1.19765
-0.71174
-1.62382
1.94319
-0.591101
-0.711807
-1.41156
-0.382285
1.83253
-0.562894
-0.480969
1.60424
0.408925
0.787226
0.610158
1.36915
-0.40362
-1.13763
0.428374
-0.116118
-1.31555
-0.767379
-1.90822
0.321235
0.38244
0.793094
-0.0767036
-0.484686
-0.398411
-0.88265
-0.461129
1.2524
1.39408
-0.657982
0.899654
0.344357
1.0441
0.516041
-0.941681
-1.03976
-0.147896
0.135833
-0.0977865
0.706816
0.702911
1.69822
0.560843
-0.78478
