0.325267
-1.24741
0.997803
-0.157558
0.67394
-0.37815
0.299283
-0.718228
2.07132
0.393768
-0.869466
0.926475
0.271432
0.0978215
0.465323
0.246649
0.385862
-0.191791
-2.49513
-0.0846964
-0.12683
-0.821997
-0.764909
-0.767793
-1.12751
-0.18124
-2.21315
2.64412
0.240124
0.803921
-0.172463
1.07246
-0.886242
1.238
1.29912
-0.407264
0.294451
-0.333875
0.068347
-1.12494
2.53992
1.99937
1.09197
0.149118
0.884678
0.798226
0.438853
0.532799
0.560763
-0.359068
-1.30533
0.181027
-0.497801
0.983749
-2.6652
0.703467
-1.11384
-0.280438
2.00999
-1.02546
-0.0598224
0.623052
-0.339836
1.54467
2.44758
1.56022
-0.121019
1.74865
0.802268
-1.6708
0.445302
-0.411876
-0.875047
0.846612
0.102482
0.246955
-0.53063
-0.129737
1.56254
1.11239
-1.30457
-0.776011
-1.67308
0.569845
-0.25033
0.955812
-1.55284
-0.507196
0.179468
-0.046406
0.358245
-1.46918
-0.650157
1.34096
-0.119281
-1.03692
-0.449599
-0.602254
-0.626438
-0.782801
