0.980521
1.02573
-0.616676
-0.05123
1.55883
0.0940504
2.85486
0.354647
0.794273
0.302311
0.276039
0.528781
0.179294
1.8345
0.576509
-0.187168
0.963466
1.6505
-0.928128
0.580151
-2.59586
1.97379
0.921778
-1.73774
0.994531
0.634742
-0.688053
0.31811
1.77192
0.0732076
-0.938607
0.688201
1.03254
-0.440055
0.0224514
0.478078
0.358645
1.04158
-1.12528
-0.505383
0.846717
-0.0384778
0.0283767
-1.26174
0.87242
-0.410237
-1.4542
-1.15827
-0.812718
-1.33478
1.51973
-0.919886
0.755948
1.35317
-1.7974
0.360743
-0.937871
-0.0437829
0.477337
-2.20374
0.547781
0.306358
0.112137
0.352303
-0.577142
0.569098
-0.711091
-1.35543
-0.0434497
0.865053
0.251961
-1.93732
1.15388
0.638319
-1.43376
-1.85689
-0.881223
0.675211
0.392649
1.47879
-0.275074
-0.757279
-0.0509546
-2.29663
-1.39301
0.0399344
-0.761946
0.00851821
0.927986
0.699357
1.2926
0.823044
-1.03408
0.892044
-0.624657
-0.975275
1.18127
-2.31093
-0.839869
0.639815
