-1.23825
0.0787932
-1.36768
-0.424644
0.619596
-1.39501
0.207948
0.0465545
-1.48218
-0.363218
-0.727178
-0.731378
-1.16803
-1.23639
0.653093
1.56651
0.0051873
0.944145
2.58589
-0.254604
1.01281
-1.35674
0.161462
-1.23804
0.0987571
1.16978
-0.693703
-1.98728
-0.707257
-0.454254
0.606312
1.76753
-0.953078
0.751076
-0.0376714
0.586918
-0.231079
0.143027
-0.503808
0.577076
-1.24791
0.229674
-1.42425
1.73825
-0.153586
-0.770898
1.24091
-0.997648
-1.69339
-0.0670469
0.252067
0.795816
-0.708462
0.0867601
1.17107
-0.0547066
1.65128
-0.446018
-0.620843
1.78521
-0.443946
-0.100288
0.242124
-1.0587
1.1324
0.214513
1.42669
1.23946
-0.92842
0.269975
0.391496
-1.04261
1.39276
0.278631
0.772691
1.2271
0.571776
-0.968483
-1.34802
-1.00099
0.275057
-1.22325
-0.421422
-0.0193637
1.27009
0.880363
0.506947
-0.547494
-0.740576
-0.461297
0.617128
0.0719716
-0.688829
-1.39071
1.16277
1.35937
0.805176
-0.527348
0.867391
-0.292727
