0.866802
-0.00376391
-0.969932
0.166613
1.15013
0.77232
-1.09793
1.20415
0.703501
0.485182
-0.278816
0.457645
-0.494126
0.280243
-0.614238
0.291465
-0.946679
-0.161282
0.218152
0.190942
-0.254996
-1.5512
-0.202078
1.24908
-0.220771
-0.329363
-1.30253
-0.160765
-0.0314396
0.162824
0.87192
0.473992
0.314106
0.0574868
-0.227023
-0.129501
-0.0332625
0.155372
0.198329
0.222514
-0.990139
1.07244
0.788626
-0.483747
-0.250113
0.557441
0.406147
0.740212
-0.854163
-0.43862
-0.106877
0.873822
1.09035
-0.295968
0.891806
-0.604935
1.359
0.207404
0.263682
-0.0593716
-0.02416
1.37839
-0.728206
-0.887713
-0.213417
1.55909
0.512882
0.831011
-0.0102751
-0.379278
1.55663
0.723644
-1.33213
-1.68807
1.33109
0.114489
-0.0927082
2.28492
0.384496
0.104602
-1.20348
1.34705
0.34996
-1.02412
0.778887
0.303449
-0.214196
0.16317
0.168096
0.119209
-1.34057
-0.185273
-0.380743
0.361789
-2.48128
-0.498086
0.480474
-1.63607
-1.31999
0.0762397
