0.995776
0.139042
1.52582
-2.33074
-1.12986
0.62614
-0.512103
1.1164
-0.220412
2.63535
0.763549
0.46211
1.46167
-1.59165
-2.07569
-0.60503
-1.65869
-0.807433
-1.15831
0.74134
0.754978
-0.0378666
0.186801
-1.44719
1.77553
-0.550889
1.30829
-1.76812
-0.558257
-0.805447
2.39244
-2.51836
-2.02272
-0.72528
-0.986425
-0.70078
1.63004
-1.27283
0.390005
-1.413
-2.15074
-0.960109
-0.16133
-0.578652
0.244175
0.426195
0.186372
0.496822
0.121648
1.76833
-0.197333
0.210956
-1.22255
-2.21112
-0.831341
1.57188
-2.60558
-1.50579
-0.460877
-0.331642
-0.631826
1.01848
0.76671
-0.916763
-1.47395
0.431507
1.3923
-1.639
-0.308972
-0.0417807
-0.751286
-1.00879
1.07466
-1.13425
-0.014768
-0.776388
1.25596
1.43534
0.723893
0.714858
-0.615148
-1.35165
-0.628007
-0.563498
1.79962
-0.379392
-0.959114
-1.58907
-0.963261
0.333117
0.263476
-0.782629
0.521308
0.297377
-0.252745
-1.87192
-0.675589
1.11221
0.567353
-1.02055
