0.429227
0.896705
-0.188517
1.16459
0.579778
2.5071
0.0293056
0.124438
-0.25353
-0.801595
-0.990234
-0.0199681
-0.00567542
0.232824
0.323255
1.21735
0.989868
-0.716178
0.213702
-0.581971
0.358044
-0.161532
1.44281
-1.08924
-0.294471
0.972874
0.485673
2.31076
-0.0972896
0.165197
0.18552
-0.521895
0.0773131
0.982293
-1.44676
-0.204964
2.46542
1.08575
-0.189331
1.76205
1.30221
0.918153
-2.30211
0.434487
-1.62597
-0.473545
-0.577914
0.0927656
-0.334104
-2.56893
1.23529
0.966063
-0.104438
0.17847
0.684867
1.03858
0.785214
0.206637
1.05868
-1.96698
0.539543
-1.12491
0.565648
-0.461439
1.3173
1.39865
-0.710647
0.710515
-1.34171
0.390469
-1.1723
-0.0674845
-0.0314174
-1.586
0.9648
1.45239
0.434497
-0.267073
1.64276
0.0297861
0.0550714
-1.17985
2.395
-0.0458906
-0.415646
0.383377
0.24926
-1.55905
0.369362
0.174601
