-0.136867
-0.916529
-0.55835
-2.24224
0.0688616
0.435555
-1.26348
0.0688002
1.07644
-0.550194
0.285293
0.0114007
0.163447
1.9123
-0.972274
-0.150184
-0.21567
1.19506
1.79094
-0.212145
-0.36324
0.43244
-0.546534
0.602307
0.676488
0.488099
1.47233
0.779518
0.843821
-0.497158
-0.20731
0.0670885
-1.21752
0.56162
1.3597
0.958499
0.66087
-0.9547
-1.36299
-0.342699
-1.56943
-1.3796
-0.224446
-2.16287
-1.7615
-0.310553
-1.72561
0.190899
-0.209438
0.172417
1.28485
-0.403945
1.49951
-0.975606
0.722362
1.50787
1.05675
0.355492
-0.723104
-0.494253
-0.0472537
-0.156581
-0.644323
-0.292912
-0.547732
-1.43717
-0.136634
0.693234
1.25178
-0.815187
-2.05938
-0.919566
0.588236
2.00448
-0.600732
0.378478
-0.508747
0.344801
-0.802587
0.25441
-0.108287
1.53464
0.438485
-1.37185
0.177832
2.02345
1.03351
-1.34396
0.565693
0.535755
0.11271
1.05638
2.31241
0.213729
0.18897
0.380385
-0.110484
0.0050951
-0.934255
-0.483419
