-0.837888
-0.446147
-1.63423
-0.638391
0.994707
-0.671983
-0.0580368
-0.588526
-0.227357
0.300495
-0.454448
0.824637
0.447544
0.356274
0.244375
0.470923
1.76568
-0.470646
0.959848
-1.43242
0.286486
0.0799885
0.1548
0.267642
-0.389273
-0.576924
-2.49256
0.922506
-1.1322
-0.359946
1.96458
0.532764
-2.10609
-0.450941
0.41981
0.907927
0.549366
-1.15636
0.397477
-0.389151
-0.724215
0.164073
0.686737
1.4358
-1.07851
-1.04097
-0.9072
1.53045
-1.39294
-0.834817
0.854375
-0.086142
-0.468715
-1.20488
1.03303
1.12728
-0.661895
-0.277073
0.537677
2.19507
-1.53459
-1.5065
-1.02502
1.39149
-0.092637
0.873486
0.209409
-0.691615
0.138124
1.22491
0.810356
0.0899386
1.09165
-0.108742
-1.52861
-2.49955
1.64592
0.433413
1.24842
1.19583
1.85869
1.3685
0.953252
-0.716484
-0.275882
0.374073
-0.0139428
-1.37288
0.197301
-1.03602
-0.948606
-1.31154
-0.630108
1.62343
-1.29938
-0.915603
0.107886
-1.89776
0.230349
0.91738
