0.318553
-0.11272
-1.01348
0.686834
-0.853484
-0.742861
-0.668087
0.523895
1.32828
0.264552
0.514794
-0.716269
-0.967995
-0.135867
-0.55512
-0.0462917
0.27654
-1.40411
1.94451
-0.865022
0.682708
1.46381
1.55825
-0.959338
-1.47806
-1.39456
0.712498
1.40276
0.451276
0.530596
-2.4149
0.992569
0.167281
-1.36255
-1.13456
-1.27168
0.0291276
-0.0346166
0.237287
0.194716
0.893387
0.963985
0.476699
1.16538
-0.244634
-1.51258
0.126056
-0.588832
-0.709103
0.770504
1.32868
-0.962178
0.389864
0.872243
-1.43818
0.520874
0.396975
-0.998883
0.724398
0.753527
0.510668
1.23229
-0.823145
-0.212784
0.546652
0.189706
0.223264
-0.810989
-0.649039
0.762573
0.761509
0.208573
1.65573
-0.740848
-1.1851
0.46148
-0.901271
-0.0343676
-0.00123047
0.941015
-1.2606
-0.172026
-0.328803
-0.124263
1.08425
0.872043
-0.734369
2.78985
1.78898
-0.472895
-1.19289
0.633471
-0.164282
-0.611965
-1.12597
0.422421
0.781303
0.158154
-0.296335
-1.3008
