1.28212
-0.537754
-0.251891
0.721578
0.951668
-0.0421955
1.42214
-0.758805
-1.37152
0.662552
-0.901389
0.263935
-0.0642247
-0.494771
-0.167241
-1.02254
0.563766
-0.669787
-0.409959
-0.240471
1.98768
-1.60476
2.13264
0.495551
-0.494032
1.10491
-0.390276
-1.32049
-1.52191
-0.654394
-0.666208
0.498535
0.536137
1.92813
1.33393
-0.72671
-0.950499
0.808599
-1.84928
-0.696121
-0.356273
0.00172996
0.557939
-0.300263
0.747522
-1.14735
-0.650955
-1.54817
-0.143443
1.26569
1.15223
0.266833
-0.873373
0.43966
1.1251
-0.235755
0.240716
0.0332686
0.667908
0.290127
-0.774354
1.66934
0.929973
0.575941
-1.43244
-1.2186
-0.0409082
-0.638141
-0.0883281
-0.400577
0.610911
-0.519345
-0.583939
0.617854
-0.721708
0.982064
-2.02339
-0.975657
-1.10033
-0.811679
-0.0241152
0.93102
-1.2256
-0.41334
-0.194864
-0.992558
-1.13269
2.52484
0.772582
0.224996
-0.408752
1.43416
0.789335
-0.92192
0.819294
-1.12388
0.927618
0.185559
0.792305
0.907574
