1.16287
-1.36169
0.356191
-0.650544
0.847803
0.632139
-1.89983
-0.869289
-0.331327
-0.286888
-1.19743
-0.753202
0.253519
0.549426
0.254126
-0.00391954
1.82785
-0.204604
0.0662075
-1.11052
-0.822101
-0.33626
-0.736002
1.26394
0.115351
-0.321295
-1.14645
-0.568247
1.18282
0.919815
0.550524
-0.497486
-1.07323
-0.535097
-0.521891
-0.306877
0.377668
0.140313
-0.0771041
-1.9536
0.384244
-0.307149
-0.388125
2.08254
2.38365
1.29692
1.0544
-0.786123
-1.40282
-0.630921
-0.0799327
0.965999
1.0491
-0.246963
-1.13845
-0.455256
1.01559
0.304824
-1.1944
1.8708
-1.3722
-1.47773
-1.01027
0.25101
-0.0185083
-0.242588
-0.0826993
0.614477
1.45536
-1.2901
0.0854834
-1.38463
0.955681
-0.357272
-0.106916
-0.417908
0.952612
-0.338122
-0.187959
-0.104215
-0.814155
1.21493
-0.348421
-0.146528
0.809641
-0.570917
0.270591
-0.175559
0.24076
-1.49769
1.98267
-0.495937
-0.134657
0.517214
0.387801
-0.503113
-0.266119
1.33204
0.926748
0.400187
