0.834137
-2.86145
0.508384
-0.533311
-0.00866883
2.21568
-1.12897
1.22699
0.513568
0.482457
-1.35087
-0.45325
0.577075
-0.465257
0.634104
-0.320782
-0.279434
-1.17691
-1.16364
-0.399219
-0.951972
-0.496038
-0.761173
1.85841
-1.06275
-0.366759
-1.63985
-0.242029
-0.548393
0.693077
0.0252609
1.34119
0.424758
0.922059
0.188984
-0.180849
-0.363422
-0.1782
-1.24291
0.0490387
-0.512883
1.41071
1.0923
-0.323377
0.917298
0.205677
1.15042
-0.619158
0.0364379
0.57457
-0.466371
0.838059
-0.517191
-1.08885
0.814708
0.088114
0.58046
0.176298
0.787254
0.996214
1.07273
-0.883106
1.69568
-1.08398
-1.61106
1.39621
-0.0712635
-0.52512
1.20149
-1.23011
-0.272261
-0.148699
-0.35468
1.32154
0.336251
1.58072
-2.27178
-0.624041
0.889195
0.877053
1.27905
0.241782
-0.175801
0.340078
-0.447169
0.918244
-0.536419
-1.08599
0.699907
-1.01032
-0.414482
0.0190424
1.44469
1.20138
-0.998105
-0.419815
2.00311
1.01791
-1.48751
-1.16987
