1.35591
0.412352
-1.62847
0.1935
-0.788107
-1.30579
0.832227
1.10058
-0.683462
2.14193
-0.797218
-1.05588
-1.2919
0.133322
0.924035
-0.774665
1.34922
0.227163
0.48513
-1.66383
0.581242
-0.593143
0.689051
-0.0595432
0.131584
-1.54584
1.96771
-0.653516
0.748933
-0.391361
1.78256
-0.0727236
0.116085
-0.648897
-1.33748
-0.0515505
-1.37104
0.360365
1.68061
1.04975
-0.901638
0.620956
-1.28572
0.364699
0.226589
0.0309715
-0.0207003
0.393857
0.413615
-0.967023
-1.02882
0.81396
0.582614
2.14683
-0.744673
0.594571
0.517869
2.1738
0.622985
-1.89997
1.44314
-0.316613
-0.801891
-1.30634
0.879089
1.11348
-0.492091
1.2499
0.239511
-0.908343
-0.641162
1.11477
-1.78555
0.0304169
0.03418
0.156841
-0.920576
0.694897
-0.471758
-0.194056
0.269745
-0.460133
1.18698
-0.525714
0.886789
0.496888
-0.02759
1.20762
1.68467
1.47232
-0.117058
0.981483
-0.574047
0.953342
0.421692
0.109357
2.24022
-0.850107
-0.287689
-0.132618
