-0.741692
-0.0415284
0.55245
0.934747
0.188726
1.31679
0.805261
-2.6346
-1.81481
-2.1388
0.348108
-0.463804
-0.440779
-0.11082
-1.24155
0.800186
-0.143268
-0.515355
-1.33906
1.11533
0.423409
-1.29581
0.78588
0.121299
-1.19836
-0.0398861
-0.776308
0.583475
1.46547
0.433701
-0.540585
-0.115462
-1.77973
-2.2469
-1.37847
0.826629
2.10992
-0.121156
0.551736
0.54746
-0.972223
-0.312959
-0.180634
1.26823
0.512219
-1.04723
-0.521268
0.530679
0.0715573
1.2113
-0.480641
0.668934
-1.65314
-1.00606
-0.196665
1.12901
0.690479
-0.374115
-0.534332
-0.557307
2.64834
-1.51654
-0.18956
-0.0653773
1.48694
-0.559848
-0.77519
-0.397918
1.53453
0.629172
0.0961573
0.243357
-0.343289
-1.06784
0.17139
-0.340659
0.603228
0.512636
0.884096
2.07035
-1.66237
-0.647141
0.794286
1.42037
0.344078
-0.500811
-0.636459
-1.44006
-0.406835
-0.546707
0.77302
0.948849
1.76958
-1.24156
-0.9452
-0.334378
-1.14646
-1.74658
-1.52506
-0.149672
