-0.254006
0.00831134
0.502129
-0.0934904
-0.299428
0.0105732
-0.760767
0.391308
-1.03443
-0.357686
-1.42488
1.37219
0.314681
1.78047
0.441815
1.74334
0.398259
0.259239
1.07653
-0.523823
-0.363377
-0.170114
0.834412
0.132926
0.330649
-0.293622
1.24371
-2.41929
-1.55868
-0.341486
1.15727
-0.00877067
0.0862311
-0.535924
1.36376
-1.03296
-2.00144
-2.24285
-0.00708026
-1.35079
-1.60748
-0.138166
0.0482481
-0.26956
-0.196379
0.762505
0.208086
-0.804345
-1.23011
0.789429
1.88663
-0.178133
0.827482
0.373702
0.284931
0.660599
-0.876179
0.767547
-1.74578
-0.0822042
-1.1024
2.22249
-0.246974
-1.55147
0.886685
0.188434
2.03944
-1.2347
-0.144226
1.94667
0.102551
0.132869
-1.51232
1.37707
-0.192704
-0.45721
1.83047
0.447296
0.571354
-0.936379
-0.137768
-1.08056
1.20211
0.542641
-0.063842
-1.00939
-0.235186
-1.20188
-1.32094
-1.80329
