-0.642496
-2.15377
-0.904706
-0.0649684
-0.572711
1.43065
-0.0725987
-0.346084
-0.688597
-0.0333991
0.203034
-0.936224
0.896798
0.780271
0.419164
1.11423
-0.819302
0.136033
-0.0973617
-0.707328
0.846702
0.0100238
-1.70739
-0.346794
0.274509
-2.5379
0.184028
0.370078
0.992553
0.675583
0.0989715
-0.94327
-0.855983
0.169241
0.111879
0.0200316
0.365325
0.37838
-0.63723
1.1042
-1.88658
-0.528474
0.888645
0.741502
-0.100527
0.519866
0.985549
0.973179
0.0394036
-0.359173
0.636332
-1.00545
-0.528313
-0.543058
-0.264355
1.34415
-0.304861
0.437147
-0.63481
2.00408
-1.24619
0.0191785
-2.28162
-0.432872
0.485552
1.95806
1.27211
0.22982
1.06385
0.604817
1.64081
-0.288421
-0.0860283
-0.751905
-0.143192
1.92088
0.0318305
0.983688
1.74412
-0.866696
1.62379
0.0427821
-0.862409
-0.788196
0.0955755
-0.321071
0.342954
0.786797
-0.753012
0.118463
1.82122
-0.293879
-1.58092
-1.41535
-1.30823
0.0882095
1.37511
-1.34463
0.909227
-0.502519
