1.89315
-0.116815
0.756838
-1.75618
-0.425448
1.72933
-1.1087
0.0454938
-0.754733
2.2118
-1.18875
0.818901
0.874338
-0.267701
0.478401
-1.08508
0.310255
0.460783
-1.52239
-0.434381
-0.902396
0.596661
-0.343196
0.219225
-0.738244
-0.691542
0.181769
-0.686661
0.460782
0.459348
-0.829745
-1.56118
-1.31776
0.279395
-1.82779
-1.20794
-0.132926
-0.47273
0.155185
-0.148873
0.342592
-1.3649
0.69893
-1.05406
-0.891869
0.445024
-0.19516
-1.00384
-0.549401
0.793942
0.564672
0.587083
-0.9323
-0.731546
1.03559
-1.37303
1.31473
-0.156794
-0.439239
-1.11285
-0.911084
0.200906
-2.05529
0.0578769
0.344212
-0.967168
0.259078
0.820802
-0.920607
-1.1515
-0.209872
1.22302
-1.02243
0.648355
-0.144827
-0.443947
1.69199
0.681555
0.514731
0.625039
1.29509
-0.838109
1.26823
-0.572664
1.58604
0.591379
0.676652
0.522923
-0.147567
0.561858
-0.455406
-1.39599
-1.46748
-0.481508
-1.01328
-0.266406
-0.93617
0.377295
-0.0591312
-1.88638
