-0.0243513
0.0331443
0.623022
-0.174411
-0.962563
-0.677206
-0.884235
-0.139477
0.436715
-0.819953
0.0934897
0.788174
0.725938
-0.685437
0.298088
1.49377
-0.931433
-0.844299
-0.497878
0.0402681
1.09366
0.957945
0.597432
0.618351
0.859235
0.790802
-0.385855
-0.0978958
2.12722
1.75652
-0.138346
-1.43929
1.59511
-0.432376
1.60214
0.0548331
0.117297
0.730345
0.882683
0.43777
0.379919
-0.572959
-0.107382
-1.12238
-1.30652
-1.27155
0.749299
-1.08482
-0.888523
0.375026
0.384731
-1.96968
0.59039
1.22766
1.44641
-1.71483
0.38983
0.0254691
0.411043
1.33347
-0.663438
-1.66364
1.32342
-0.379885
0.226569
1.79629
-0.463751
0.0952133
-0.469362
1.24877
-1.13777
3.30495
-1.58377
0.0687806
-0.834863
-1.49971
-0.348152
-0.468852
0.147336
1.38341
0.167549
0.331659
1.13219
-0.481727
0.401803
-1.23016
0.979653
-1.00797
-0.467241
1.46813
-0.530512
2.87966
0.658673
0.712725
-0.195203
0.311927
-1.21459
2.83462
1.27986
0.284006
