0.874959
-0.540583
2.34894
1.06925
0.114049
0.762234
-1.50805
1.11229
-0.293325
-0.788303
-0.470151
-1.74938
1.25111
-0.696415
1.55542
0.658712
-0.196066
0.634913
2.18174
0.488843
-1.02949
0.224862
-0.13051
-1.03149
0.461756
0.441192
-0.016315
-0.236232
0.0984297
-0.21144
-1.03119
0.516082
1.50464
-1.17323
-0.56294
0.157838
-1.26003
1.12122
1.36404
0.370101
-1.65607
1.09738
0.932061
-1.06797
1.04208
1.06945
1.62853
0.108038
-0.777568
-0.444706
0.533702
1.34283
1.46164
1.40616
-0.84162
-0.622192
-0.923323
-0.993054
-1.86228
1.20195
0.53827
-0.951309
-1.13603
2.40278
0.728046
0.991294
-1.21456
0.303458
0.24506
0.266358
1.47352
1.28449
-0.053043
0.395009
0.307598
-1.17518
-1.21793
-0.626786
-0.214303
-0.94064
-0.474289
0.768542
-0.787889
0.916597
-0.769176
0.298154
-1.20982
0.724863
1.23436
-2.28733
0.944384
-1.09847
1.86559
1.5858
-0.11886
0.00031856
0.935324
0.0766012
-0.239271
1.3788
