1.14409
1.33361
0.723557
1.92169
-0.531999
0.68793
-0.527929
-1.42439
2.66418
0.66113
0.319538
-0.616102
1.09468
-1.01578
-0.0520561
0.348483
0.00949164
2.02965
0.528123
-0.61067
-0.490538
0.079346
-0.750755
-0.957567
-0.735245
0.409744
1.61761
-1.09593
0.262667
-1.07715
1.79377
-1.30012
2.01619
-0.640269
0.548077
0.687007
-0.249595
-0.339793
1.17683
1.66322
-1.02077
0.389213
-1.3294
1.74139
0.513353
-0.694778
0.588291
1.21412
1.63969
0.297211
-2.17879
0.149357
0.797165
-0.533457
0.400213
-0.0640386
-0.156038
1.28408
1.35056
0.0883049
0.323437
-1.38222
-0.489838
-1.34569
-2.15833
-0.490926
0.416617
-0.14746
0.808011
0.731807
1.33087
-0.336499
-0.00388957
-0.549645
-0.0423436
0.553655
0.0889219
0.728945
-0.457543
-0.319324
-1.39529
1.76183
-1.72136
0.598928
-0.282436
-0.317151
-1.09647
-0.773505
-1.24383
-1.24105
0.432544
-0.247006
-0.77353
-0.989002
-0.700577
-0.468873
-0.559202
0.169647
0.0672996
-0.0451054
