0.509063
-1.35134
-0.0729871
1.5848
-0.396233
1.25991
-1.43507
-0.610556
1.78166
0.226652
-0.425167
0.127768
1.26795
0.979349
1.10084
-0.163928
1.46882
0.591763
1.47368
0.232623
1.60068
0.728761
3.723
0.845843
-0.125796
0.667898
-1.28276
0.632305
0.732801
-0.142379
-0.0228672
0.00686338
-0.891634
0.373941
-1.43147
2.20259
-1.15808
0.432215
-1.33553
-0.331699
0.18687
1.83211
-0.576508
0.502406
0.141092
1.99928
-1.13269
-0.15611
-0.216169
1.56558
0.0707636
-0.0970176
-0.244312
-0.854533
-0.956004
-0.245329
-1.1606
-0.148213
-1.33471
0.119523
-0.149808
0.459267
0.504942
-1.25985
0.066476
0.0411965
-0.255208
-0.372031
-0.111028
-0.650714
1.41748
0.687136
-0.657972
1.27994
0.412308
0.375135
1.21833
-0.905553
0.903972
0.51234
-1.30938
-1.66678
-0.137966
0.310014
0.824829
-0.804716
-2.1491
-0.942045
1.77633
-0.301783
-0.717526
0.698567
-1.724
1.87994
1.42445
-0.648561
1.98502
-0.272355
-0.217578
-0.170353
