-1.76907
0.43148
-1.45254
-1.45162
-1.52657
0.0429768
0.146036
0.0776017
-0.428493
-0.0254352
-1.68967
0.0416613
1.17153
0.187429
0.619132
0.512773
-0.828695
0.285013
0.0727752
-0.173479
0.857045
-0.801801
-1.03435
0.292702
0.353932
0.375894
-0.75512
-0.342637
-2.58983
0.201558
0.599871
0.698096
-1.0382
1.41678
0.237737
0.228394
-1.23215
-1.17484
0.160076
0.0307786
-0.674404
0.0583258
-2.47043
0.0719959
-0.388407
0.0416775
0.956667
0.284691
-0.500164
-0.138666
0.347515
-0.37998
0.635383
-0.993014
-0.198852
-0.397923
2.00998
-1.59123
0.214677
-0.0862591
-1.13231
0.416604
1.30249
1.2127
1.67576
-0.798081
1.30561
-0.591896
0.729504
0.1346
-1.16818
-1.26237
1.75404
-0.161322
0.368829
0.929288
-0.4332
1.49569
-0.326978
-0.975831
-0.965639
-2.75635
0.579381
0.72824
1.14442
-0.00395138
-0.593701
-1.07475
-0.299032
0.348526
1.62702
0.927335
-1.62644
0.0986849
0.554301
1.1067
-0.283013
1.47842
0.321041
-0.187645
