-2.65049
-0.507328
-0.67611
0.473679
-0.683374
-0.351791
0.0752516
-0.506046
-0.345056
1.75417
0.711434
1.24714
-0.911329
0.281508
-0.343355
0.835124
-0.881274
0.455217
-0.635101
-0.242232
0.601131
-0.742398
0.247562
-0.404481
-0.0674363
-0.23802
-1.02746
-1.43846
0.72045
0.262176
-0.479243
-1.0105
-0.124864
-0.644586
0.26914
0.791199
0.131139
-1.1985
-0.185073
-0.468778
-0.945769
-0.759203
0.589155
0.806461
-1.85696
0.396972
-0.13381
-0.521685
-1.24457
0.81832
-0.0145996
3.55803
-0.298653
0.968258
0.571332
0.721755
-0.563749
0.588191
0.215783
-1.64152
0.375765
1.58106
0.263376
1.1548
0.442155
0.583772
1.50609
-0.39865
0.588042
-0.48003
1.66249
-0.875206
1.15996
-0.0149527
0.65307
-1.30217
1.31865
-0.167043
-0.52309
0.611035
1.14937
-0.261928
-0.772951
0.959914
1.16728
0.192422
-0.524931
0.104618
0.408535
-0.173629
1.00563
-1.28654
-0.340192
-1.79429
0.240918
-1.69626
0.488458
0.0462375
0.145015
-0.949501
