-0.200232
-0.885401
1.24363
-0.722091
0.14967
-0.146417
-0.881081
-0.416726
1.14621
-0.771457
0.0571887
0.36541
0.243301
-0.989274
-0.570483
-0.455995
0.263697
0.306496
-0.110479
-0.502314
1.47717
0.145735
0.476268
-0.620703
-0.660609
-0.289669
-1.21898
1.25065
-0.136514
-1.71351
0.263526
0.0177476
0.269135
0.308416
1.64731
-0.314694
1.20822
0.186979
-0.10451
-1.44344
-1.00929
0.119772
-0.291515
0.521725
1.17611
0.241197
-0.324642
-1.36263
0.37804
-0.7829
0.868511
0.574149
-0.63455
0.993461
0.0809896
0.316134
-1.28049
0.814732
1.23183
-0.66777
0.999546
-0.13417
0.509749
0.921583
0.975371
-0.586683
-2.06338
0.18111
-0.257403
0.512443
0.110032
-0.215001
1.30281
0.353177
1.73591
-1.05285
-0.977036
1.00386
0.44434
-1.59979
1.09219
1.09886
-0.387923
2.0757
1.21167
1.09366
-0.27174
0.851689
0.27388
-0.21904
0.23911
-0.284144
0.891025
0.254474
1.86771
0.170027
-0.904965
0.663884
-0.415903
1.29897
