-1.33771
-0.921905
1.20404
2.78976
1.77115
-0.598857
-1.11353
0.511783
-2.11014
-1.19523
-1.43725
-0.0684952
0.618698
-0.00960313
-0.00717755
-1.30112
0.293077
-0.297232
0.809564
-0.270707
2.08836
0.294421
-0.477606
0.167491
-0.133047
0.333726
0.412914
-0.114377
-0.359183
-0.36669
0.488601
-0.473471
0.50693
0.261015
-0.816699
0.817457
1.49615
1.1751
-0.309124
-0.248167
1.10775
1.41491
-3.63369
0.055354
0.486005
0.0386771
-1.34735
-1.10256
-1.62586
0.177869
1.48978
-0.260636
-0.0728967
-1.39374
0.359989
-1.87118
1.75927
0.775604
2.07288
2.43481
0.355475
1.53734
0.385387
0.0936222
0.379982
1.27148
-0.80165
-2.37519
-0.738839
-1.1489
-1.03509
1.31277
0.630285
-0.780309
-0.461379
0.317156
-0.203982
-0.153192
0.722004
0.944757
-0.645126
0.121065
-1.45634
0.661763
0.218091
1.11507
-0.317948
-0.225156
-0.637672
-0.203168
-0.978311
0.314367
0.588035
-1.18721
-0.166203
-1.4332
-0.155366
1.60697
-1.50931
-1.08121
