-1.86316
0.837651
1.11494
0.727184
-1.35435
-0.262351
-0.264287
-0.12829
-1.07704
-1.35099
0.810989
-0.0285099
-0.427955
-1.25186
-1.07882
-0.372688
-1.16224
-0.126811
0.665047
-0.579899
0.607725
0.338979
-0.160724
-0.660553
-1.8359
-0.694539
0.507328
0.472371
-0.244484
-0.587945
-0.250389
-0.293676
-0.715177
-1.34409
-0.746221
0.679325
1.32832
1.3706
0.0394384
-0.713937
0.843244
0.188358
-0.569006
-1.2585
-0.807869
-0.864242
-0.890174
0.684993
0.423481
0.233164
0.896329
0.227373
-1.98588
-1.29245
-0.119169
0.4667
-0.683677
-2.34469
0.303424
-0.419262
-0.804393
-1.57462
1.03249
0.970369
0.0274196
-0.415333
0.736212
0.578514
-0.384529
-0.362763
-1.51957
0.51261
0.584004
1.35983
1.32723
0.0840567
-0.858924
0.691705
-0.142909
0.427868
0.339746
1.32828
0.377842
0.363251
-1.38628
0.0325213
1.04383
0.22299
-0.214772
1.44902
-0.481731
-0.79735
1.35697
-2.07107
-0.602526
-0.478711
-0.193747
1.56804
-0.140892
0.0399067
