1.22544
0.733529
-0.345453
-0.561894
0.0273795
0.154443
0.452774
0.419018
0.989237
-0.44753
0.86322
0.616411
-0.0415497
1.36447
-0.78643
0.608892
-0.344659
-0.0959763
-0.79146
0.275218
0.417666
1.62754
1.61578
-0.938457
1.6178
-0.210695
1.62322
-0.46786
1.42446
1.04188
-0.963406
1.61296
-0.00606608
0.307976
-1.77966
-0.394461
0.93069
1.20369
0.82911
1.68169
1.79449
0.828155
0.92426
0.828501
-0.0647289
-0.799732
0.91671
-0.546316
-0.0132261
-0.546481
1.91044
0.353558
0.910721
-0.200738
-1.15213
1.18734
-1.62908
-0.372133
0.629803
-0.568899
-0.26377
-0.678503
0.128113
-1.76774
-1.32199
-0.66368
0.611659
1.58241
3.76933
-0.652565
0.0337349
0.0679655
-0.381697
-1.13792
-1.19532
0.129751
-0.453696
0.832695
-1.85802
-1.39154
0.233413
1.90354
-0.251946
-0.471928
-1.00068
1.57498
0.462388
-1.53359
-0.430665
-0.543663
0.321786
-0.277247
1.13635
-0.378342
-1.55922
-0.131701
-0.0942629
1.07016
0.049388
-0.176102
