-0.4613
-0.626296
0.600135
1.31607
-0.361832
-0.161475
0.810173
-0.816096
-0.7481
-0.271536
-1.44805
-0.739871
0.838353
0.796537
0.046213
0.835779
0.394847
1.22447
0.9842
1.17567
-0.466811
0.776007
0.599647
-0.66558
0.786964
1.95552
0.693138
-0.231906
-1.32407
-1.6566
-1.82335
0.129717
0.634433
-1.43461
-2.29652
0.725561
-1.52981
0.627724
-0.0673518
0.459095
-0.973836
-0.787585
0.328406
-0.136071
-0.755778
0.172668
-0.0757997
1.28347
0.878196
0.245836
-1.22439
0.507646
-0.802862
-0.472944
1.22305
0.0672422
-1.79458
0.222618
-0.112794
0.5975
0.235411
1.27631
-0.397603
-0.353783
-0.564447
1.09808
-0.09464
0.217464
-1.02937
-0.244577
0.816959
1.24055
-0.949557
-0.400599
-0.779751
-0.641385
0.86485
-0.291445
-0.574408
-1.06413
-0.852746
2.32283
-0.610581
0.163901
0.401417
-0.834043
0.651103
0.376377
-0.574161
-0.705878
1.58399
-1.2997
-1.1887
-1.25886
0.568258
