0.704182
1.47755
-1.27049
1.43158
1.54952
1.05633
0.0668244
0.0718694
-0.973957
-0.703043
-0.866408
1.16711
0.359086
1.01519
-1.12756
-1.01493
-0.878515
-0.656266
0.918213
0.239115
0.212528
1.1193
-0.614029
0.0247075
-0.885791
-0.412797
1.12964
-0.125592
-0.706272
-1.3992
1.25446
-0.90157
-0.466971
1.93382
1.57506
-0.0888572
-0.99123
-0.586405
0.0135257
-0.496881
-2.13895
-0.570256
-0.241456
0.864328
-0.668813
0.515289
-0.662355
1.02894
-2.02084
0.261703
-0.861112
-0.715694
-0.0969861
-0.923568
-0.878478
1.43285
1.93507
0.958375
-1.07467
0.168317
-0.344515
0.170051
-0.349666
0.643307
0.80286
-1.19304
1.73968
0.821557
-1.01551
0.478938
-0.024893
-0.779099
0.479795
-1.39403
0.988459
0.0947268
1.33896
-0.103325
3.06962
0.126357
0.103269
2.15337
-1.76148
0.0407846
0.828103
0.677465
0.834182
-1.80194
1.78804
0.215604
0.810735
0.172099
0.653428
1.0848
-0.528148
-0.319512
0.868709
-0.972975
-0.781906
-0.42249
