-0.972464
1.07553
0.212924
-0.459945
0.401994
-0.0194602
0.786129
-1.17268
-0.467014
-0.771646
-0.189764
-0.781605
-1.3978
0.572297
0.203663
0.576843
-0.870438
0.751279
0.487214
-0.907378
-0.704166
-0.692032
0.735941
0.0697078
-1.00623
0.581363
-1.07618
-0.361776
1.24005
-0.309873
-0.42015
-0.186352
0.0104418
-1.12372
0.852155
0.0293773
0.865224
-0.510776
-1.67035
-0.168593
1.02965
-1.21939
0.247895
0.145614
0.435822
0.448245
-0.41468
-0.32888
-1.22322
-0.204314
-0.330221
-0.603742
-0.771559
1.94837
-1.09741
-1.53202
-0.719792
-1.76818
-0.243725
-1.72786
1.19506
0.195512
0.6303
-1.8708
0.523068
0.947528
0.680921
0.141698
0.0673291
-1.39723
0.611829
-0.401167
0.725357
0.664688
-0.605327
-0.0522067
1.52972
1.62722
1.57872
-0.0737958
0.312258
0.409943
-0.842446
-0.543531
1.03896
-0.0999666
-0.489548
1.96361
0.523094
-0.477431
0.828092
0.0837824
-0.499513
1.1193
-0.331756
0.419641
0.955154
0.476722
-0.446493
0.264783
