-1.14009
-0.508524
0.232834
-0.673945
0.0567012
0.0846425
0.698402
0.285514
0.256331
0.923975
-0.652765
0.974712
-1.17568
-0.0406309
-1.47135
0.81874
-0.792976
-0.579728
-0.578805
0.645764
-0.34806
0.167974
-1.68736
0.973747
0.296523
-2.10123
-0.862766
-1.74629
-0.12317
-0.0462422
1.28581
-0.412919
0.645324
1.45921
-0.912771
-0.614201
0.79026
0.637774
2.59679
0.7803
-0.398907
0.254212
-1.46678
0.361596
-0.762707
0.952605
-0.10447
0.0257096
-0.852831
-1.26939
1.89181
-1.17262
0.267943
-0.133681
-0.721137
2.05581
-1.51116
0.911337
-1.10213
-1.78778
0.463722
-0.737901
-0.68862
-0.829041
0.869738
0.952291
-1.50204
0.164674
0.217623
-0.149377
-0.656018
0.578246
-0.537845
-0.687562
0.35443
-0.546033
0.285103
-1.74301
0.413637
-0.0176396
1.97973
0.488942
0.965807
-0.637745
0.609478
-0.380255
-1.40623
-0.789057
0.197956
-0.603827
-0.874315
1.34736
0.985914
0.251002
-0.0355687
-0.294704
0.0356149
-0.435886
1.5545
-0.812606
