-0.93268
-0.383291
-0.337446
-0.895702
0.475987
-0.817911
-0.287269
-1.01632
-0.702926
-0.919635
0.47374
0.578812
-0.555863
0.542744
-0.623533
-0.980682
-0.099374
-0.15963
0.693529
-0.94011
1.83667
0.257905
2.00368
-2.19602
-0.365536
-0.146442
-0.187205
0.845493
0.485685
0.0157482
0.183671
-0.749438
-0.500001
-0.0106799
-0.121326
1.24935
1.2897
-1.4199
-0.519725
-0.374625
-0.148071
-0.588453
-0.356699
0.2368
-0.928908
1.21669
0.0785055
-0.484618
-1.49039
-0.72556
-0.176058
-0.285027
-1.18169
-2.51229
1.20099
-0.36554
-0.373557
-0.758635
-2.22211
0.758091
-2.91064
-0.748019
-0.555293
0.763827
-0.747275
0.455122
0.925561
-0.536394
-0.425994
-0.912187
-1.76995
-1.64904
0.487326
0.845343
0.144178
-2.43841
0.202519
-0.998723
-1.56086
-1.15085
-0.207866
0.192849
1.5635
0.353988
-0.73546
-1.37558
-0.643486
1.05891
2.0907
-1.17609
0.0950347
-2.64536
0.0792082
0.813778
-0.841842
-1.36025
1.9445
0.388735
0.288006
0.0257926
