0.329622
-0.214414
0.84906
0.706504
-2.48421
-1.11439
-2.46597
0.637258
0.0293712
0.363718
0.13542
0.137365
-1.82399
2.29742
-0.712143
0.153501
-0.219947
-0.528551
0.162647
1.71303
1.26085
-0.464948
-1.60853
-0.868632
-1.13585
0.245449
1.45797
1.37057
0.0640323
0.465494
0.00689439
-0.0994177
-1.03322
-1.76636
0.82027
-0.9391
0.751643
0.588028
-2.24379
1.12851
1.10041
-0.580695
0.829725
-0.947438
0.434574
-1.82852
0.955451
0.905276
0.621363
-0.86219
1.53183
1.38753
-1.03828
-0.0981434
-1.20719
0.645196
-0.974989
-0.986902
0.527504
-1.34176
-1.18896
-0.983194
-0.464478
1.35918
-1.28968
0.221125
0.274907
1.44529
0.52823
0.199544
-0.934598
-0.209109
1.30293
0.983082
-1.58447
-0.60963
0.494023
-0.867132
1.2486
-1.00786
0.0945869
0.866001
-0.0768407
-0.62892
-2.19582
0.179445
0.545793
-1.36377
-1.16527
0.357667
1.56463
-0.0442271
-0.12313
-0.698134
0.889478
0.25026
0.520895
1.1113
-0.982208
-1.01101
