-0.170191
-2.19974
0.982686
0.704448
1.07453
-0.791141
-0.288238
0.0210789
-0.625483
-0.141554
-0.556573
-1.70674
-0.0413766
-0.725342
-0.370543
-0.190439
-0.393589
0.0273374
0.0762022
-0.232324
-0.785951
0.00099066
0.432599
1.09212
1.21276
1.04669
-1.16978
-0.506951
-0.611923
-0.61324
-0.224846
0.703013
2.40672
1.41087
-2.95119
-0.707003
0.199463
-0.14117
-0.967612
1.18476
-1.72579
0.333591
0.326314
0.318676
-0.649408
-0.0154497
0.847103
-0.691826
0.348692
0.184871
0.971976
0.196378
1.28624
0.579524
-1.37842
0.7253
0.203195
1.58943
-0.944711
0.393291
-1.0854
-0.57738
-0.456082
1.00877
0.413845
-1.71421
-0.156756
-1.30247
-1.39748
1.68576
1.60651
-0.826659
1.01733
0.650522
-1.03688
0.429956
-0.482332
-0.210241
-2.14915
0.253879
-0.653737
0.0805464
-2.07889
1.26846
1.84519
0.9088
-1.16151
1.00829
-0.744021
1.41937
-0.376184
0.954324
-0.916103
-0.748242
0.872664
0.819017
0.76526
0.110419
0.332008
-1.10712
