-0.271451
1.13477
-1.64982
1.69179
-0.844774
-1.23855
-1.07317
0.484622
-2.05041
0.220254
0.0483893
0.261352
-1.86306
0.766601
-0.972948
-1.10735
1.04728
0.163473
-1.39935
-0.0941037
0.707405
-0.23853
0.908004
-0.476154
2.17984
0.491311
-0.591129
-2.83093
-1.84866
1.40352
0.83356
0.339597
-0.348237
1.74755
0.549857
0.685562
-0.418465
-0.0285265
1.39873
0.0150987
0.628183
-0.551042
-0.632036
-1.42142
-0.392453
0.600039
1.43303
-1.0403
-0.416499
-0.909114
1.69534
0.501229
0.824282
-0.273202
0.369907
-0.184939
0.323738
0.743398
0.162751
0.0724247
-2.25411
1.94911
0.548164
0.776866
1.31898
-0.108512
0.811638
-1.05957
0.617366
0.359669
1.04572
-1.68502
-0.904565
-0.998447
0.978086
0.662907
-1.05504
0.0382748
1.45859
0.240395
-0.358319
2.46523
0.390259
0.0087242
-0.928285
0.599127
-1.07918
-0.170521
-1.89083
0.60312
-1.19129
0.104723
0.0128221
-0.717098
-1.16871
-0.927594
1.57678
-0.588949
-0.749581
-1.48754
