0.0436139
-0.662708
0.634956
1.0612
-3.05509
1.30095
-0.600889
-0.767366
0.0427914
0.493892
1.15186
1.34977
-0.626209
-0.317623
-0.586243
0.829951
0.681952
1.99908
0.0600163
-0.825423
0.503081
-0.41845
-2.05412
0.10801
0.291869
1.15553
1.40163
0.647713
-2.00552
-0.280339
0.13051
-0.420903
0.364177
-0.424875
0.389421
-0.443315
0.0687958
0.587758
-2.05921
0.626223
-1.61177
-1.00964
-1.45334
0.857419
0.540693
-0.394061
-0.927274
0.984793
1.00671
2.78883
1.16764
-0.116131
-0.764685
-2.52591
0.824462
-0.0907309
-0.524663
-1.91674
0.0653695
0.233059
-0.60171
1.07162
0.378794
-0.797446
0.703436
-0.463638
0.302849
-0.224628
0.861598
2.11411
-0.615422
-0.968548
-0.151144
0.865046
-1.41471
-0.232243
-1.36532
0.913955
0.802509
-0.535675
-0.649766
-0.145616
0.676899
-0.593848
1.29038
0.972583
0.595086
-1.32923
-0.41509
-0.828035
1.3815
-0.570677
-0.388354
0.456394
-1.25697
0.358523
-0.366749
0.800297
-0.465929
0.62878
