-0.787003
-0.28849
0.255195
1.30938
-0.0507947
1.27805
1.2611
0.686722
0.418931
1.50086
0.873573
-0.0665887
1.25652
0.111316
-0.277521
0.56024
-2.45888
0.66232
0.450857
1.717
0.778928
1.04833
-1.28247
-0.524088
0.0359174
0.092764
-0.68648
1.51044
-2.16847
1.65525
0.243655
1.50256
-1.03526
-0.969679
0.181221
1.36264
0.802674
-0.344337
0.467779
-0.811928
-0.286673
-0.998824
-0.3571
1.96825
-0.593581
0.386099
0.21261
-1.696
0.40778
0.147037
0.862593
0.472336
-0.140273
0.748751
1.20451
0.187426
0.279527
-0.140456
0.480415
0.295024
0.147465
-0.0539796
-0.841952
-0.383122
0.935754
0.126729
0.00520705
-0.582165
2.32671
-0.850841
-0.324407
-0.451516
0.176069
-0.773567
-0.623151
-0.026349
0.272561
0.68309
-0.358803
-0.00053302
0.788741
1.14125
0.751552
-0.101905
-0.148236
0.877498
0.752696
-1.19266
-0.228337
-1.19292
