1.59816
-1.05965
0.747323
-1.06647
0.81856
0.333132
-2.00115
-2.03746
-1.17372
-0.121781
-0.488421
-0.349052
-0.225386
-1.47741
-0.07753
-0.749697
-0.384343
0.605238
0.727745
0.930746
-0.51345
0.458027
0.890517
0.938092
-0.347172
-0.387246
-0.646714
-1.89295
1.02236
0.797287
-0.700342
-0.695742
1.37226
1.12094
-0.63032
-0.659207
0.22278
-0.604663
0.486721
0.21956
0.478334
-2.22408
-0.537442
0.0755664
1.07708
0.639015
0.23124
-1.29029
0.38591
0.509903
-0.416521
-0.600311
-0.264556
1.68402
-0.196857
-1.50306
-1.97764
-1.75072
0.512168
0.391226
-1.06603
-1.52631
-0.0355192
-0.580249
-0.851266
0.345177
1.90273
0.348994
0.0431269
1.92278
-0.800266
-0.102192
1.89274
-0.798713
0.295689
0.29666
0.731186
0.822863
0.886388
-1.05292
-0.434024
1.5275
-0.774514
0.603134
1.93234
0.353839
0.00336999
-0.30365
-2.76978
0.0137246
-1.04166
-0.747774
0.716577
0.0314145
-1.83819
0.31268
1.76102
-0.873963
0.284938
1.11157
