-0.567504
-0.0859149
1.20309
0.791679
1.07582
-0.801159
-0.687577
-0.996101
-1.50411
0.512674
-0.642194
-0.342689
1.17986
0.820765
-1.20549
-2.41133
-0.818445
0.409392
-1.61782
0.361508
0.0502407
-0.777583
1.01266
2.29967
0.302419
0.434893
0.387404
-1.60689
-0.339517
-0.437312
0.165061
0.157568
-0.455161
0.680273
-1.16724
-0.376238
-0.861467
0.148529
1.13509
0.0216379
-0.312814
0.123041
0.146337
-1.1287
0.0142608
1.04976
-0.081862
1.3704
-0.246917
-1.57521
-0.663464
1.56534
-0.876833
1.04157
-0.246559
0.232409
1.1758
-0.819801
-0.829383
0.422212
-0.78351
-0.761064
0.575262
-1.00752
1.70306
1.15562
1.32536
-0.534158
0.324463
0.0791163
0.0104707
0.953087
1.19517
0.384213
0.960357
0.496087
-0.812465
1.28753
-0.895824
-0.813494
-1.27183
-1.41846
1.89614
0.84433
1.55858
0.860085
-1.78776
1.55349
0.818627
0.634006
2.21756
-0.194453
0.255973
0.822589
0.202982
-0.431004
-1.40692
0.695631
1.39111
0.297338
