0.623487
-0.138088
0.679287
0.320642
0.114061
-0.65778
0.963374
-0.984018
-0.685715
-0.0160951
2.03382
-1.38658
-1.29402
-0.257101
-0.897863
-1.15758
-0.179556
0.202561
0.487515
0.409065
-1.0313
1.11084
-0.322347
1.91124
-0.282191
0.94494
-1.35355
2.23035
-0.00650335
-0.306595
-0.23904
0.155158
-0.0427822
0.845256
0.240441
0.761999
0.586477
0.42848
0.26436
0.0738243
0.855623
0.86245
-0.85756
1.1113
-0.526419
0.665721
-1.34561
-0.090138
-1.33676
0.505947
0.809054
0.478121
0.156069
0.302657
0.164507
-0.536669
-1.27339
-0.7198
0.828908
-0.314608
-2.22281
0.116803
-0.323396
0.0833899
2.11474
1.08618
-1.42531
0.0485274
0.462763
1.23424
-0.00625688
-0.320602
0.0789934
-0.39926
-1.80934
-1.24601
2.20589
1.68039
0.311534
-1.88704
-1.1618
0.075154
0.933383
-0.348752
-1.07685
-1.47009
-1.32481
-0.10438
1.30674
-1.27485
-0.921064
-0.913835
2.24166
-1.06139
0.619597
0.94061
-0.0568826
-0.326397
-0.488376
-0.311554
