-0.0662092
-0.304972
0.4837
-0.753951
-0.73403
-0.127741
-1.95928
0.653764
0.639276
1.57038
0.2146
-1.5636
-1.0342
0.223678
0.600701
-0.0766107
1.1064
0.976952
-1.54935
-0.256433
0.384092
0.651395
-1.00449
0.30027
-1.12942
0.76652
-2.48419
0.372323
-0.708427
0.369543
-1.076
-1.92201
-0.506474
-0.552632
0.148679
0.243787
0.607478
0.295556
-0.892994
0.333414
0.518871
2.34908
-1.5437
1.30971
0.109998
-0.644113
0.846424
1.62515
2.17355
-0.0764193
0.332907
-0.836579
-0.134122
-1.33554
0.578234
-0.91484
-0.15624
0.0662054
-0.454
0.752147
-0.739858
-1.33324
0.430128
0.308011
-0.311177
-1.03638
0.262004
0.650999
-0.455184
-1.02541
0.337182
0.312565
-0.221861
0.695856
-0.71078
0.722213
1.48375
1.08471
-0.65872
-0.798712
1.31855
0.52986
0.887224
1.11228
2.33567
-0.684864
-0.405426
0.292915
-0.400946
-1.11973
-0.685942
-0.0297959
1.13273
-1.89041
-0.330887
0.934692
-1.00171
0.697497
0.650639
0.424141
