-0.927759
0.805158
0.967787
-0.37296
-1.319
-0.320371
0.420672
-0.174738
-0.236864
0.0348363
-0.731079
-0.830247
-0.688545
-1.13351
0.277485
0.380284
0.143649
-0.702132
0.331267
-1.00247
-0.494111
-0.123058
1.07354
-0.293121
-0.246628
-1.13683
-1.30085
1.01227
-1.98968
-0.089196
-1.5592
-0.574792
-0.26569
0.545011
0.917058
0.184561
0.312204
-1.64428
-0.00451572
0.154838
-1.95124
1.18925
0.816148
0.524519
-0.0237483
1.80609
2.57085
1.79086
-0.465408
-1.84826
-1.38807
0.302023
-0.367642
0.377701
-1.80117
0.631603
-0.246601
-0.630276
0.702893
-0.463381
-2.31772
0.537771
0.114287
-1.38972
-0.740555
0.329806
-0.842193
-0.0197344
-0.777125
0.0135702
-2.06759
-0.303261
0.263202
0.592889
1.66095
-1.06968
3.03021
1.38423
-0.942362
-0.385053
0.944684
0.040427
0.0118527
-0.36828
1.73798
0.90002
1.04321
-0.173911
-2.04783
-0.493223
-0.55909
-0.887099
0.730521
1.48049
-0.51094
-0.206504
0.225238
0.560281
-0.451814
-0.466874
