-0.194103
-0.351414
-0.227953
0.297018
1.27809
-0.624095
1.91181
0.79027
-1.48918
0.688419
0.238528
1.20552
0.410332
1.204
0.147901
-1.53956
-1.63204
0.999969
-0.174615
-0.724375
2.20191
0.168856
0.0868987
0.956789
1.40132
-0.560759
-0.982515
0.721862
0.268021
0.528584
-0.182063
0.591862
1.36834
0.15994
-2.22579
0.0353379
1.04706
-0.487929
-2.31135
-0.299801
1.46072
0.433465
0.102484
-0.607166
-1.68709
-1.13961
-0.647804
-0.947008
0.766721
-1.34658
-1.26249
-0.0839017
0.97687
0.0151928
0.0489603
0.837439
1.05573
0.996674
0.785821
-1.20425
-0.151921
1.11894
-0.982792
-0.828099
-0.892131
-0.463966
1.45455
-0.743304
2.03787
-2.03179
-1.59953
0.914987
-0.74343
-1.12689
-0.503214
1.02321
-0.374352
0.801626
0.576216
-1.61193
0.0408352
-0.40351
0.663981
-0.24602
0.00288215
-0.163391
0.463288
-0.720238
0.277726
-0.150185
0.199564
-0.252981
-0.97891
-1.86591
0.449088
-0.575552
-0.681019
0.973204
-1.13093
-1.76314
