-0.790755
0.734023
0.144555
-0.08257
0.959329
0.0098727
0.268727
-0.591066
0.311944
-0.4367
0.625094
-0.930916
0.996442
0.0857952
-1.03494
0.151408
-0.413157
1.19338
1.19212
-0.650317
1.72485
0.64026
-0.450036
-2.00172
0.284254
1.98982
-0.378612
-1.27441
-1.40212
-0.226803
1.06975
1.39122
-1.11693
0.173645
0.575571
1.4045
-0.339194
-1.0091
0.988575
1.35557
-1.77098
-0.7025
0.689038
-3.13063
-0.0241833
-0.172797
-0.691727
0.206246
-0.311283
-0.292423
-0.603788
1.99602
-1.98301
-0.771743
1.12273
0.209474
1.21248
0.0505724
-0.40941
-1.16371
0.448263
-1.16574
-0.340557
0.565741
-1.17131
1.32334
2.40278
-0.792602
0.420223
-1.97687
-0.671866
-2.40764
1.08614
-1.86324
0.928762
-1.43113
0.818719
-2.38521
-0.464536
-0.343232
0.149674
-1.72903
-1.07085
0.777968
-0.026263
0.346457
-0.176494
1.05971
-0.220311
-0.112049
0.350584
-1.05962
0.765016
-0.591963
-0.673302
0.51692
-0.879738
-0.545524
1.58604
-0.0330589
