-0.648026
1.24045
0.39822
-0.0908644
-1.43101
-0.185944
0.324306
0.394003
-0.829713
1.52128
-0.206753
0.316648
0.130026
-0.543673
0.0844138
0.150517
-0.657592
0.919965
-1.02555
-0.135044
0.209066
0.726792
-0.478013
0.554753
-0.657803
-0.378307
1.70095
0.920997
-0.237227
1.04053
1.10811
1.23349
-0.26473
0.202007
0.181081
-0.983999
-1.21995
-0.18355
-0.750372
1.4202
-0.599167
-1.12805
-0.440323
0.966679
1.70689
-1.3676
1.61122
0.438068
1.39424
0.926545
0.804858
-0.126473
1.44166
0.349782
0.0930432
0.261517
-0.159299
0.313695
0.334028
-0.957534
-0.632942
-0.052264
-1.89706
0.263277
0.824025
1.00537
-0.438392
0.478372
0.517216
1.80552
0.215151
-0.351435
-0.839794
0.96076
-0.175854
0.758363
0.469026
-0.223876
-0.125362
-1.70535
-0.478272
0.813613
0.1553
-0.110976
-0.826096
1.36938
-1.35703
0.322918
-1.56301
0.223956
