-1.1199
1.51547
1.27616
-1.30152
-0.970144
0.0508263
0.845894
-0.462744
-0.791906
0.160964
-0.724115
0.621578
0.157186
-0.40037
0.487844
-0.760539
1.73492
-1.00998
0.136529
-0.0583727
-1.0005
-2.87748
-0.712541
0.19858
0.326734
-2.20544
-1.11546
0.680152
-0.944652
0.668618
-0.786588
-2.26694
-0.822394
-1.35762
-1.95352
0.21891
0.562725
-0.0851381
0.654526
-0.390671
-3.14289
1.26479
0.994792
0.529184
0.124774
-1.13329
0.988665
-0.87315
-0.814986
1.04435
1.40527
-0.886179
-0.233692
0.399482
-0.83175
-0.230273
0.121605
0.152953
1.01067
0.998351
0.872571
-0.0883276
-0.311568
-0.11081
1.33785
-0.0588717
0.922453
-1.00766
0.843219
0.44196
-0.166894
-1.92324
0.0241153
0.799826
0.478382
0.821969
-0.0960001
-1.06016
1.43185
0.702688
-0.00890719
0.723692
0.776711
0.22098
-0.284426
-1.09639
-1.06138
-1.00431
-1.05072
-0.310374
1.62254
-1.12193
1.70101
0.308352
2.12612
-0.513709
-0.602394
-0.564417
0.354983
0.508301
