-1.3857
-1.51528
-1.53511
1.64518
0.337912
-1.28393
-0.256932
-1.36125
0.424667
0.953458
1.11517
-0.701625
0.210558
0.737973
-1.09757
0.0105675
-0.747452
0.117205
-2.16018
0.0625917
1.24354
0.390243
0.917137
-0.656487
0.300165
0.0624688
-2.26639
0.460664
0.405541
0.572809
-1.518
0.125339
0.962252
-1.50781
0.597967
0.382305
0.564164
-0.142147
-0.740971
2.31105
-0.614476
0.0481283
-0.573944
-1.8752
1.08913
1.66449
0.782199
0.470243
-1.20695
2.46418
-0.131149
-1.5344
-1.20915
-1.21637
1.30847
0.308142
0.520266
1.21876
0.365032
-1.27559
0.0437598
-1.14752
-1.04243
1.94988
0.304267
-1.81835
0.0343741
0.815522
1.45814
-0.0875551
-2.14513
-0.80404
-1.34256
-0.210357
-0.631282
-0.660891
-0.89972
1.67245
-1.75284
0.500946
0.277468
-0.0164676
-0.981661
-1.0115
0.938768
0.714218
-2.50198
-0.146915
0.100142
-0.0114732
0.409866
1.89816
0.670508
-0.373794
0.807512
0.653089
-0.18139
0.899376
0.476172
0.908434
