0.0490428
-0.790974
-0.774655
0.705141
-1.34677
0.224098
1.03383
1.02654
-0.0223165
-0.895872
-0.104689
0.0323806
-2.19523
-1.3131
-0.21513
0.594796
-1.09246
-1.72724
-0.719738
-0.431462
-1.10859
-0.130272
0.0275293
0.339438
0.133169
-0.783972
2.29202
-0.728106
0.624056
-0.941033
-0.77283
-1.01172
0.709537
-0.663082
0.0151289
1.9836
-0.595878
-1.40481
-0.779147
0.375641
-1.42449
-0.527149
0.710054
-0.150377
0.0198913
0.176805
0.20884
-0.647861
1.43263
1.31546
0.594175
0.98243
-0.945393
-0.862317
-0.970168
1.18459
-0.12891
2.01782
-1.52517
1.98305
0.454519
-1.0997
-0.893817
1.85342
0.303853
0.750513
0.827346
1.46123
1.17903
-0.250158
0.182407
-0.159437
-1.09079
0.445242
-0.871594
0.178962
-1.26618
-2.07834
-0.605381
-0.578147
-1.38797
-1.05174
-1.09291
0.508322
2.22194
-2.12734
-1.41359
-0.365532
-1.21488
-0.749298
0.3999
1.32196
0.81847
0.427794
0.0273108
0.747244
-1.13091
-1.31456
-0.992167
-1.20767
