-3.2279
-1.76557
-2.82107
-1.28232
0.0556545
-0.457115
2.17917
0.00945366
-0.00844549
0.726179
-0.109468
-2.27272
-1.09812
-0.0137099
1.84422
-0.93296
-1.34335
0.631281
0.0569462
0.270023
-1.08021
-0.649751
0.377571
-0.215518
0.0512634
-0.403141
0.937699
-0.381415
-0.408221
-0.583768
-0.164986
0.235175
1.23407
0.372117
1.5888
0.756291
0.356834
-0.311551
-0.866916
-1.32961
0.812974
-1.53576
-0.363618
0.0837382
0.724602
1.52474
0.687084
0.484123
-0.222057
-0.944764
-0.507698
-1.25733
-0.915913
-1.66002
2.049
-1.00082
1.3898
0.472873
-0.244331
1.50571
0.387642
-0.46137
1.45135
-1.58091
-0.231793
1.68218
-0.89945
-0.220403
0.603762
1.05963
0.316786
1.39312
-1.6933
-0.579175
-1.76384
0.300966
-0.418647
0.938418
0.261676
-0.36149
-1.0383
0.577261
-0.0806822
-0.765287
0.183069
0.140468
-0.671841
-0.561033
-0.22498
-1.66917
0.882547
-0.107211
-1.55118
0.547527
-0.00038053
-2.12456
-1.05211
-0.0663474
0.842448
-0.227495
