-0.447655
0.705789
-0.035358
-0.437709
1.27357
-1.07453
0.0248173
-1.43969
0.154689
1.28034
0.494186
0.298384
-1.30749
1.98581
-0.590402
-1.00487
-0.485684
0.0419658
1.02444
1.36868
-1.43875
-0.303467
-1.50488
-0.44518
0.262342
0.2807
0.91616
-0.0675712
-0.555463
0.198452
-0.989938
-0.215506
-0.404944
1.4544
0.437801
0.0463361
1.27118
-1.82942
0.131677
0.773983
-2.09715
-0.147123
-0.109821
-0.719348
0.977053
0.37975
-0.0319949
-0.526942
-0.115045
-1.54865
-0.937501
-0.129205
-0.640362
1.63748
-0.699706
0.524052
-1.28975
-0.0123296
-1.87683
-1.64032
2.09043
-0.102884
1.23919
0.12982
0.362363
-1.21129
1.90869
1.6771
1.32621
0.888443
0.210876
-1.9878
-3.13836
-0.380902
0.495335
0.379621
0.400413
-1.19964
-1.26529
0.526203
0.270849
0.414765
-0.152131
0.293146
-0.236141
0.0851845
0.180434
0.256566
0.194706
-1.06312
0.725832
0.0918592
-0.469709
0.411257
-0.599911
-0.673141
0.156783
-1.0336
-0.411188
0.628588
