0.129132
0.88779
0.300239
0.338804
-0.787115
-0.30743
-2.09007
0.684487
-0.0295467
0.0759254
1.23444
0.0460515
-0.672569
-1.0227
-0.752297
0.525802
-0.501508
1.06736
0.347375
-0.66955
-0.76157
-1.18727
0.249631
-0.901919
0.630714
1.7709
1.34622
1.0708
-0.925458
1.08454
-0.494359
-1.32997
1.30775
0.481993
-0.729787
-0.942467
0.973107
-1.15275
1.70989
0.433753
-1.12133
-0.0178085
-1.63568
0.516936
-0.59946
0.624659
0.150362
0.350053
0.525496
-1.35796
-1.41603
0.609971
0.95078
0.702202
-0.859859
1.62512
0.986615
-1.70485
0.916422
0.144537
1.18963
0.163373
-1.33484
1.31536
0.576318
1.33696
-0.439827
-0.0216248
1.22144
-0.451968
0.111399
-0.32849
0.326415
0.590866
-1.15022
0.401851
-0.542451
0.567729
0.983057
-1.28161
-0.91997
-0.157699
-0.0859093
-1.147
-0.0319521
0.825053
0.430864
-0.376778
-0.824009
-0.356942
-0.27063
-0.21453
-0.225412
0.19058
-2.29347
-1.56526
-0.249793
-0.0342631
-0.151357
-0.661383
