1.34027
-1.7305
-0.161289
-0.457762
1.64311
0.969239
0.632278
-0.505778
-0.408833
0.371334
-1.56482
-0.877838
0.471604
-0.734112
-1.1389
0.443876
-0.756451
1.57437
1.16539
-0.386859
0.0637098
-1.73948
-1.40501
1.25738
0.123799
-0.204609
-0.00878761
-0.215329
-0.841141
1.43766
-1.99996
-0.281075
1.3603
0.0990103
0.76891
0.549858
0.772646
1.55655
-0.0833456
0.291976
2.00912
0.597049
1.94475
1.38648
-0.184085
-1.42902
2.15003
0.112185
-0.816128
-0.395477
1.09653
-0.943835
1.02697
-0.761483
-0.638474
0.621371
-0.148233
-0.273033
-0.255945
1.36603
0.251698
1.56341
-0.175914
-0.0371735
0.589828
-0.353389
0.0804541
-0.365787
-1.98627
-0.742853
0.158255
2.78629
-0.09726
0.434361
0.203611
1.11803
0.25593
-0.424779
1.145
-0.0123781
-0.335767
0.446293
1.63615
1.12688
1.4094
1.37367
-1.18375
0.334395
2.46594
-0.946856
-0.807493
1.53866
0.806336
-0.13672
-0.406157
0.799644
-0.22174
-0.176691
-0.797886
-0.730369
