-1.34654
-1.22014
-0.645669
-0.351285
-0.133497
0.636975
-0.437248
1.45803
-0.752984
1.32374
-0.961086
-0.0954385
-0.307948
1.77432
-2.18825
-0.576473
1.81503
1.14128
0.577986
0.374271
-0.782902
0.038362
1.1762
1.51334
-0.555007
0.555867
0.43786
0.0126731
-0.622101
-0.113031
0.920614
-0.676731
-0.0731032
0.565643
-0.234698
1.33478
-0.317504
-0.204849
2.03706
0.295912
1.61193
0.461563
0.152504
-0.135382
0.328759
-0.418025
0.0142584
-1.59259
-0.1889
0.685198
-0.271704
-0.373727
0.43395
-0.143339
-0.31101
0.466606
-1.49577
-0.189178
-0.397606
1.68932
1.64189
1.07687
0.90851
-0.358123
-0.484258
-0.42885
1.56775
1.10099
2.63073
0.917103
0.984681
0.455873
1.51312
-1.20717
0.227498
1.1745
1.99175
1.74717
0.57221
0.233144
-1.1012
0.572933
0.0439795
-0.0848241
-0.660351
-0.115463
1.53941
0.497219
0.994985
0.190062
0.941059
0.111925
0.589725
-0.854156
-0.00609503
-1.23464
0.180977
1.37846
-1.15814
1.10683
