-0.518829
1.14093
-0.0175542
-0.0940879
-0.480624
0.646761
0.0716403
-1.06781
-0.865867
-0.462607
0.970863
1.05851
-0.383805
1.6878
2.18929
0.986772
1.94181
2.35654
-0.0871686
0.175851
0.563633
0.0756989
-0.204602
0.689657
1.24928
1.79885
0.300677
-0.764837
-0.709231
-1.80052
0.0551039
-1.7894
-1.44166
0.960754
-0.181224
0.0389369
-1.245
-0.724095
0.626612
-0.0519158
-0.372704
-0.332373
-0.34631
-0.236792
0.102521
1.00752
1.0539
0.131955
0.415412
1.60838
-0.0169153
-0.619435
0.389325
-0.109975
-1.28512
-2.29428
0.582084
-0.643567
0.0619037
1.23342
1.06373
-0.25908
0.0168694
-1.15743
0.752883
0.0525544
-2.81078
-0.536573
0.329415
0.0253961
-0.0217294
-0.291867
-1.50942
0.0111221
-0.10241
-1.97099
-1.18748
-0.308886
1.28093
0.898386
0.390994
0.589081
-1.45712
0.15385
-0.572261
0.846953
1.24025
-2.46815
-0.686088
0.374618
