0.744386
-0.533254
-0.138783
0.789004
-1.51176
-0.178529
0.0396316
0.570311
0.939831
-0.848236
-1.00526
-0.449579
-0.437291
-1.53661
1.1834
1.2472
0.823994
1.24314
2.39328
1.08887
-0.814918
1.45451
0.477439
0.547882
-0.717087
-0.16412
-1.59625
-0.487013
0.181022
0.179171
-0.301801
0.16313
-0.283911
0.479252
1.35602
0.25956
0.93089
1.00814
-1.37325
1.03873
0.0865505
-1.48172
-0.459621
-0.827821
0.435771
-2.26207
1.03371
-0.671605
-1.10269
-1.917
-1.22527
-0.189289
-0.183701
1.27332
-1.97859
1.36575
-0.812549
0.605413
-0.971041
-1.27222
0.219312
-0.535185
0.223811
0.454215
0.703796
-2.07229
-0.135325
-1.34374
0.626997
0.355751
-0.127831
0.0515334
-1.89498
0.302037
0.334114
-0.106448
-0.122983
0.743898
-0.0520935
-0.0645455
0.12204
-1.70572
-0.110926
2.37233
-2.4773
-1.17911
-0.341458
1.23679
-0.0665256
-1.10001
0.241776
-0.158394
1.6569
0.910122
-0.799992
-0.172924
-1.54217
1.09462
1.56337
-0.367164
