0.371306
-0.864268
-0.435366
1.85566
-1.3392
-1.26827
-0.172045
-0.694045
0.244133
-0.690101
-2.30668
1.90103
-0.620162
1.86054
-0.780301
-0.29041
-0.947244
2.1827
0.21332
-0.939005
-0.311052
-0.251085
-1.69219
-0.347191
1.46578
-1.05895
0.832486
0.784039
0.567257
0.974944
-1.61994
-0.303494
-0.272301
0.215928
-2.13122
0.725598
-0.312602
1.16364
-0.374469
-0.313849
-0.200594
0.723806
-0.94531
-0.658014
0.377454
0.626004
1.19444
0.11725
1.10683
-0.191391
1.41895
-0.00268339
0.350483
-0.705536
0.327454
-0.505493
-1.41296
-0.239766
-0.165391
0.434687
-0.642974
1.65543
-0.522672
0.18524
-0.654706
0.333226
0.092659
-0.839994
0.665396
0.354887
1.38768
-1.0906
-0.524519
0.142782
-1.09965
-0.126796
-0.628665
0.657585
0.32654
-0.888769
-1.65208
0.581339
1.16471
0.571961
-0.421287
1.91675
0.991184
0.269893
-0.262587
0.772492
-0.0908186
-2.11405
0.269245
-0.0900046
-0.495986
-2.49881
-1.20458
0.24415
1.50017
-0.575737
