1.08414
0.389356
-0.308692
-1.63229
-0.242289
-1.85735
-1.49351
-0.320219
-1.24503
-0.0258565
-2.1483
-0.0800087
-0.754439
0.0209941
-0.467544
-0.461428
0.49061
0.00141512
0.6964
-0.946136
0.823404
-0.300333
-0.321997
1.56253
1.00364
1.06299
1.26035
-0.690807
-1.78823
-0.918579
-1.3062
-0.287497
-1.44347
-1.70763
-1.53473
0.0251847
-0.128566
-0.193401
0.180248
0.13262
-1.03284
-2.62368
1.26591
1.10132
1.26913
0.357793
1.64941
1.40927
0.92548
0.454956
-1.31037
0.141151
-1.9487
0.363363
-0.231726
1.36941
1.04131
-0.166131
-1.24957
-0.432897
0.21959
-0.00337561
0.169017
-0.182949
0.981086
1.17998
-0.26854
0.151753
-0.312878
0.0970032
0.361368
1.85888
-0.957051
0.230482
-0.00841929
0.228235
-0.1565
-0.364675
-0.273591
-0.0694937
-0.315899
0.661948
-0.702272
0.707698
0.491649
1.31458
0.166065
-0.207062
-1.92281
0.467264
0.0302699
-0.900346
-0.460414
-0.529143
-1.3213
-1.07078
-0.42624
0.730248
1.47286
-0.0699901
