0.228877
-0.480234
-1.86914
0.574678
-1.455
-0.893688
0.00038463
-1.17798
1.11086
0.0776802
0.00255283
-0.221053
-1.36731
-0.907045
-0.352148
-0.073283
-1.51009
-0.0889299
-0.541397
-0.880044
1.3992
-1.65844
0.211807
0.97052
0.861692
0.0847804
-0.56452
0.0632531
-2.01064
-2.32276
0.483269
-0.674973
1.46606
-0.559925
0.291739
-1.00418
-0.495718
2.46497
0.0985855
-1.23012
1.03819
-0.34407
-0.55843
-2.06459
1.67726
-0.238501
-1.77255
0.0418943
-2.25701
0.104073
-0.26728
0.0950011
-1.77537
0.322587
-0.374694
0.209833
-0.468235
0.0372024
0.0619269
0.0749747
-0.902697
-0.916978
0.508145
0.529209
1.84999
-0.839357
-0.689574
-0.351377
0.404595
1.18079
-0.504113
-0.467718
0.468253
0.0613211
1.62811
-0.44268
0.476892
0.91874
1.81105
0.0914013
-1.38701
0.151404
0.336189
-1.51464
0.487893
-2.76422
-0.386213
-1.65827
0.754009
-1.39552
-0.320032
0.529366
-1.49973
0.317821
0.139344
0.253372
-0.667085
-0.0354018
-1.24628
1.35821
