0.153466
0.10642
-1.46311
-1.0045
0.350074
-3.79812
-0.671489
-0.870976
0.522427
-0.139713
-0.215068
-0.713065
0.783733
-0.60222
0.133536
-0.639386
-0.234216
-1.19128
-0.596019
-1.01819
0.0994035
0.662522
-0.257219
1.29607
0.0224257
-0.425721
0.840942
-1.09752
0.231989
-0.622265
-0.160735
-1.23629
-2.95417
-0.8215
0.463013
0.855638
-0.0900775
0.507276
-0.563643
0.16037
0.451941
-1.39491
-0.924682
-0.615828
-1.01834
-2.2657
1.23821
-0.332761
-0.0741046
-0.242064
-0.0897043
-1.10194
-0.524663
-0.724847
0.124934
0.964229
0.91759
-0.565468
1.43425
-1.58417
-1.31954
0.0404304
0.639649
-1.07205
-1.72144
-0.509857
1.57806
0.332361
0.650342
-0.0343825
-0.0882294
-0.674292
0.86424
-0.120434
0.247503
0.60724
-0.380905
1.87391
-0.0546709
1.8751
1.07175
-0.217923
1.80444
0.812623
-2.19331
-0.673605
-0.111307
-0.325101
-0.776865
-0.621559
1.13389
0.193704
0.604396
-1.22434
1.00016
0.0217761
1.90463
-1.36439
0.806243
-0.5175
