-0.300666
0.279801
0.421424
0.575951
0.398047
0.207887
-0.201944
-1.04973
0.440157
0.36668
0.982772
-0.690692
-1.42208
2.81471
1.295
0.675236
1.83592
0.786001
-0.377811
0.34706
-0.490206
-1.70906
0.703275
-1.26548
-0.508487
1.18015
0.316465
0.875749
2.08138
-0.897977
-0.16287
0.435551
0.928679
0.00813947
0.536311
0.00489222
-0.377178
-1.42844
0.961223
-1.98689
-1.90558
-0.383741
-1.49534
-0.679166
0.0171225
0.435878
0.0119049
0.452983
0.890946
-1.06846
-0.968133
-0.248188
-0.408913
-0.537656
-1.04641
-1.55245
0.257308
1.10923
1.20098
-1.3503
-0.605749
0.607769
0.829146
2.50892
0.620841
1.63844
-0.128152
1.32449
0.592524
-1.20745
-0.485971
-0.716949
-1.60986
-1.17976
-0.700841
0.165819
1.00751
-0.246892
0.223098
-0.642691
-0.316982
-0.854192
0.571123
0.403656
-0.821686
0.751585
0.108735
-2.06237
-1.96876
-0.114621
1.49369
0.827421
1.26779
1.3567
0.0960923
0.404453
-0.986574
1.38959
-0.29517
0.443329
