-0.551534
-1.32915
-0.260472
0.966204
-0.252068
0.551734
0.0290557
1.87997
0.886102
1.63203
2.04371
0.633387
-1.23888
0.705454
0.707808
-1.5367
0.562322
1.68074
-0.521233
0.299556
-0.412858
-1.01224
-0.766385
-1.16499
-0.514335
1.04307
-0.686191
0.812844
-1.88479
0.208518
-0.199813
0.852467
0.0612918
-1.62522
1.26248
-0.0160845
-1.61731
-0.0284236
1.55531
0.344372
-1.39927
0.226767
0.344407
1.32065
1.91457
-0.589336
0.91861
0.110085
0.00266251
0.500962
0.8504
1.25413
-0.433686
-1.34073
-1.15844
-0.138645
1.06408
-1.08044
0.968621
-0.0134533
-0.358115
0.405025
0.0783339
1.47816
1.07199
0.608622
-2.04986
1.61315
-0.936336
-0.125116
-0.442636
1.14165
0.843181
1.21893
-0.366113
-0.928105
-0.420533
-1.17464
-1.80776
-0.921396
0.322559
1.22305
0.142784
1.08525
-0.760498
0.0272669
0.736308
-1.89642
1.15949
0.728809
-1.39027
0.764347
0.190442
-0.251914
0.544902
-2.29609
-0.716945
1.04799
-0.630026
0.895616
