-2.02148
0.18858
-1.07837
-1.57498
-0.179884
-0.651388
-2.22893
0.172046
-0.0745591
-0.297265
1.45982
0.269686
-0.955624
0.39226
0.827932
1.1521
-1.60895
-0.798261
0.328817
1.29369
1.03173
0.0203783
1.64466
1.37179
0.315437
1.56369
-0.63952
1.16359
0.976055
2.1163
0.551435
-1.35477
-0.0660873
1.28284
0.0185745
-0.248862
0.0931499
-1.02495
-0.323575
-0.62042
1.06177
0.508774
0.608464
-0.550816
-0.842203
-0.427043
1.01163
-0.769915
-1.53097
-1.44991
-1.14237
-0.0740672
0.814351
-0.378714
-0.137145
-2.12186
-0.960664
1.21789
-0.127829
-0.537219
-1.09672
0.44257
0.261772
-0.973813
1.19486
0.690593
-1.29982
0.169905
1.0401
-1.8054
-1.34164
0.417949
-0.476476
0.630687
-0.23911
-1.3097
1.51592
-0.956088
0.935912
2.17098
0.98376
-0.911981
0.854315
-1.37205
0.652634
0.256119
-0.389514
0.362062
1.41416
-0.361262
0.230252
-0.514715
-1.76888
0.87302
1.26908
0.387909
0.182802
-0.516927
1.21005
1.64132
