-0.504413
0.161664
0.904479
0.857776
0.892262
-1.13034
-0.898537
2.04207
0.109623
2.33225
0.53439
1.63387
1.14973
0.205397
-0.750751
0.886635
-0.610152
-0.322586
1.5507
-0.429187
0.356844
1.36602
-1.40162
0.0821822
-0.963651
0.496274
-0.13455
-0.42773
1.67796
-0.275066
-0.564749
-1.81679
0.462175
1.91172
0.819491
0.866198
-0.632328
0.136602
-0.531094
0.464891
0.4388
1.2541
-1.16806
1.35624
0.312911
1.31946
-1.04881
0.988612
-1.441
2.03814
-0.100347
0.398218
0.0639941
1.54826
-0.326916
0.108184
1.21
1.25573
0.286808
-2.31697
1.12825
-0.717589
0.508299
0.319111
0.977341
-2.19773
0.658593
-0.76003
-2.13401
-0.00385477
0.313434
-1.06822
1.09027
-1.42581
1.43215
-0.67663
-0.073904
0.712569
0.366461
0.199629
0.940167
-0.711491
-1.18181
-2.33397
-1.03982
-0.250284
-0.844789
0.30986
0.550114
-0.27431
-0.704232
-0.528108
-0.0141855
0.263943
-0.969982
-2.17759
0.192693
-0.593207
0.817572
0.888549
