-1.22819
0.0619165
-0.544095
-0.123585
-0.937694
0.585468
0.587807
1.61305
-0.570313
-0.591519
1.11014
-0.14877
-0.288476
0.634084
-0.97173
1.46221
-0.429457
0.178506
-2.04914
-1.69507
-0.810913
1.73951
2.6585
0.0339073
0.401982
-0.577401
0.870563
-1.71544
0.869872
0.244661
-0.253708
0.0628883
-0.592623
0.586435
-0.921238
-0.392151
0.321768
0.69893
-0.620607
0.42842
0.97199
2.29981
0.274533
0.0762405
1.43218
-2.39616
-1.77557
0.576549
0.504297
-0.475687
1.85751
0.308655
-2.25026
-0.219722
-1.93985
-0.161836
0.537758
0.288829
1.15565
-0.985921
-1.33335
-2.25027
0.380055
-0.512958
-1.08226
2.05448
-0.0170288
-0.108836
0.241561
0.751276
-0.130512
-0.192733
-0.467502
-0.376652
-0.248156
-1.62929
2.21095
-0.19482
-0.614208
-1.23618
0.874556
-0.738565
-0.300792
0.417671
1.12087
-0.0968954
-0.724869
-1.52193
-0.349918
0.753242
-0.227232
0.101927
-0.104948
0.343245
-0.824531
-1.59635
0.953157
0.981989
0.328017
-1.14771
