0.668009
-0.381924
0.351922
-1.24137
-0.547442
1.32178
0.691925
0.8621
-0.443475
1.23103
-0.523179
-0.0826046
1.03405
-1.19628
0.466678
0.238526
1.14671
-1.39861
-1.04709
0.385374
0.67541
-0.34227
0.045318
0.579836
-0.699257
-0.929039
0.574353
0.610423
-1.75236
1.24772
-0.293443
0.905728
-0.842657
-0.250545
1.29102
-0.78428
1.19925
-1.16976
0.227993
-0.357414
-0.488194
-0.220703
0.728852
0.717383
0.371922
0.907122
-0.329251
-1.22194
-1.37362
0.529802
-0.269301
-1.53939
-0.407234
0.402788
2.58892
-0.078524
-0.795792
-0.448209
0.887887
-0.615508
-0.355148
0.98274
0.0648727
0.381906
-0.452454
-0.168066
-2.14378
-0.508545
-0.158056
-0.500451
-0.195291
1.16229
0.277388
-1.12473
0.436348
-0.32513
0.624813
0.0482099
-1.47563
-0.645683
-0.543699
-1.16766
-0.205955
1.06368
-1.47627
0.293357
0.412391
1.51936
-2.45196
0.592156
-0.468782
-1.02241
1.30774
-1.61488
-0.416408
-0.537337
-1.19551
-0.611128
-0.934404
0.28672
