0.36285
0.298424
-1.45318
0.49073
-0.4899
0.836586
-0.891443
0.746739
-0.307364
0.727195
0.0782624
-0.69489
-1.1887
0.548187
-1.75287
-0.351912
0.633591
0.905783
-0.0279893
-2.83802
-1.67709
-0.35278
-1.68771
0.316778
-0.533511
-0.222043
0.865996
-2.43702
-0.650115
0.435654
0.32624
1.54273
0.466665
1.11633
-1.39973
0.563547
0.0189351
2.02829
1.24451
0.112107
1.84008
0.600227
-2.75841
1.34627
-0.909963
1.25608
-0.866844
0.849702
0.40059
-0.761891
0.554234
1.21823
1.85261
-0.942457
-0.73245
-0.0733671
1.98556
0.0318352
-0.470894
-1.03406
0.459286
1.27086
1.27722
-0.64518
0.279152
0.109431
-0.454259
0.16164
-0.96921
0.392985
-0.594995
0.449811
0.307293
1.28513
1.3852
-0.426786
-1.4667
1.15197
1.84365
0.829172
-0.205317
-0.654861
0.735983
-0.468334
-2.04413
1.43611
-0.644367
-0.897935
1.68327
0.953739
