-0.793671
-0.792142
0.878245
0.388917
0.760837
0.487906
-0.723012
0.184305
1.32512
0.0922172
1.02359
-1.03931
0.644072
-0.599235
0.159232
0.265593
-0.228738
1.52821
0.246303
0.910574
0.317833
1.35878
0.908756
1.53505
0.556706
0.888662
0.661858
0.825908
-0.382765
-0.289549
0.149226
0.796411
-1.56043
0.439998
-1.80731
-1.69505
0.413102
-0.152902
-0.602535
-0.653019
0.776749
-0.946835
-0.726987
-1.06575
-0.641578
0.898762
-0.43085
0.368443
-0.386771
-0.801818
0.713056
-0.205574
0.315513
0.194247
-1.20343
1.33912
0.876602
-0.54498
0.899453
-0.926426
0.0272283
-0.37115
-0.084882
0.343066
0.607098
0.892034
-0.325574
-1.43178
-0.0155102
-0.127127
-0.15462
0.806504
-1.23367
-1.99473
0.479854
-0.178812
1.04476
-0.289916
-0.428129
-1.66302
-0.584577
0.980989
0.493368
-1.05621
0.930836
1.00989
0.98073
-0.189863
-0.101233
-1.4944
-0.788087
0.564226
0.943852
-0.526734
-2.90281
-1.9075
1.05918
1.78566
-0.204667
1.00955
