-1.28748
-0.444637
0.130096
-0.648198
0.23163
1.75581
0.389262
1.035
-0.401997
-1.29141
1.40123
0.194451
-0.557275
-0.568667
-2.24968
-1.20465
-1.44254
0.732271
-0.160722
0.589468
-0.599829
-0.180882
1.01686
-1.03799
-0.127961
2.20551
0.718357
-1.75798
-0.575223
-1.07109
0.0553328
0.232447
0.76075
-0.427369
-0.280236
-1.31317
-1.63152
1.19835
-1.29177
-0.321844
0.915804
1.26827
1.17536
1.39433
0.873563
-1.95652
1.37207
1.2493
-2.41069
-0.561206
-0.528439
-0.267244
-0.806642
1.38495
-0.0968666
1.59197
-1.7072
1.6665
-0.614926
2.26128
-0.545273
0.279969
-0.775755
-0.670189
0.423255
0.803375
-0.460043
-0.413591
-0.340701
1.68007
-1.90532
0.496283
1.5352
0.162917
-0.348762
0.34039
-1.7435
-1.92098
0.0741304
-1.70473
0.644051
-0.412444
0.774197
-1.21215
0.336928
0.480284
-0.386155
-1.51581
-0.215998
-2.12039
0.26899
2.07865
-0.444614
0.176772
0.711709
0.400539
1.6154
0.44734
-1.36578
-0.413707
