1.76141
0.237113
0.0569992
0.814042
1.18156
0.196966
0.524691
-0.479019
0.60012
-0.27903
0.369327
2.3512
-1.07905
-0.461511
-0.289528
-0.171079
-0.875679
1.65767
1.87985
-0.391619
0.114585
-1.05963
-1.65978
-0.352091
0.779803
-0.702007
1.03862
-0.186811
1.26191
-1.96271
-0.107439
-0.410811
-1.85105
0.840742
-1.52024
0.0878391
-0.0006213
2.21394
-1.00692
-0.201643
1.87441
2.41179
-0.513422
0.403986
-0.531473
-1.55022
-0.361425
-0.432075
-0.921148
-1.61303
-1.19204
0.922997
-0.810208
-0.765366
1.13095
-0.929214
0.338515
-0.926913
-0.959355
0.19539
1.23455
-0.978666
-1.23847
-0.712865
0.601008
0.413476
-0.50887
0.0136624
-2.04505
-0.659204
0.504446
0.503398
0.743823
0.0978781
0.0953675
-1.20341
0.82721
-1.22789
2.13001
0.566658
0.0178835
-1.33017
0.998762
-0.228565
-0.213546
-2.07782
0.963728
-0.486114
0.977653
1.90395
0.219389
0.91141
0.345896
-0.429876
-0.909515
-0.881277
-0.249132
1.41474
-0.776369
-0.471724
