1.01393
1.02492
1.80245
0.598565
-1.32129
1.64946
-0.00548576
1.58784
-0.397383
-0.741675
0.271231
0.323074
-0.434784
1.77008
-0.469326
-0.375153
0.541503
1.04013
1.4173
0.699961
-0.339072
-0.971864
-0.540304
0.634865
-1.3581
0.505804
1.16465
-0.576827
1.62769
-0.186068
-1.26583
0.692816
0.73937
0.384458
1.14831
-0.871268
0.746652
-0.185746
0.988024
1.12588
0.923967
-0.513014
0.878608
-0.162773
-0.710297
-0.521619
0.636956
-1.10303
-0.80323
-0.0924879
-0.00112989
-1.12883
-1.3723
2.45833
1.50282
0.304341
0.860276
0.458207
0.256558
0.0651046
-1.49195
-1.99579
1.09051
1.62981
-2.18044
-2.22028
-0.150732
0.265714
-0.136569
0.0317453
0.528799
-0.00979012
-0.160339
-1.17438
0.4503
0.22053
-1.11084
2.32075
-1.07913
0.389211
1.40155
0.5692
2.23926
-0.967725
0.199681
1.48824
-0.282566
0.959
-0.477235
0.818963
0.0745716
-1.17681
0.731355
0.524579
-0.946494
-0.275781
-0.571942
1.10659
-0.624921
0.973318
