1.3616
0.0586213
-0.814981
-0.460949
-2.55877
-1.02473
-0.842573
-0.911285
-0.113499
-0.332546
-1.92006
1.83629
-0.0402638
-0.082942
-0.229529
2.36265
1.08677
0.0505324
-0.486405
-1.52673
-0.127625
-2.23957
-1.05278
1.98011
1.6467
-1.49452
0.976872
-0.657393
0.462334
-1.30916
0.52388
-0.74586
-2.37676
0.449823
1.19377
-0.471608
0.360305
-0.249468
0.113875
-0.0347824
-0.253369
-1.10417
0.170738
0.627547
2.40377
-0.576077
-0.793073
-0.892931
0.306639
0.923676
-0.627175
-0.78758
0.841968
1.27734
-2.20176
-0.509972
-0.752471
-0.341789
0.7591
1.25146
-1.15274
0.585754
0.121111
1.02712
0.285803
-1.50023
-1.58777
-0.699138
-1.06794
-1.28094
0.864764
-1.10507
-0.72464
-1.11919
1.92556
0.230096
-0.812703
-0.344485
-1.84828
-1.7569
2.06678
-0.421011
-0.783248
-0.083321
-2.06039
-0.5124
-0.488908
0.0714081
-0.487922
0.536638
1.83406
2.25915
2.75078
1.51707
0.524785
3.22625
-0.408678
-0.514287
-1.027
0.121103
