-0.109038
1.16955
0.768441
-0.851864
-0.779252
-2.4397
-0.148155
-0.282101
-1.17864
-0.911099
1.46849
0.709474
-0.736053
0.757946
0.871666
0.218041
1.58627
-1.28301
-0.263301
-0.897183
-0.00858339
0.0337495
0.554355
-1.0216
0.209973
-0.65952
0.610768
-1.26202
0.288615
-2.15023
-1.73437
-0.770266
1.00154
-1.63125
0.685176
0.196036
-0.0200414
-0.258168
-1.64856
0.862312
1.90734
-1.11744
-0.0891454
1.0029
-0.655202
1.74644
1.47577
0.212027
-1.39885
0.237277
0.055657
0.935289
0.860703
1.89744
-1.46445
-0.138413
0.276223
-0.166456
-1.15085
0.44377
1.04006
-1.33277
-0.86443
0.852006
0.0239076
0.619016
0.157498
0.373468
1.36034
-1.0124
0.748466
0.102175
0.439061
-1.38213
0.157926
-0.495799
-0.0843007
0.348404
-2.03271
-0.514279
0.028618
-0.20815
0.0991964
0.895466
0.463767
-1.01515
0.539122
-0.890775
0.321235
-0.525424
0.238203
1.35309
1.24721
-0.29754
0.329495
1.18705
0.198951
-0.649635
-0.904623
0.640153
