0.442685
0.200377
-0.248184
-1.92627
0.144842
-0.422694
1.38109
0.0407475
0.250546
0.164926
-1.17686
-0.7811
-0.0691037
0.169175
0.429088
1.06602
0.0673097
0.117776
-1.00062
-0.392139
0.921789
-0.865698
-0.286627
0.129619
0.46645
1.46492
1.99246
0.0432582
-0.338745
-0.318225
-0.0615863
0.64933
-1.17419
0.520998
0.644858
0.448768
0.0834791
2.03255
-1.23774
-0.0577686
1.11445
0.550363
-1.6983
0.439103
1.69824
0.504381
-0.931788
0.265616
1.42232
-0.565698
0.732587
1.56702
0.61624
0.521629
-0.103475
0.144512
0.431916
0.173493
-0.732643
0.43058
-1.40002
-0.361563
1.38201
0.291124
2.11071
1.44159
0.756273
-0.075043
-0.193783
-0.519531
0.204343
2.09762
-0.446613
-0.0135207
0.752329
0.313822
-0.348239
0.848146
-0.418826
1.05009
0.67924
-0.0788273
0.736142
-0.725907
-0.147535
0.263475
0.155867
-1.55708
-0.0779294
-0.627785
-0.201434
1.37764
-0.0375621
0.144517
-0.616799
1.18633
-0.698609
-0.451753
0.0808618
1.29096
