0.634784
0.829894
0.443738
0.387046
0.709104
0.702631
1.5733
-0.65076
-1.07796
0.435039
-1.51988
-0.16993
-1.55465
-0.656788
0.544767
-1.67909
0.779165
0.0670162
0.269355
0.711459
1.64231
0.405379
-2.31708
0.557671
0.122812
1.30154
-0.0596275
1.41853
1.60644
0.79269
-0.0271074
-1.22733
0.995401
-0.40976
1.3786
1.36861
1.804
0.819181
1.07888
-0.0916261
-1.05718
-0.151405
-0.05346
0.676199
0.317606
-1.41074
-0.621556
0.730253
-1.87886
-0.0187087
-1.93144
1.1878
1.37664
-1.68473
0.416484
-0.0574197
0.451413
0.494695
0.419004
0.0752394
1.16929
0.106133
-2.44654
1.22033
-0.868039
-1.02225
0.609728
-0.389757
-0.0815924
-2.18854
-1.23508
0.629141
0.303502
0.788112
1.04381
1.63052
-0.535399
0.238696
-0.375669
0.430428
0.655568
-1.81097
-0.454998
0.0109198
3.16675
-0.556284
-1.34814
0.716468
-0.375788
-1.10664
0.197263
1.17821
-0.541049
0.148728
-0.314911
0.787637
-0.225679
0.29476
0.688596
0.979114
