-1.25972
0.0245091
0.25528
-0.737804
0.304454
0.158833
-1.248
1.57322
-0.980327
0.490722
1.54218
0.201695
0.545511
0.205408
0.108271
0.94771
-0.310798
0.467659
-0.670749
1.07903
-0.139009
-0.954461
0.404811
0.851465
1.28333
3.47149
-0.612394
2.02654
2.35435
-0.540466
0.712362
0.176877
0.770778
-2.01193
-1.05579
0.496284
-2.42919
0.451144
0.00440565
1.15266
-1.16206
0.820573
1.73831
-0.329103
-1.27234
-0.051629
0.73549
0.290553
-0.241638
0.0623345
1.64925
-0.618735
-0.816131
2.63523
0.485834
-1.47583
-1.17986
-1.56645
0.623808
-0.223988
-0.0864913
-0.0506204
0.514559
0.289438
-0.756946
1.21176
0.565655
0.496598
0.0981274
-0.401619
0.666739
-0.477812
-0.677915
0.689387
-0.169556
0.0403056
1.72063
0.378642
0.518252
-0.242598
0.047665
-0.633224
0.388644
0.621613
0.0519101
1.18983
-0.986807
-0.348421
-2.48373
-0.668087
1.49846
0.723413
1.15234
0.347759
-0.687028
