-0.538921
0.572377
1.11634
-0.623769
-1.20802
-1.30522
1.17915
-0.0345207
-0.536234
-1.34665
-1.34138
-0.710259
-0.215453
-0.932356
-0.524366
-0.749848
-0.833475
-0.328544
-1.42929
-1.28755
0.4407
0.185028
-1.50019
0.387509
-1.19176
-0.626815
0.16595
-0.143326
-0.276064
0.760042
-0.372638
1.06476
0.300632
-0.302794
0.946681
-0.16427
0.0453927
-1.41829
-2.2496
-0.1026
-0.265749
0.74295
-0.536626
0.92202
-0.61802
-0.126769
-0.959051
-0.0673873
-0.89403
-1.52052
-0.966397
0.217758
1.12393
1.11798
1.42978
0.754674
-2.22841
-0.211381
0.917185
-1.07117
2.43996
-0.800836
-0.244441
1.02744
-0.0607702
1.22726
-0.0684623
0.0504479
0.787413
-1.29819
-0.158898
-0.437244
0.0321413
0.768524
-0.666233
0.00356091
-0.309195
-0.0729373
-0.705901
0.36716
0.199897
0.819955
-0.324244
1.96079
0.609705
-0.176322
-0.37534
-0.935943
-0.106526
-0.662202
0.0129091
-0.030707
0.610933
-0.95306
0.171819
0.951781
-1.20906
0.237594
2.21667
0.341267
