-0.657092
0.773667
-0.268361
-0.0117562
2.67223
-0.0131636
-0.610667
-0.501499
-0.221209
0.110164
0.742744
-0.646827
-0.434307
-0.972853
0.264087
0.882608
-0.514827
0.939655
0.367062
-0.556236
1.92311
-0.625133
-0.107596
0.173508
0.487654
-1.18252
0.29261
0.527188
-0.682849
-1.45719
-0.590722
1.59005
-0.813329
1.42353
0.805928
0.369829
-0.318762
0.38465
-0.822791
0.00231118
-0.761501
-0.159894
1.86992
-0.368151
1.50018
-0.488614
-1.13902
-0.307139
-1.50752
0.117967
-0.810832
0.911782
1.06463
1.78894
-0.426584
1.6213
0.61512
-0.787786
0.596876
-0.439149
-0.822334
0.463621
0.279647
0.628987
-0.755217
-1.45618
-1.18712
-0.729714
-0.729198
-0.952683
0.128101
0.702401
-1.40431
-0.653852
0.37722
-0.0292231
0.544904
2.09003
1.29309
-1.13309
0.819372
0.501746
-0.999652
-0.429944
-1.05591
1.14139
1.00599
-0.647907
0.261218
-1.55663
0.115882
-2.67616
-1.22782
0.770261
1.61404
2.31915
-2.07936
0.637397
0.878637
-1.63356
