0.956086
1.89416
-1.73755
-0.898999
2.35976
0.553448
1.21948
1.14599
-0.312788
-0.383549
-0.976657
-0.661828
0.0629219
-0.522614
-0.569034
0.954701
1.54457
-1.53692
-1.08326
-0.58243
1.8893
2.92345
1.8676
0.0883378
0.33124
-0.404887
0.995718
0.588244
-0.225068
0.593897
2.36074
0.0285164
1.28073
0.537655
1.17798
1.69834
1.14988
-0.450429
-0.0224446
-0.875854
1.00608
-1.2038
0.815663
-1.09246
-0.453723
0.541203
-1.77037
-1.08994
0.104
-0.857574
1.39661
-1.09178
1.062
0.863031
1.42733
0.586664
0.903472
2.04968
1.67373
0.653268
-0.48847
0.208627
-0.0656992
-0.585524
-1.90707
-0.74109
1.42489
-0.60216
1.41734
-1.28474
-1.10749
1.05588
0.483254
2.20319
0.862728
0.755267
-0.603391
-0.152451
-0.250398
-0.19943
-0.0832729
0.919132
-0.99265
-1.13844
0.367479
-1.01075
1.38716
0.273943
0.533875
1.11497
-0.843656
-0.826399
0.911535
0.388324
0.72649
-1.21833
0.0371383
-0.773718
0.0404373
-1.40405
