0.0654782
1.02604
-2.54697
0.164147
0.135014
-0.457825
-1.01287
0.238636
-0.294176
0.668249
0.558853
-1.47114
-0.661076
2.52834
-0.598181
2.19906
0.019704
-1.58088
-0.321435
-1.20589
-0.781921
-0.389896
1.02669
1.14093
-0.0289919
0.504885
-1.17746
-0.759588
0.534381
-1.05197
0.210674
0.00331977
-0.378533
-0.81124
1.5412
-0.438057
0.967598
-0.443728
0.37558
-1.25604
0.0633601
-0.472293
0.360183
-0.258966
0.205145
-0.848269
0.859661
0.30073
1.28544
-0.593421
0.0871266
-0.791312
-1.1933
-1.35409
2.0539
-0.0369079
0.0306749
-1.70502
-0.112673
-1.02615
-0.119408
-1.68531
-1.08254
0.117977
1.41403
-1.08645
0.921629
-0.639035
-0.438365
0.074681
0.227212
2.00692
1.15947
1.41081
0.598858
-0.128338
0.322272
0.954706
0.179709
-0.669517
-1.66916
-0.679445
0.0358607
0.418171
-0.538316
-1.41212
0.948074
0.340925
2.38378
0.685506
-0.721541
-0.862635
0.907189
-1.3846
-0.114113
2.51552
-0.0499549
-0.029341
-0.122396
-0.665679
