-0.856761
0.452299
-0.00920442
-0.0901199
-1.3313
-1.65933
0.157712
-0.694808
0.633321
1.20635
0.12527
1.79394
-1.53831
0.301062
-0.202191
-0.712131
1.24046
0.350694
1.61505
0.289109
-1.19738
0.156124
-1.66294
-0.120591
-2.04984
-2.02904
-0.409832
-1.09053
-0.946848
-1.87962
0.159891
0.443418
0.139132
-1.30832
0.0644229
-0.658037
0.391668
-1.5853
-1.11584
0.603131
1.20079
-0.856335
0.19523
-1.88784
1.29087
0.0949692
0.325101
-0.101285
3.26379
-2.58052
-0.24791
-1.16714
0.0783746
-1.00778
-0.618153
-0.814983
-0.473997
-0.542243
0.670172
-1.75215
-0.638668
-0.755317
-0.218356
0.71319
0.546975
1.37492
-0.56628
-1.2107
0.796
-1.13102
-0.368773
2.06689
-0.698889
-0.275854
0.592325
0.851628
0.377889
-1.15177
-1.66149
-0.865307
-1.34294
-0.212486
-0.19162
0.405713
-1.25175
0.307911
0.317705
-0.605662
0.293949
1.86242
0.473903
0.519596
-1.63017
1.4863
-0.433407
-0.591482
-0.98784
0.333423
-1.05255
0.959344
