0.899378
1.93701
0.955609
-0.375763
1.31898
1.56101
0.141667
-0.0735035
-0.785429
-0.503416
0.393259
0.759201
0.42995
1.21015
-0.682208
-0.119691
0.413243
1.42196
0.229826
0.977124
0.0970516
1.53126
0.569305
0.671051
0.221093
0.992778
-0.265166
-1.54968
1.79877
0.0148752
0.225565
0.339563
0.591059
0.504325
-0.17269
0.12492
-1.12226
-0.873111
0.888693
-0.802061
0.369488
-0.0663519
-0.826037
1.1622
0.805092
-0.568789
-0.897089
-0.924471
-0.262739
0.421108
0.761802
-1.13112
0.581213
-0.400852
-1.0109
-1.76289
-0.544159
-1.33418
1.01439
1.16972
-0.140615
-0.103253
-1.24193
0.428897
-0.550742
-0.794103
-1.07462
-0.861107
0.884154
0.13021
1.69874
-0.440377
0.0726955
-1.1165
-1.30708
0.113125
0.448853
1.0442
-1.86756
1.01615
-1.15953
0.959886
0.380995
-1.69377
0.624716
0.287242
2.43222
-1.03248
-1.6503
1.07388
1.1049
0.400489
0.230459
-0.436023
-0.028222
-0.0658343
1.37346
-0.195692
-2.07853
0.723558
