0.537091
0.590675
-1.47499
0.091997
-1.01442
0.060759
-1.63961
-2.07017
-1.26367
0.520199
-0.257465
1.62422
0.786824
0.723288
-0.136457
0.148758
0.510459
0.515716
-0.289277
-0.537708
-0.998779
-1.88329
-0.598806
0.515604
0.216869
-1.03193
-0.429593
1.11868
-0.262973
-1.08458
0.125663
-1.46212
-0.319865
0.97536
-0.120859
-0.199019
0.0224272
0.568882
0.315323
0.337887
0.222407
0.327722
-0.86816
1.2813
2.27247
0.519664
-0.117745
1.9605
-1.50235
0.315183
-0.569654
-1.38947
-0.266126
0.466107
-1.26712
-0.814105
-0.642573
0.340659
-0.130598
0.353143
1.08306
-1.47191
-0.11411
-1.06065
0.986611
-0.93765
-0.279058
-1.68178
0.59114
-0.352016
0.56883
0.709831
0.461222
-0.920046
-2.01835
0.322927
-0.72383
-0.633126
-2.28117
0.609602
0.624754
1.40069
0.946368
0.878086
-0.261889
-0.28184
2.04792
0.631246
0.706336
-0.11619
-0.489075
1.64953
-2.22109
-0.27762
1.87674
-0.30515
-0.733504
-0.355085
-1.06443
0.350267
