-0.0849156
-0.961414
-0.876732
2.01707
-0.0755877
0.583782
1.23184
-0.526711
0.707655
-0.476895
0.655026
0.378235
-0.53294
-0.103283
0.621582
-0.67381
-2.18585
-1.23541
0.241369
-0.117192
-0.712906
-0.331146
0.250462
1.3708
0.313822
0.069683
-0.353712
1.2701
0.720081
2.05457
0.450107
0.148237
-0.54236
0.529833
-0.617178
0.863471
0.321122
-2.34431
1.86009
-0.0529349
-0.872306
-0.336184
0.672336
0.440636
-0.300165
-1.27912
0.0251298
-0.672115
-0.946279
1.12535
0.123089
0.378523
-0.962455
0.200237
0.899574
-0.746469
-0.372907
-0.531367
-0.275686
1.01267
-1.43839
-0.970718
1.38273
-0.800623
-0.85389
1.47138
-0.971596
1.73207
-0.044479
-0.184543
-0.16961
1.58623
0.704574
0.387401
0.316129
0.00599308
0.825327
-0.674096
0.468165
-0.00947294
-0.314353
-0.458512
-0.875819
-1.74759
-0.335602
0.388551
1.27996
-0.917634
-0.663603
0.513396
-0.729202
-0.684713
-0.451437
-0.187739
-0.531942
-0.399185
-1.51726
-0.75185
1.20312
1.13081
