-1.17834
-2.16233
0.235163
0.935742
1.28642
1.03016
2.51039
-0.0412865
-0.459189
0.599747
1.11887
-0.642551
-0.889805
-0.150587
-0.574663
1.32349
1.3299
-0.551565
0.579475
2.59562
2.11658
-0.457251
-0.10669
-0.626302
0.300956
0.88908
-0.871988
0.471268
-0.853016
0.567
-2.95532
1.25021
0.739157
0.233488
-0.18371
-0.180208
0.0997775
-1.02302
-0.932086
-0.771916
1.31509
1.03579
0.259287
1.1015
-0.913703
1.09579
-0.831515
-1.60527
0.157965
0.152373
2.39115
-0.157322
-2.51702
-1.22689
-1.3024
-1.35469
0.43687
-0.520685
-0.256468
-0.908063
-0.0902862
0.310979
0.445164
0.269884
-0.838687
-0.347893
1.30617
-1.92346
-0.133393
-0.550111
-1.65127
0.838126
1.3673
0.240508
-0.333526
-0.411587
1.65371
-0.702098
1.60129
-0.288859
-0.822966
-0.168062
2.12918
-0.131302
1.70362
-0.522253
1.25484
1.69733
0.5544
0.238694
-0.241017
1.59713
0.85881
-1.11359
-0.509169
0.392837
0.867768
0.843509
0.208437
-0.356831
