-1.48442
0.887295
-0.201831
0.970588
-0.776909
-0.211264
0.325101
0.870643
-0.526621
0.111981
-0.083937
0.84733
0.513184
1.28763
0.475953
-1.17026
1.06689
-0.120586
-0.191819
0.950722
0.653976
0.11438
-0.142962
-2.08952
-0.401121
-1.66374
1.10935
-0.642825
-0.515775
0.298106
-2.07431
-0.0748098
0.525741
0.360239
0.738934
0.169926
-0.813013
1.32097
-1.35284
1.95053
-0.395127
-1.60838
0.589965
-0.060011
0.654546
0.883896
-0.0799012
-1.80088
0.233359
0.442858
0.132123
-1.2381
-1.26923
-0.326722
1.10569
-0.792547
-0.0416272
0.588089
1.76849
-0.990022
-0.891579
-1.8925
-0.655988
-0.990956
0.132281
-0.631572
0.435403
0.371088
0.762622
0.926953
-1.21221
-0.828705
-1.43917
0.917368
1.57361
1.12034
2.30403
0.214759
1.5686
-1.11858
0.0836563
-0.242037
0.173791
1.4663
-1.14658
-1.08624
-0.858759
0.426911
1.18154
-2.54356
2.15836
-0.0192179
-1.42024
-0.83344
0.489595
0.531388
0.511394
-0.673171
1.01636
0.466157
