-0.879883
-0.894636
0.67839
-1.42362
0.600252
1.57757
2.23154
0.200395
1.28446
0.992683
2.54903
0.695717
0.517354
-0.325012
0.605083
0.280602
-0.647018
-0.157652
0.644715
1.31544
-0.0282781
0.646698
1.63972
-0.586163
-1.29787
-0.932964
1.06274
-1.06091
0.0195666
0.151241
-0.224984
0.251118
1.14956
0.486927
0.313076
1.29238
-0.142879
-0.747677
0.168068
-1.74809
-0.7399
0.753352
-1.64208
0.741498
-0.408478
0.143077
0.619791
-0.409516
-0.108727
1.92247
1.47015
1.05432
0.735217
0.993817
0.602535
-0.306849
1.09581
1.18975
-2.17284
-0.128644
1.27969
-0.935587
0.262064
0.402296
0.178813
-0.109706
-1.46594
0.964019
-0.984389
1.30713
-0.26052
-1.26923
1.17233
1.70774
1.47282
2.16489
-0.633607
1.45537
0.914988
0.929377
-0.0675988
-0.245473
-0.243062
-0.59636
-1.01246
0.707453
-2.55516
-0.134176
-0.169112
-0.979747
1.58913
-2.48842
1.46741
-1.92347
0.18749
0.539605
-0.82483
-0.58386
0.850194
-1.29331
