-0.975893
1.0781
-1.02857
1.57623
-0.582175
0.00317224
-0.0591286
0.322939
0.410758
0.179198
-1.26314
0.706299
0.209456
0.534184
0.237157
-0.948273
0.924957
-0.658565
-0.838919
-1.16944
0.213789
2.43217
-0.215467
0.2294
-0.830911
-0.0804155
-0.519126
0.304843
0.0675392
2.06573
-0.51729
0.652295
-1.89635
-1.15548
-1.91702
-0.0075822
-0.4138
-1.43859
1.37669
-0.469849
-1.00457
-0.126509
1.08188
0.184097
-0.369199
-0.139731
-1.51589
-1.98966
-0.867402
0.00014817
0.918417
0.0737322
0.0939489
-1.24576
-0.821453
-1.27453
-0.147006
-0.636788
0.902329
-0.618196
-0.298617
-0.167353
0.213294
-0.0720516
0.714478
1.21051
1.11408
-0.836025
0.813251
-0.116031
-1.38592
-0.612664
0.431482
-0.0548456
0.0756823
1.07294
0.211629
-2.01394
-0.52528
-1.28651
0.527796
0.0879481
1.23502
-0.4231
-0.611109
-1.05929
0.383127
-1.69534
-0.411535
1.64965
-0.188293
-1.5494
-1.70047
-0.988069
-0.489366
-0.852207
-0.0585579
0.260723
0.952867
0.574979
