-0.741985
-1.04388
-0.18562
-1.29999
2.03148
0.144489
-1.21826
-1.43928
0.626481
0.476344
-0.568149
-1.52598
0.827961
-0.0435676
-3.34384
-0.465396
-0.0302025
0.899638
-0.0113375
-0.836323
-2.58493
-1.10247
-0.624968
1.81642
-0.389323
-0.023443
-0.805825
0.133531
0.0605445
-1.74556
-1.14621
-0.0623691
0.744064
-0.20618
0.185527
-1.04018
0.867086
-0.628856
0.366072
-1.00807
-0.839725
0.620789
-0.517175
0.0864594
-0.154888
-0.308239
-0.18155
1.35375
0.346033
-0.832729
1.49556
0.166967
-0.223132
-1.40486
-0.732299
1.4326
-1.17136
-0.355905
0.0445951
-0.127708
-1.07592
1.10939
1.54355
-0.0187982
-0.246079
0.357858
1.76078
0.197667
0.845467
0.211379
0.00365178
0.316309
1.48555
-0.503184
-1.17928
0.469443
-0.548274
0.189356
-0.956373
0.246559
0.849567
-2.28607
0.305583
1.19378
0.802272
-0.899498
0.439213
0.98929
0.00521409
-0.27684
0.398866
-0.407289
-1.31268
-0.589505
-0.0654682
-0.234672
0.769753
-0.153802
1.66007
0.591524
