-1.61219
0.200677
1.00541
-0.935655
1.61137
-1.0267
-0.128755
0.43643
0.34197
-1.04857
-0.181221
-0.0511412
0.640509
-0.119085
-1.48238
-1.06099
-0.342153
1.71284
1.20005
-0.301017
-0.618651
0.0554664
-2.25947
-1.14561
-0.526752
-0.917325
0.504781
0.821331
-2.0556
0.522292
-0.156938
1.2023
0.963978
-0.407645
-0.285545
-2.91665
1.19051
0.175494
-0.455277
0.280907
1.79872
0.459499
-0.524753
-1.60108
1.0806
-0.500324
0.873148
2.11721
-0.0791593
-0.581431
-0.604823
-1.09071
0.566678
0.295784
0.556626
-0.41584
0.767216
0.798106
0.383154
-0.933108
0.50866
1.95035
-0.409272
0.981131
-0.949035
0.501962
-0.137803
-0.726491
-0.638196
1.44758
-0.0444991
-1.05614
0.486189
-0.726
0.631882
-1.96008
-0.561138
-0.271255
-2.36612
1.95953
-1.17224
-0.567041
0.0767773
0.176743
0.0998618
2.20296
-0.621829
-0.623331
-0.132335
-1.49986
0.0890462
0.711039
0.612825
-0.590574
-0.871759
0.0216798
-0.477019
0.441587
-0.653517
0.142763
