-0.194623
1.07672
1.26865
0.0308248
-2.27152
-0.594833
0.188746
0.204274
-1.28496
0.18159
0.0359937
1.56496
-1.00204
0.105802
-1.44902
0.0742949
-0.79622
-1.21833
-1.43965
0.349311
-1.68603
-0.107985
1.25876
-0.100986
-0.815622
-1.52043
0.836517
-0.204485
-0.264041
0.473575
1.04127
-0.142776
1.55155
0.473022
0.784901
0.243726
-0.966316
-0.417762
1.0496
1.7502
0.384403
-1.16773
0.570362
0.792606
-1.49924
-0.222699
-1.2394
1.10433
0.315756
2.28381
-0.290863
-1.95131
-1.22923
0.0957453
-0.980059
0.299124
-0.241469
-0.255577
-0.274046
-0.666691
-0.250782
0.376728
-0.36197
-1.30796
-1.38727
0.680864
-1.52504
-0.0813173
-1.34411
-0.448882
0.307041
2.56724
1.69103
-0.00062124
1.29335
1.36288
-0.803864
0.272267
-0.277595
-0.822078
1.37626
-0.0786233
-0.29487
-0.4701
-0.440243
1.25959
0.576501
-1.05666
-0.571701
0.706068
-2.51785
0.0610533
0.439329
0.141951
-1.26216
0.979715
-0.295131
-1.88942
0.615215
-0.599775
