-1.0484
-1.02667
1.2549
0.144858
0.264155
-1.54394
-0.367527
0.654462
0.268228
0.257004
0.716941
-0.430285
-0.0987444
2.46844
0.640352
-0.166166
1.78672
0.111396
-0.33683
0.0115796
-0.118772
2.33775
1.85233
-0.0436718
-0.840006
1.73866
-0.123878
-0.239549
0.156867
-0.661894
-0.438015
-0.820728
0.00377868
-1.09565
0.856648
-1.64986
-0.226359
-1.01619
-0.466343
-0.198999
0.265939
-2.25231
-1.43246
-1.03174
0.141876
-0.123102
0.837769
-1.85982
2.32033
0.0617802
-0.279151
-1.36594
0.320857
-0.686237
-0.373881
-0.272897
0.961118
1.551
1.56648
1.0287
0.695199
0.0994866
1.76031
-1.44534
0.979581
-0.784605
1.08938
-0.227131
-1.11236
-0.454553
0.763774
-1.3605
-0.467307
0.851774
-1.36962
-0.0402393
1.16296
1.21544
-0.309124
0.148722
-0.863936
0.219049
-0.632383
-0.408231
0.523262
-0.547832
1.37193
-0.281482
-0.144832
-0.0352802
