1.17547
-0.281437
0.16471
-0.919968
-1.22516
1.1369
-1.68652
0.927061
0.568217
-1.59918
0.165249
0.771932
-0.235312
0.282333
0.935887
0.377501
-0.983247
0.115371
1.32652
-0.105086
0.292145
0.839813
0.0166697
0.883165
-0.443991
1.20711
-1.49181
1.42303
-1.23949
-0.837304
-1.64193
0.325994
-0.927525
1.85244
-2.01917
0.371504
-0.339395
0.605323
0.591884
0.192898
-0.849536
0.0475464
-2.30993
0.71991
-0.198788
-0.357999
-0.323333
0.22885
-1.17796
0.629315
-1.60871
2.13696
-0.288678
0.663657
0.768903
-1.40715
0.0446489
0.125525
1.17047
0.419986
-0.880814
1.62785
1.11562
-1.35313
1.39528
-0.687736
-0.845695
-1.07026
0.0510623
-0.235172
-0.43952
-0.038555
-0.00742406
-0.867101
-0.172256
-0.422121
0.808824
0.727294
1.04732
0.39641
-0.583829
-0.479555
-0.780723
-0.691855
-0.206056
-0.268717
-1.88144
-0.854272
-0.741449
1.03748
0.412802
-1.51872
0.173204
0.682712
0.0693004
-0.730107
2.19217
1.46335
0.174189
0.655401
