1.49263
-0.170439
0.261301
-0.562635
-0.746708
0.0168391
-0.297102
0.84107
1.50569
-0.0616618
1.48946
-1.50591
0.749568
-0.130712
-1.11182
-0.226916
1.86499
0.323333
1.38809
0.139027
3.29925
-2.84593
0.587959
-0.616169
-0.418487
2.97249
-0.27231
0.271453
-1.54894
3.30542
-0.398927
-0.339261
-0.395804
-0.0513097
-0.171448
-0.820827
2.00857
0.681856
-1.18786
-1.05565
-0.0341298
-1.47796
0.516398
0.356368
-0.766208
-0.412301
1.42896
0.340543
0.47399
0.837893
0.854854
1.42818
1.18023
1.45106
0.87206
0.383991
-0.733498
-1.83982
-0.263212
-0.402179
2.03647
0.777535
-0.36664
-0.270906
-0.836343
1.10427
-2.79254
0.100767
-1.0864
-0.536048
1.31448
-0.00584237
-0.264864
-0.500372
0.0392636
-0.406959
-1.92847
0.59708
-0.0598815
0.0293284
0.513605
0.510248
0.25567
-0.214891
-0.050268
0.422551
0.579527
-0.113103
-0.195841
2.20797
-0.543912
0.681354
2.34721
-1.154
-0.528795
-0.632329
-1.12482
0.326752
-0.0285261
-0.00197493
