-0.404014
0.49562
1.06558
0.287858
0.115052
-0.367452
1.75825
0.120613
1.46999
-0.659499
-0.949582
0.776474
-0.767894
-0.927036
0.507783
1.31773
0.661867
-0.828028
-0.623296
-1.49667
0.112218
1.61065
0.0149227
0.0146331
0.109453
-1.081
-0.345784
-0.81504
-1.46436
-0.376412
-0.665803
0.416128
-0.901514
-0.206711
-0.326603
-0.262653
0.229208
0.223165
-0.759091
1.34655
-2.0642
1.24905
-0.464213
0.774193
-0.390033
-0.670256
0.487408
0.248296
-0.446895
-0.966902
0.250232
-1.33085
-0.0818988
2.12169
0.650752
-0.0675931
-0.602725
0.765406
-1.16094
0.573771
1.29183
0.294109
0.0292651
0.132539
-0.336148
0.133456
-0.112695
-0.800976
1.42904
-0.90021
-0.936766
0.432677
0.314242
-0.542678
1.01976
0.580575
0.137342
0.675126
-0.688561
0.385314
-1.9126
0.506596
-1.31615
1.21852
0.33307
-0.156502
0.421457
-0.321092
0.455839
0.659692
0.620604
-0.337943
0.391392
-0.679277
-1.03217
-0.717053
0.0135852
-0.962142
-1.84001
0.220192
