0.452873
-0.675983
0.785808
1.50314
0.3782
-0.781621
-0.303032
-0.230942
0.849297
1.22301
0.95572
-0.815792
0.177876
0.728783
0.54599
0.857993
-0.236126
0.379087
-0.163078
-0.149657
1.15104
-0.964294
0.297744
-1.1661
-0.220131
0.19125
-1.16841
0.357573
-0.946377
1.62202
-0.098951
1.07638
0.380075
0.80135
0.898674
2.42438
-0.648276
-0.455758
0.553602
-0.198796
-0.0168241
0.532548
2.58954
-0.91567
0.762481
0.00986779
0.676437
-0.497445
0.199877
0.711338
0.103633
-2.04514
1.59163
0.547121
0.934167
-1.01058
-0.289976
-1.97715
-0.743867
-1.06387
-0.870895
-0.796133
-0.304675
-0.0113847
1.03026
-0.741041
1.58549
-0.657824
-0.0958171
-0.021548
1.12979
-0.170919
-1.53875
0.748262
-0.166132
1.30832
-0.0646541
-0.40731
-0.736908
-1.01353
0.0617544
-1.40237
0.461981
2.77232
-1.01027
0.703394
0.310021
0.566631
-0.784048
-0.086189
-0.468383
-0.106545
-0.900123
-0.842088
0.140464
1.2422
-0.4508
-0.919816
2.16928
0.865274
