1.18284
2.14478
-0.713848
-0.116293
-0.397696
-1.12873
-0.382494
1.13888
-1.53702
1.0262
1.48951
-1.36828
-0.938021
0.571258
1.75042
-0.359329
-1.38426
-0.350297
0.440343
0.475859
0.572551
-0.133798
-1.26627
-0.777628
-0.543992
0.874444
-1.25723
0.31269
-1.3574
0.810696
1.31752
-0.825007
-0.325637
-0.592442
0.542084
0.217317
-0.550744
0.975918
-0.655268
0.203708
-0.96537
-0.581345
-2.08124
0.383899
0.340368
-0.494431
2.0452
-2.10351
0.233502
-0.564859
-2.5285
-0.449047
-1.52843
-1.84556
1.15496
0.418715
0.706066
-0.015258
-0.161611
-1.26561
-0.142348
1.51754
-1.0717
-0.885308
-1.78555
1.60306
0.33956
0.0660717
-0.988441
0.300902
1.15086
0.354868
-0.418151
0.592896
2.1683
0.139635
-1.52409
0.792289
0.561688
-0.593407
-0.369556
0.222918
-0.0265685
0.233644
1.09736
-2.71966
-0.137305
0.364899
-0.109552
0.586137
0.800904
-0.529567
1.05886
-0.633555
-1.37802
-2.13929
-0.329841
0.822746
-0.520047
-0.544177
