-1.49412
-0.354933
2.3874
0.106532
0.46425
0.301084
0.300949
0.838282
0.360812
-0.566687
-0.778356
0.0718347
0.0305445
-0.171276
1.60056
-0.539367
0.201107
-0.782708
0.339412
-1.3227
-0.676862
0.078308
-2.10331
-0.553831
-1.82256
0.275573
0.169141
-0.0374726
-0.791172
-0.117131
-0.370615
1.30516
0.0451496
-0.0887901
1.59105
-0.097436
0.19441
1.15153
-1.36255
-1.05981
-2.51232
-0.376111
0.868595
-1.17504
1.53784
-0.276976
-0.721684
-0.180385
0.961382
1.62282
-0.102289
0.604701
0.490723
0.00304805
-1.37575
0.598396
-1.14813
-0.260955
0.53016
1.74731
-2.60743
0.218582
-0.484224
-0.797526
-1.77722
0.592205
0.0352535
-0.218396
-1.29555
-0.295196
0.399005
0.298613
0.219286
-1.1678
2.10431
-0.339584
0.0553084
0.171194
0.395998
1.3279
-1.93772
-1.15926
1.58587
-0.617886
-2.08487
-0.540868
-0.986764
0.419699
-0.148304
-0.596318
