-1.64248
-1.24131
-1.22685
1.26277
0.286987
-1.15037
-0.455535
2.31888
-1.14481
-0.360848
-1.22806
0.920446
1.05198
0.431199
-0.969062
0.71742
-0.184705
-1.06977
-0.00129169
0.452803
1.41545
0.446707
0.169074
1.48808
1.21791
-0.537264
1.10984
0.0978916
1.0849
0.330311
0.152845
2.90153
0.674129
-0.959956
-0.0458478
-0.165619
0.0520649
0.191649
0.334823
-1.16046
0.429015
0.456458
-0.725541
-0.57421
1.2747
-0.929817
-0.36922
-0.315347
1.53739
1.12736
1.374
-1.33741
-1.40983
1.14986
1.71703
-0.962312
2.29806
-0.296323
1.55836
-0.400027
2.51286
-1.1864
-0.86855
2.11824
0.449051
-0.228694
0.39305
-0.167304
0.466145
0.314292
1.0264
-1.33375
1.65031
-1.16652
1.89664
-1.70774
1.467
0.392583
0.178765
-0.62427
-1.87322
1.40766
-1.96239
1.71613
-1.10738
-1.74919
-0.169814
-0.604099
0.0577538
0.679962
0.168763
0.159232
-0.67122
-0.660793
-0.0254366
-0.141409
-0.150349
0.573995
0.162215
-1.45466
