1.31256
0.177742
-1.15323
1.44354
1.87515
0.186344
-2.65964
-1.40653
1.05005
-1.25231
-0.374594
-1.15392
-0.846687
-0.180726
0.0563189
-1.09967
-0.936313
0.619272
-0.272558
0.489137
0.758232
-2.09573
-0.652621
0.574847
-0.0174322
1.26393
-1.26106
0.828378
-1.36669
-0.0969568
-0.299149
0.95038
1.61015
-0.25441
-0.218285
-0.928808
0.705889
-2.40666
-1.67553
-0.948632
-1.01811
-1.76937
0.749737
-0.456907
0.30122
-2.65245
-1.86079
1.21122
-1.48462
1.0724
-0.390997
-0.873932
-0.0342573
0.981341
-0.578955
-0.236274
-1.1301
1.30718
1.36494
-1.71176
0.402383
-0.177123
-0.11665
-1.58805
1.79623
0.299983
1.39049
-1.48458
-0.553547
0.873865
-0.605942
0.948996
0.496241
-0.0267394
0.0550096
-0.762236
0.614432
1.0055
0.196341
-0.578967
-1.24553
-1.92774
0.985699
-0.128529
0.227396
0.938478
0.830429
-0.00145454
-0.224813
1.87594
0.57424
-0.473051
0.0774205
0.816024
0.359707
-1.64159
-0.166985
0.0706577
-0.394764
0.340645
