-1.66442
0.0958206
0.691755
1.21849
0.275966
0.506643
0.128367
-0.855937
-1.37193
0.179889
0.799632
0.952599
1.29264
0.318173
-0.0133599
-1.2777
-0.681382
0.294709
-0.721942
-0.636474
-1.45253
-0.270299
-0.32163
0.248128
0.445534
0.525679
-0.577816
-0.772967
0.00412818
-0.231684
1.09632
-0.859618
-1.52576
-0.00244672
-0.419433
-1.18747
-0.503627
-0.70569
-1.60842
1.028
-0.0716386
0.960495
-0.285991
2.46397
-0.370713
1.03462
-0.528028
-1.74439
-0.542976
-0.345893
0.875977
1.49971
0.324402
0.995132
0.787514
-1.54267
-1.24841
-0.238274
0.439146
-0.562106
0.0754197
0.723235
0.0918387
0.1031
0.0719186
-2.23147
0.222081
-0.466592
1.9455
-1.67793
0.344221
1.31106
-1.75406
0.950306
0.47508
0.142164
0.770574
1.41493
-0.329184
0.47643
-0.0497524
0.925951
-0.103534
0.120651
0.842968
3.26322
1.41448
1.13038
-0.875877
1.75009
0.717268
-0.857271
-0.653426
-0.675703
-0.382707
1.26519
-0.235391
1.94326
-1.03581
0.127893
