0.831985
0.456693
1.69216
2.25904
0.899064
0.371617
1.48954
-0.672339
0.70203
0.13799
-2.02192
0.85416
1.32828
-1.15504
0.238182
1.47981
0.832075
1.61708
-1.38207
-0.403618
0.810209
-1.30649
0.304495
0.451521
1.33609
-2.63942
0.614751
0.555869
0.159302
1.22211
-0.759756
0.438683
-0.371023
-1.11628
-0.00513021
-0.486884
1.9127
0.0812377
-0.48871
-0.479163
0.670374
-0.313651
1.47902
-0.215829
0.0781359
0.249771
-0.511109
-0.561921
1.38971
0.396046
-0.108943
-0.908882
-0.463321
1.17986
-0.810846
-0.274728
0.706491
-0.35779
1.06217
-1.03089
1.28634
-0.332087
-1.05461
1.00403
-0.622121
1.06717
0.473855
-0.314844
1.81599
0.0916746
0.0741436
0.617004
0.321975
-0.325717
-0.374222
-0.0243868
0.887193
1.70368
0.257457
0.528692
-0.994455
0.498851
1.4737
0.557985
1.50971
0.748758
-0.114748
-0.185966
0.195345
0.326459
0.667974
-0.018855
0.809546
0.164945
0.00141006
1.61825
0.69597
0.818113
-0.898288
-0.326873
