0.234874
-1.95123
-1.77223
-0.11143
0.469419
-0.0566884
1.3615
-0.757488
0.934226
0.774808
0.794844
-0.644837
0.056398
-0.498915
-1.16599
0.886067
0.760483
-0.639529
-0.64868
0.297343
0.417663
-0.398015
-1.0466
-0.104979
0.362509
-0.415819
-1.31759
-0.127431
1.15172
0.811548
0.907698
-0.24354
-0.2875
-0.28382
1.00682
-0.703315
-1.27607
-0.2933
-0.209211
-1.5042
0.0370118
-0.322552
0.399963
-0.663071
1.70676
-1.5176
-0.627863
0.0968933
-0.337149
1.35472
0.419778
1.55376
-0.105124
1.99199
1.484
0.130264
0.0163317
-0.901006
2.65476
1.7815
-0.243132
0.39591
-0.553503
-0.0854302
0.315464
0.284422
-2.22144
-0.172554
0.42022
-0.372996
-1.29132
0.0966351
-0.00199854
-1.47284
-1.41942
1.42786
-1.26985
0.810643
-0.444448
-0.224316
-1.02258
-0.71264
-0.163288
-1.2766
0.448722
-1.76718
-0.807728
1.93082
1.49631
1.57944
-0.931776
1.17278
0.544238
-2.48507
-0.0914421
-0.595622
0.202793
-0.755823
-0.397281
-0.335811
