-0.219221
0.367103
0.716672
1.58208
-1.24406
2.00262
-1.79106
0.643107
-0.377585
-1.54862
-1.79996
0.341093
0.64836
-0.478638
0.230169
1.09157
-0.269312
-0.959454
1.43968
0.660232
-0.281901
0.289069
-0.637756
-1.95006
0.58722
0.217086
-1.04222
0.0269037
0.10906
-0.446785
0.39678
-0.0428133
1.72758
-0.134763
-0.498838
0.482513
0.118501
-0.166489
0.176851
0.512864
0.284382
-0.256572
-1.76623
0.859757
0.775908
-0.375778
0.375808
-0.310427
-1.12604
-0.0867498
-0.606094
-0.263714
1.24964
0.465431
-1.44201
-0.93458
0.287332
1.3166
-0.350913
-0.271465
0.986038
0.821209
-0.100025
-0.148996
0.367931
0.903843
-1.08748
-0.354012
-1.13542
-1.31778
-0.130383
-0.333772
0.677633
0.619942
-0.552018
0.197057
0.759133
0.135207
0.125855
-2.32693
0.296042
-0.311029
0.940168
-1.44068
-0.91122
-0.227929
-0.523686
0.126892
-2.14167
1.66247
-0.2469
-0.421437
0.856237
-0.120573
-0.749766
0.373337
-0.231923
-0.541321
-1.10581
-1.0371
