0.395254
-0.82298
-0.0130297
0.31543
-0.0440131
0.292456
2.08939
1.18352
0.324895
2.31017
-0.759223
-0.929061
-1.06429
0.356394
-0.234609
0.296032
-0.0682672
0.567367
-1.35755
1.98412
-0.5304
-0.138843
-0.237253
-0.212739
1.21574
-0.23023
-0.75403
-1.12994
-0.688912
-0.885768
-2.21238
-0.457551
-0.454596
-1.0813
0.182858
-0.420875
-0.27628
1.59131
1.64675
-1.00383
1.7506
-1.07267
-0.157296
0.501369
0.831007
0.524541
1.02506
0.316901
-0.283616
-0.116942
0.911359
1.04501
1.98815
2.06862
0.694363
-0.413925
1.54686
0.0641456
0.353781
-1.2624
0.524059
-1.34431
-0.0377291
-0.156939
0.0466119
0.887637
-0.508811
-0.814377
-0.876155
0.257269
-0.361539
-1.01623
0.856981
0.107691
0.802746
-0.209143
-1.28403
1.88838
0.26005
-0.502499
1.03737
0.749312
0.156142
-0.290114
-0.568317
-0.382539
-1.98926
-1.27914
-0.0720231
0.897382
0.275978
-0.0323194
-0.598774
-0.221836
-0.250455
1.19823
0.902952
-2.21562
0.249256
0.304414
