-0.765687
-0.686624
-0.772141
-0.100571
0.660756
0.099672
-0.605018
0.129735
0.850764
-1.1101
1.14496
0.198496
0.527661
1.011
0.136492
-1.95624
-1.05895
0.433749
-1.03575
-0.889023
0.404893
0.0577412
2.59201
0.145059
-2.641
0.346561
-0.0578397
-2.21258
-0.103838
0.15613
0.208446
-0.706285
1.90951
0.424736
0.733606
-1.33962
-1.10752
-0.0109303
0.376846
1.0216
-1.09985
0.299242
1.20832
1.49519
-1.21502
1.2534
0.874953
-0.81033
-0.687657
2.21204
1.64974
1.53574
1.03865
0.717538
-0.869568
-0.0644659
2.36446
-0.0540809
0.893063
2.12107
-0.0991452
1.38302
0.45617
1.33983
-0.818808
0.94818
0.409138
0.0689716
2.35808
0.188561
0.864405
-2.2654
0.156264
-0.10721
-0.787365
-1.31675
0.544617
0.212151
2.8967
-0.320113
0.659432
0.505079
-1.37973
1.13989
-0.267759
1.74942
0.516072
-1.8834
-0.293261
-1.07544
-1.59797
0.372383
-0.574063
0.460337
1.06357
0.399008
-0.839793
-0.438539
0.821449
0.0234091
