-0.46177
-1.03653
-0.566708
-0.81907
0.825823
-0.818935
-0.290206
-0.959282
1.61661
-0.780588
1.91141
0.659329
-0.101253
1.27355
1.34011
-1.10584
0.277142
0.964995
0.482889
0.194857
-0.451046
-0.618673
0.730622
-1.07825
1.53966
-1.3431
-1.70367
-0.412737
0.206776
0.582133
-0.0722456
-1.69739
-0.00208478
0.98243
-0.35366
-0.538472
0.345696
1.02121
0.530379
1.12809
-0.809555
1.04496
-0.471666
1.30238
0.863493
2.16905
-0.0586403
0.0195192
-2.25264
0.0248303
0.0841811
-2.13177
-1.32248
-0.669973
0.926193
-0.793705
-0.49184
2.25385
-0.129419
-1.12553
1.12375
0.0885547
0.165714
1.15345
-1.14605
0.44544
0.94214
-1.44679
-0.894425
0.180598
0.0637129
-0.810499
-0.00978049
-1.01664
-1.18335
-1.16789
1.30848
0.322111
0.933424
-0.881346
1.38578
0.448659
-0.513668
-0.137412
1.19016
-0.277615
-0.772363
-0.251441
0.0322439
-0.409281
2.07483
0.00184746
0.298275
-1.19114
0.871462
-0.819217
-0.472044
0.785339
-1.36273
-2.54467
