-2.41836
0.270239
-0.615138
1.21409
-0.802082
-0.854329
0.501482
-1.99502
-2.44969
0.741978
-1.28474
0.279911
-1.31995
-0.0721607
-0.160305
0.183774
1.41049
0.72008
0.0805508
-0.730078
0.439755
-1.41368
-1.09878
-0.417109
0.246031
2.11591
-0.0462559
-1.55262
-1.01736
-0.543268
-0.758318
0.784802
-0.764375
1.60533
0.970078
-0.529198
-0.786781
-0.755038
-0.234623
-1.56779
-0.859023
-0.22331
0.302601
0.306154
0.0836301
-0.24037
-0.296758
0.826564
0.526809
1.78221
-0.501497
0.319305
-1.19893
0.555468
-0.303881
0.555495
0.259705
-1.35684
-0.444786
-0.72847
1.36097
1.79254
-0.434268
0.670464
0.592336
-1.51965
2.48102
1.09014
0.401236
0.886757
-0.338898
0.529742
-0.799452
-0.0102677
-0.847615
0.072082
1.35104
1.84358
-0.273075
-0.572558
1.80165
1.11546
-0.0873245
-0.246747
-0.858299
-1.17227
1.5958
-0.372403
0.634747
0.622074
0.376508
0.571624
0.869718
-0.109719
0.774855
0.74267
1.0471
1.58276
0.895962
-0.634336
