1.91819
1.3304
-0.534832
-0.410752
-0.296896
-0.741232
2.88802
0.415038
-1.55465
-1.01829
1.20597
0.788661
0.996947
0.137124
0.806911
0.0460232
-0.466736
-1.23019
0.101502
1.43036
1.59059
-1.16044
-0.535171
0.00622299
0.938473
0.589543
0.860626
0.123075
1.34353
1.35696
1.11338
-1.97838
0.544424
0.198821
1.68505
0.197901
0.0683735
0.0103767
-0.237493
-0.572749
-0.223794
-1.28629
1.13623
1.00201
0.0815303
-0.397921
0.0572235
0.855133
-1.26196
0.689945
-1.01537
0.698809
1.34007
-0.113239
-1.33897
0.826463
0.266454
-0.505517
-0.553519
-1.04759
-1.10743
-1.78013
1.14544
0.0116908
-0.106377
-0.569171
-0.499482
-0.0579205
0.460529
0.797017
2.23971
0.21337
-0.434306
0.522985
-0.71424
1.46921
-0.944283
1.51613
-0.892428
-0.305828
-2.06175
1.4465
-1.18143
1.74369
-0.111149
1.79499
-0.563511
0.663783
-0.265469
0.0880605
