-0.0186805
0.813899
1.00696
-0.71762
-0.300605
-0.177371
-0.491519
0.593056
-0.389496
-0.935098
0.321197
-0.0249336
-0.973755
0.365633
-0.231268
-0.191923
-0.702451
0.0478499
1.85289
-0.469909
1.05975
-0.803305
2.40185
0.467909
0.80734
0.368614
0.793383
-0.826952
0.368133
-1.06103
-2.27979
-0.976298
-0.457902
-0.698364
0.191043
1.78231
-1.68205
0.351888
0.819499
0.605081
-1.36303
-1.30332
1.02681
2.02156
-0.643911
-0.00552985
-0.856083
0.943177
0.872698
-0.172716
-0.409524
-0.587006
0.400517
0.86464
-0.21586
0.0460304
1.59628
-0.354839
-0.369486
0.24487
1.12248
-1.33988
0.418564
-0.791112
-0.897365
1.01634
1.56866
-1.1943
-0.306322
-1.61736
0.168514
-0.517197
-0.269914
-1.92165
-0.167026
-1.25413
-0.268045
-0.557329
0.312801
-0.36818
-0.15288
0.199142
0.0982299
0.10168
0.412882
1.09067
0.763761
0.300703
-0.429543
-0.00430092
0.144143
0.691209
0.134607
-0.442024
1.26987
0.0204123
0.696427
-0.534781
0.0974022
0.0237023
