-1.02794
0.593359
0.534003
-1.09762
-1.44844
0.351321
0.235995
0.926313
-0.0457275
0.166376
0.095032
-0.84013
0.910878
-2.26607
-0.189263
0.717447
-1.50648
-0.695697
-0.143232
2.37971
0.212589
0.58132
1.064
-0.555202
-0.41157
-0.722564
-1.19639
0.0501421
0.0372545
0.553627
0.741946
-0.524687
-0.906392
-0.446281
-0.576769
-1.01758
-1.82949
-0.426653
-0.354877
-0.586462
-0.703705
1.13068
-0.933094
-0.0784102
0.247663
-0.00883075
-0.475037
-0.237076
-0.709709
1.17031
1.35735
-0.744716
-0.551557
0.859096
-2.28115
1.64917
0.739136
-0.0729231
-0.352158
0.643057
-0.373283
0.95167
0.20688
-0.757222
0.0761927
-3.10855
0.19684
0.182875
-0.0744818
0.414733
1.48721
-0.131349
0.954577
-2.02601
0.106606
0.0595617
-0.0756533
1.63102
0.0948941
0.110417
-0.755171
0.543038
1.18085
-0.310312
2.57628
1.22435
1.04071
0.380851
-0.917377
1.70274
1.14361
-0.707921
-0.375335
-0.428281
0.34595
-1.14825
-1.27745
0.480274
-0.0381302
0.81886
