-2.05312
-0.703584
1.20287
1.08561
0.0876149
-0.240011
-1.00684
-0.871188
-0.522158
0.600763
0.381413
0.938487
-0.262947
0.356636
0.40643
0.159445
-1.70517
-1.21559
0.731408
0.936587
-1.22525
1.06315
-0.494976
1.51417
-1.57551
0.816496
-0.132637
0.669954
-1.08345
0.325518
1.06643
1.45359
-0.400495
-0.599784
-0.894318
-1.29324
-0.314892
0.0498776
1.14773
0.950296
-2.09981
-0.434527
-0.785593
0.620462
1.60316
0.678796
-0.863551
-0.387455
-2.39963
0.108196
0.652135
1.95188
-0.671315
-0.696648
-0.839256
0.0439684
-2.30476
0.493283
-0.522185
2.00481
-0.469851
-0.976328
-1.11492
-0.648136
0.805509
-0.0465947
-0.73646
-0.43782
-0.61136
0.722543
-1.06631
1.14543
-0.405706
-0.729869
-0.909116
0.634784
0.309292
-0.953479
0.486158
1.0028
1.19921
0.858888
-2.70788
0.157333
0.101117
-0.357301
0.949625
0.751705
0.0164677
0.499941
1.80019
1.50393
-2.03268
-0.468228
0.574499
0.378634
1.21671
-0.803821
0.662098
0.657236
