1.41127
-0.446743
0.0149897
-0.579722
0.662041
1.1789
0.411129
-0.115221
-0.0109205
1.42647
-0.0366208
-0.196121
-1.48855
-0.6179
-1.88709
0.00661012
-0.80663
0.830067
0.592673
-2.41238
-0.725151
-1.61739
2.43101
0.259203
0.497135
1.95797
0.2965
-0.424988
-0.878553
-1.30844
0.44998
-1.0407
-0.780878
0.241157
0.668121
-0.588309
0.0677717
-1.76447
-0.634158
0.924865
-1.19001
1.72056
1.23841
-0.166338
-1.07918
0.889043
0.610521
-0.414556
0.931343
-0.35749
-0.947114
0.457292
-0.118326
1.24014
-0.577742
1.3537
1.83893
-3.04134
-0.0910134
1.05118
-0.208076
2.19176
0.124463
0.95144
1.87689
-0.164838
0.812764
-0.395792
0.83066
-0.727789
2.3654
1.5157
1.06921
-0.143846
-0.9559
1.62907
-1.62137
0.189062
-0.291301
1.29807
-0.691314
-0.325307
1.53931
-0.572943
-0.659938
-1.34275
0.208372
-1.17552
0.146145
-0.347384
0.817434
0.318462
-0.532551
-0.880671
0.240391
-0.749536
1.56991
1.56002
-0.604543
0.57101
