-0.66462
1.19458
0.229539
-0.878087
0.48486
1.90627
2.49483
1.30781
1.18531
0.548173
-0.24584
-0.295168
0.668581
1.33024
0.586998
0.186319
0.839098
0.272974
-1.96205
0.310704
0.279717
0.366559
-0.0800866
-0.0913049
-0.321044
1.08191
0.377639
0.193261
-0.962339
1.46177
0.396695
0.454302
0.0537835
-0.221203
0.956822
-2.50995
0.516527
-1.45786
-0.484888
-0.545905
0.277819
-1.17151
0.238035
-0.320432
-0.216207
1.06058
0.242416
1.15544
-0.138164
0.224904
0.554991
-0.601439
-0.613293
-0.52131
-2.0977
-1.80764
-0.35537
0.814644
-0.402961
0.667771
-0.779921
0.431022
-1.09523
0.381062
1.30227
1.67605
0.0353104
1.7442
-1.0478
0.900166
-1.12891
0.636035
0.329759
0.675216
-0.85981
0.685299
-1.01053
1.34981
1.74674
0.986647
1.77082
0.867061
0.33012
-1.27019
-1.49042
0.36194
-0.20854
2.04459
0.646385
-1.9101
-1.43346
0.0908423
0.714441
-0.0225218
0.104929
-0.625332
1.22131
-1.28104
0.722577
-1.13435
