-0.851944
1.12313
0.291231
0.358152
0.124539
0.0412031
0.16714
1.87564
-0.0346364
0.586152
-0.263472
0.0976618
-0.632767
0.910547
0.29561
-0.308417
-0.181673
0.290307
-0.649444
-0.221891
-1.75412
0.799458
-0.515323
-0.339917
0.283205
0.247489
1.81501
0.365994
-0.445058
1.26294
1.64117
-0.34007
-0.0201307
0.451706
-0.893756
-1.08494
0.441807
1.10526
-1.9692
-1.229
1.2556
0.705219
0.570987
-0.581551
0.120824
1.7717
0.482745
0.180522
-1.00227
0.535661
1.05515
-1.70704
-1.92822
1.52447
-1.92491
0.0103741
-0.61736
-0.188977
0.823088
1.23099
0.230817
0.378142
-0.651314
-0.4219
0.89977
0.328911
-0.323868
0.785794
0.945918
0.898004
0.183577
1.23774
-0.258327
0.716782
-1.3973
-1.35184
1.81503
-0.377581
-0.768955
-0.115291
0.516793
-0.383191
0.29992
-0.484851
0.95391
0.499444
0.302623
-0.338661
1.07794
0.23425
-0.930293
-0.623493
0.881805
0.701486
-0.76261
-0.622938
-1.44337
0.933329
0.780464
0.825526
