0.250588
0.713339
-0.675185
-0.420322
-2.20394
-1.00057
0.236994
0.943376
0.925461
0.948327
0.141947
-0.612059
-0.516716
-0.225249
-1.12982
-0.207009
0.265237
0.723426
0.0127121
0.885358
-2.15312
0.196913
-0.474509
-0.230331
3.01232
-1.63266
-0.639806
0.693645
-0.382603
-0.432064
0.255505
-1.20046
1.19289
0.540838
-0.0395165
-1.20239
1.00155
-1.15487
-0.402551
-0.547688
0.689917
-1.32972
0.364463
1.87246
0.331316
-0.126448
0.32428
1.25076
-0.662972
-1.37344
-0.433052
-1.55971
-0.298604
-0.252833
-0.873855
-0.583088
-0.454244
0.872827
0.994606
-1.63187
0.119196
-0.162846
1.56755
1.02005
-1.59404
1.38053
-0.809809
0.137664
-0.624953
-0.295871
2.36444
-1.82241
0.402128
-0.416455
-1.43059
0.790145
-1.14737
-0.964974
-0.941112
-0.979737
-0.28639
0.0170791
-0.677013
0.143855
-0.427009
0.448101
0.84254
-0.335026
-1.86136
-0.258302
-1.11129
-1.3043
0.908675
-0.784119
-0.498927
0.546189
-2.53978
-0.991227
1.40612
-0.867797
