-1.73808
-0.0692248
-0.171519
-1.02269
1.12844
-1.21365
-0.131922
1.09537
-1.46946
0.299105
-0.563881
-0.294222
-0.379348
-0.0624609
-1.16519
-0.894789
1.73793
1.39257
-1.23755
-0.188602
1.52631
-0.689559
0.272524
1.03027
-0.547271
-0.144862
-0.346696
-0.746099
1.7738
0.638365
0.679418
-1.27929
0.195765
-0.148512
0.72217
0.216792
0.971345
-0.40548
-1.0161
-0.219999
0.817956
-1.1762
0.846381
-1.28657
-0.31263
0.978401
0.192512
1.82584
-1.56898
-0.251036
0.683463
-0.371833
1.23433
0.259532
0.166815
0.642945
1.10407
-0.257839
-1.73545
-1.19468
1.20508
0.401095
-1.1495
0.983708
-1.3483
-0.451811
1.04118
-0.220032
-0.193513
1.00163
0.14309
-0.899244
-0.47632
0.644804
0.649055
-0.186263
-0.0319742
0.593622
1.6765
-0.657367
-1.23642
-1.68958
-0.779594
0.0669196
0.2491
-0.764418
0.416084
0.346751
0.768157
-0.690489
-0.0371439
-0.868043
-1.28362
-1.22632
0.679265
-0.212716
-0.726449
-0.749179
1.90378
0.411485
