0.137191
-1.33694
0.478132
-0.119562
-0.675266
-0.208479
-0.493557
-0.088535
1.57653
-0.182265
-0.466219
-0.378615
0.258394
-1.40995
1.95663
-1.25338
-0.979576
-2.48567
-0.668261
1.14423
-0.95929
-1.51601
-0.562883
0.589417
2.63573
1.18266
-1.20464
1.68674
-1.01847
0.449796
-0.352283
1.58886
1.33365
-0.0101191
1.21277
0.86227
-0.0749034
0.54857
1.31246
-0.343396
0.605251
0.738537
-1.16022
-1.02014
1.46068
0.502186
1.2977
-1.0328
-0.599375
-0.0262844
0.670513
-0.405549
0.0223664
0.0113902
-0.558993
0.86248
0.477064
-1.39083
2.02649
-1.59272
0.124542
-0.999161
-0.190245
-0.150234
-0.206104
0.162311
-0.809562
-2.01825
2.31265
0.743294
-0.973498
0.905425
2.85037
0.479129
1.08289
-0.68772
-0.321553
-0.0784255
-0.449768
1.31015
-0.813062
-0.75104
-1.45437
-1.13238
0.356558
-1.62355
-0.624392
2.59683
-0.740544
-0.257528
-0.884845
-0.338292
1.30908
1.75504
0.0147527
0.489826
-0.597406
0.410663
-0.109447
0.816525
