1.54037
0.895902
-0.123091
0.0399213
1.74201
-0.00033878
0.459118
-0.363546
-0.755509
0.74577
-1.22427
1.64227
1.70329
-0.309426
-0.430335
-0.0301914
-0.290089
-0.349877
1.98412
0.807854
-0.046125
0.780279
2.38866
-0.00760445
0.398241
0.294318
0.159945
-0.410913
0.195384
-0.178871
0.726826
-0.569336
-1.59507
-0.569092
0.15059
-1.48838
-0.451327
0.670333
-0.0820266
-0.683464
0.823248
1.74072
0.786901
1.25331
-0.613993
-1.07275
-0.507969
0.592523
-0.862684
-2.03377
-0.375658
1.57647
-0.219456
0.869862
0.29864
-0.815712
-0.934844
-0.359584
-1.34482
-2.07435
0.933747
-0.696901
1.40932
-1.9985
1.4553
0.561131
1.24128
1.40352
0.824566
0.0635339
1.54865
-1.67254
1.21196
-0.147742
0.0323276
-1.43063
-0.311206
-0.02867
1.42395
0.0312343
-1.36183
1.13727
-0.490758
-0.927222
1.94255
-0.852656
0.206245
-0.619137
1.41351
0.399232
