-0.231879
-0.592379
-0.987211
2.00989
-1.68989
-1.04973
0.867105
-0.326951
-1.14972
-1.23588
-0.416996
-1.63293
-2.02134
0.25588
0.645139
-0.503981
-0.313738
-0.0156055
-1.84866
-1.51911
0.264732
1.76908
-0.670497
-0.597986
-0.0884607
-0.702054
-0.0180318
-0.719844
-0.999781
-0.669535
-0.582037
-1.24242
1.1224
1.34723
0.219462
-0.0295614
0.336347
0.674867
-2.076
1.81108
-0.22026
0.401407
0.298681
1.0573
0.445809
0.676866
-0.212438
0.828286
-0.129948
0.252044
0.663929
-0.407899
-1.023
1.91744
-0.982336
0.550272
2.48495
-0.566868
-2.66365
-0.174264
-0.921171
2.71227
0.509002
0.136572
1.2654
-1.13575
-1.73165
-0.529576
0.443704
-1.05262
0.0551604
-0.315245
-0.00393917
-0.165212
0.226986
-0.947747
0.400734
0.761013
0.772034
0.500136
1.88617
-0.312235
0.731636
-2.72245
0.781341
-1.91731
-0.262152
0.471554
0.288925
1.08315
1.31697
-0.170184
0.544971
0.826219
2.47648
0.0896444
0.719714
0.502644
-0.498285
1.17336
