-1.15351
0.891963
-0.722829
0.367021
-0.584335
0.50562
-1.44231
0.280597
-0.387308
0.189933
-1.49627
-0.619749
-0.53196
0.0192278
-0.0244397
2.05351
-1.88994
-1.31067
-1.60699
-0.818162
-0.0169662
2.08879
0.973134
-0.455711
-0.463743
0.680169
0.598085
0.0387164
1.16001
0.44126
-1.26473
-2.32614
-0.0296944
-0.180154
-0.144187
-1.15573
-0.42684
-0.404827
0.452993
-0.254322
0.896086
-0.114217
0.544811
-1.22685
-0.931098
-0.00246855
1.72907
0.435835
-0.16427
-0.0215872
0.4602
0.293096
0.261276
1.20666
1.04688
1.53254
-0.256418
0.110243
-0.699791
-1.4789
2.00786
-0.557786
0.28601
1.73457
-1.28469
0.725893
-1.46318
-0.417017
0.883383
-0.676655
0.248526
-2.48098
-0.0720477
-0.249131
-1.21166
0.717913
-1.71707
-0.651403
-0.359255
-0.223836
-0.491065
-0.00067813
-3.06322
-0.817454
-0.104947
-0.776733
-0.787173
1.04055
0.875752
0.741685
-0.94829
-1.18341
0.999295
0.0207405
-1.4542
0.646979
-1.66731
2.01992
0.965811
0.107265
