1.35016
-0.372285
0.61972
0.635177
0.707466
-0.28655
-0.117873
-0.461736
-0.0911413
0.143229
0.977346
0.707195
-0.92746
0.275693
0.0397765
-0.63072
0.308421
-0.0532707
0.00583377
-2.23505
0.372462
-0.633408
1.77128
-0.325308
0.253566
-1.44188
-1.35119
-1.66301
-0.0620758
0.917517
-0.771084
0.59118
0.509337
0.307832
-0.467259
-0.0505042
1.79913
1.43591
-0.4651
-0.155867
2.22802
0.326428
-0.416594
1.38318
0.522737
0.857948
-0.248889
0.145056
-1.72712
0.575976
-2.0421
0.957552
-0.764919
-2.35773
-0.325946
-0.0456369
0.964017
-1.52851
0.567167
-1.42292
0.764352
-1.38889
0.00661695
0.765674
1.03206
1.50357
-1.75026
0.522403
-0.557724
-0.539585
0.0259521
-2.40328
-0.896505
0.0820361
-0.877326
-0.397738
-0.973622
-1.12904
0.300677
1.30224
0.36637
0.31987
1.32083
-0.366394
1.37464
-1.26352
-0.219201
0.652858
0.618213
0.058344
1.51807
-0.437063
-0.0348153
-0.994541
-0.0906591
0.899619
-0.272923
-0.435411
0.476773
-0.2535
