-0.144694
-1.16203
-0.431704
-1.09412
-0.318427
0.865776
0.944417
0.931425
1.21355
0.354803
-1.45542
0.0435891
0.220199
-0.0632274
-0.387762
-0.509017
-0.449762
-1.15644
0.582748
1.14046
-0.113713
1.65839
0.589969
-0.386647
-0.764956
0.319375
-0.953635
-0.747526
-2.05296
0.760356
-1.72781
0.136574
-2.18488
-0.400499
0.540262
-0.438245
-2.07003
-1.02615
-0.226566
-0.504649
0.320762
2.46727
-0.366861
-0.435949
-0.769217
-1.58981
0.927116
0.601123
1.8514
1.26186
1.18328
0.759106
-1.04479
1.40297
0.836433
-0.818014
-1.06006
0.99699
-0.643319
-0.599665
1.12949
-0.746049
1.37345
-0.592416
-1.20906
2.47377
-0.138725
-1.37981
-0.343228
-0.0545243
0.0249008
-0.1127
-0.530704
0.00823537
0.106072
-0.456577
-0.45892
0.0818659
0.0495933
-0.30142
-0.687866
1.0224
-0.493538
0.147933
0.0342233
0.971201
0.324458
2.36058
-0.106415
-1.03666
-0.982936
-0.329735
-0.296447
-1.97269
-0.993985
0.127973
-1.75003
-0.190094
0.359064
-0.823828
