0.263814
-1.53845
0.721889
-0.550754
-0.85826
1.26196
1.74483
0.724033
0.00406625
0.302595
-0.12862
-0.214405
0.59262
-0.474314
-0.425202
-0.828967
-0.579062
-0.0146822
1.49461
0.279803
-1.43737
0.296628
-1.34488
-1.25897
-1.0216
-0.232626
1.133
-0.864095
0.901437
-0.843117
-0.73958
-0.626205
0.329233
-1.06879
-0.128328
1.22537
0.223769
0.77129
1.1342
-1.08605
1.73518
-2.66444
1.83121
0.845104
-0.283632
0.531414
0.374259
1.79084
-0.90669
1.96435
-1.86812
-0.294922
0.545196
0.438027
0.919538
-0.266976
0.447091
-0.060048
-0.47813
0.988407
-0.829504
-1.91582
-0.41705
0.589696
-0.670424
1.29005
1.04725
-0.285003
-0.904929
-1.26873
-0.157403
-0.708574
1.03456
1.63516
1.38835
0.157188
0.648392
-1.65412
0.790611
0.0725078
-1.58256
0.805157
-0.462428
0.875056
1.65089
0.789475
0.15588
0.0742647
1.48771
0.788338
0.752542
0.0608536
-1.62523
-0.86205
0.126359
-0.273815
-0.748982
0.982877
0.984406
0.104894
