0.458126
1.00757
0.145595
-0.0532014
0.150583
1.49673
1.3924
0.00767696
-0.448002
0.676689
-0.763842
-0.610072
-0.708995
0.124875
-1.02313
2.33333
-0.796743
0.242092
-0.202502
0.999691
-1.10311
0.0180558
0.290754
-1.1065
0.308361
0.723583
-2.14879
0.171278
-0.244669
-1.18788
-0.197191
0.0267239
1.02511
0.708288
-0.156404
-0.176852
0.462345
0.733159
-2.82189
0.19864
0.30344
0.512859
0.150159
-1.0458
2.05939
0.720093
0.0423493
0.101825
0.192898
0.0498053
-2.56038
-2.21341
0.427948
-1.54806
1.42221
2.15646
0.460989
0.00243575
-0.496208
1.84666
-0.168063
1.22488
-1.43838
1.44254
1.05128
-0.56715
2.32083
-0.0729155
-0.749022
-1.25907
0.182238
-0.535992
-0.475104
-2.03493
-0.0338875
0.79875
-0.636556
0.129016
2.51129
1.33563
1.20785
0.916614
-1.56671
-0.794367
1.94513
0.397477
-0.123706
-0.899855
-0.943155
0.898752
-0.0850687
-0.0821338
-0.120332
-0.0796789
-0.676563
1.77407
-1.31774
0.921431
-0.752334
0.051729
