1.99493
-0.00810994
0.245101
0.705851
-1.02322
0.49533
-0.868713
-1.56364
-0.354432
0.765939
-1.02816
-0.852526
-0.771572
-1.09525
0.21074
1.73282
0.439104
0.239271
-1.09208
-1.44593
-3.37765
0.72155
-0.245476
1.38
-0.103829
-0.103191
0.401606
-0.91054
-1.18961
0.885621
0.619827
1.28348
1.64751
0.872015
0.135298
0.379837
0.338247
-0.841137
-0.124458
1.17336
0.918238
-1.48586
1.77088
-0.902076
-0.673835
1.06179
1.26794
0.530287
1.26638
-1.40948
0.108056
-0.476258
-1.67773
0.351309
-0.310667
1.42244
-0.477528
1.69369
0.739036
-1.0355
0.573581
-1.15314
0.197939
-0.400024
-0.208136
0.736615
1.29617
0.646016
0.107486
1.29084
0.0719542
-0.29745
0.144812
-1.47467
0.0335295
-0.455799
-1.22415
0.583982
-0.591931
-0.880754
1.88784
-0.430037
-0.586093
-1.71415
0.0827365
0.37641
0.0328092
-2.03044
0.115376
-0.687698
0.663903
-0.11358
-1.03531
-0.497802
3.07677
1.44397
-0.46993
0.244462
-0.110007
0.592976
