0.63278
-1.93106
1.20142
-0.170146
0.838066
1.90371
-0.0934596
-1.74532
-0.463217
0.309978
-0.290397
-0.463712
0.273756
-0.348009
-1.1574
1.55771
-0.233789
-2.29816
2.11198
0.709409
0.194072
-0.471302
-0.791277
-1.15735
-0.307827
-0.250773
-0.563416
0.0443659
-0.642371
-0.027761
0.717208
0.761587
-0.274941
-1.02933
-0.676109
0.273896
-0.0484062
-2.05113
-0.0517864
-0.177008
-0.351613
1.55395
1.38278
-0.520154
-1.19607
-0.531827
-0.413203
0.31787
-0.310662
1.25285
0.254676
-0.711222
3.04609
0.951489
1.35592
0.254278
-0.948692
0.735696
0.0603333
0.0771177
-1.28303
-0.698709
-0.221921
-0.742547
0.269274
0.831856
1.67622
-0.472017
-0.605425
-0.34418
-0.561654
-0.745188
-0.0160901
0.628353
0.455522
1.06023
-0.172035
0.924624
0.806646
-0.869281
0.633476
0.897813
1.28865
0.579105
1.11503
2.01885
0.343677
-1.19827
-0.415079
0.492138
0.312473
-0.184146
-0.161054
-2.19815
-0.0808522
0.320647
-1.15278
1.20032
0.992322
1.35407
