2.0336
0.421714
-0.951313
0.184321
-0.167993
0.326306
0.375317
-0.746334
0.30014
0.302178
1.15634
-0.0371438
-0.0376793
0.966198
-0.215888
-2.61594
-0.248654
-0.254551
2.06106
1.17355
0.672341
-0.94939
-0.0837425
0.567376
-0.168314
1.06116
-0.932885
-0.132318
1.86484
-1.49895
-0.279113
0.242823
-1.76473
1.01656
-0.10108
2.32724
0.925524
0.393399
-0.580541
0.00478415
0.347701
-0.380793
0.423178
-0.95977
1.74327
-0.534467
1.74044
-0.126619
-0.64896
0.152217
1.30527
1.11794
0.250035
0.380746
0.141152
-1.33694
-0.321921
2.47807
0.831009
-1.11069
-0.114499
-0.294355
-0.737538
1.88594
-0.550675
-0.0165231
-0.857768
-0.179133
-0.565504
-1.21371
-0.483282
0.777511
0.836695
2.17172
-0.671864
-0.119151
0.710016
-0.975743
0.270496
-0.432597
-2.10821
1.48794
1.31402
0.122829
-0.146781
-0.644511
1.12114
-0.236782
1.12592
-1.51686
0.800697
0.39715
-1.91536
1.03437
-0.0707074
1.21276
-0.0166447
0.21134
0.174036
0.0450812
