-1.78817
-0.328206
-1.89881
-0.151123
1.69593
0.390142
-0.606085
-0.639067
0.316254
-1.8056
2.14472
2.27709
-0.107599
0.771294
-0.727453
0.508965
0.339022
0.91332
0.0638609
0.600293
-0.49583
0.0671494
1.99245
0.157261
0.684178
-0.247534
0.117225
-0.0940641
1.20899
-1.21671
1.01374
-0.446393
0.439007
-0.517621
0.387931
-0.579067
-0.94794
-0.560118
-1.45655
-1.02066
-0.99956
-0.34046
0.275808
1.43137
1.43148
0.138182
0.313731
-1.52675
0.855499
-0.477916
-1.03815
0.287412
0.44411
0.574116
1.40976
0.45272
-1.45886
1.38684
0.456063
-1.24947
1.43282
-0.140861
-0.448937
-1.01434
-0.694281
0.0685534
-0.44831
0.258037
-0.337791
0.147901
-1.12855
-1.19481
-1.19021
-0.180561
0.202016
-0.517779
0.0266756
0.403187
1.01271
-0.362145
-0.0998915
-0.158936
1.59698
0.00295592
-1.80126
-0.276425
-0.814062
0.74878
-0.215175
-2.17871
-0.386277
2.03427
1.42198
-1.51284
1.69331
-0.00507029
0.860798
1.49066
1.13882
0.935725
