0.183989
0.643494
-0.735599
-0.991347
1.54258
1.89327
0.606709
-0.96399
-0.57057
-1.99566
-0.402989
-0.505805
0.550503
1.064
2.12455
-2.0316
0.632116
1.55136
0.514393
-1.1053
-0.556137
0.561909
0.726886
0.372607
1.29474
-1.46504
-1.67151
-1.11681
0.505111
-0.0743749
-1.16297
-0.408343
1.95112
0.328283
1.24842
-0.207247
-0.0107196
-1.57375
0.239036
-1.31851
0.299358
1.26759
0.578541
0.398994
1.80629
1.08279
-0.464342
1.22954
-1.09728
-1.31662
0.525446
-0.193695
-0.134201
0.461742
0.287681
-0.344383
1.48942
-0.598606
0.385511
1.32641
-1.11906
0.00538249
-0.690203
0.609736
1.26538
-0.211801
0.639781
2.15888
2.19936
-0.260017
-0.667882
-0.496435
-1.02886
0.381563
1.45893
1.11728
-1.00857
-0.6541
0.239118
1.36726
0.65124
0.747233
1.52728
-0.336567
0.528154
-0.928609
0.0741323
2.90362
0.160684
-0.122861
0.535874
2.26882
0.942161
-0.724441
0.140021
-1.12241
-1.4812
0.307888
0.248294
-0.263766
