-0.128474
-0.290868
-1.16386
-1.46036
0.756108
-1.99976
1.69861
-1.16359
0.0389263
0.654241
0.260026
1.59863
-0.231537
0.304524
0.492353
2.05104
1.0639
-0.336544
-0.277592
1.783
-1.34401
0.606193
0.127695
0.465532
-0.967095
-1.44174
-0.134298
0.180729
-0.385357
-1.37139
-0.276258
1.13649
0.827435
2.01343
-0.854392
-0.0780273
-0.426126
-0.486416
-1.47606
0.296117
2.36091
-0.905784
0.876101
-0.33216
-0.604368
0.202063
1.0266
-0.893018
1.78699
-1.23033
1.99231
0.79316
0.319974
1.03019
0.976072
0.363517
-0.113342
2.27694
0.807729
0.628498
0.667935
0.406318
1.69202
-0.426062
0.275155
-1.19849
-0.224942
-0.939727
1.0034
1.16347
-0.821751
-1.13397
-3.04294
-1.80373
-0.0522044
0.434466
-0.260764
0.153781
-0.168395
1.65932
-2.23264
0.495065
-2.68155
1.65631
-0.0203552
-0.228257
-1.63613
0.237079
-0.325367
-0.791554
-0.21674
1.21823
-0.177398
-1.79741
-1.44493
2.1723
0.0750904
-0.101793
-0.476469
-0.143318
