0.45023
-0.685255
0.17618
-0.521262
-0.431493
-0.675054
-1.69269
-0.236993
-1.51619
-1.04965
-1.64188
0.945268
-0.401723
1.63287
-0.264969
-0.341406
-0.389041
-0.995675
-1.05463
0.221158
-0.222512
-0.960156
-1.26184
0.879536
-0.23652
0.435765
0.505998
0.498998
-0.526166
0.66565
-1.1271
1.82856
-1.05449
0.627084
-0.653661
1.11801
-0.231455
1.86857
-2.71457
0.567626
0.147728
-1.1213
-0.841175
-0.226275
-1.04876
-0.630676
1.72609
1.2816
-1.49288
0.444265
1.68137
-0.184176
-0.925859
0.0741222
-1.14392
1.96012
-1.2288
-0.426149
0.381656
-0.615658
2.20607
0.950634
-0.0898393
0.490662
-1.78741
-0.344955
-0.0741217
-0.258072
-0.518546
-1.8202
1.72592
0.605906
-0.803149
-0.392061
-1.05768
1.58665
-1.25644
0.0202736
2.05502
0.263399
-0.346805
-1.332
0.281685
0.285423
-0.436807
-2.02583
-0.751348
-0.52183
-0.808479
-1.88543
-0.0363233
-0.00789877
1.8214
-0.791188
0.162285
0.0733251
-0.0657449
0.15946
-0.0473575
-1.22076
