-0.298619
1.02105
-1.90039
-1.37934
0.808022
-0.183897
-1.91088
0.86714
-0.95385
0.342538
-0.83941
-0.061581
0.881334
-1.8779
-0.0437417
-0.739682
0.196323
1.22421
-1.29901
-0.966579
0.186518
-0.63997
-0.241637
-1.01298
0.933475
-0.466721
-0.411149
-0.162079
-1.69168
0.301585
0.588477
-0.785175
-0.878199
1.12992
-1.02999
1.16106
1.64222
-0.526138
0.0615891
-0.698927
1.01996
-1.41214
-0.80277
0.221805
0.283993
-0.419411
1.59817
-0.290861
-0.359551
1.00917
0.203443
0.753878
-0.918184
-1.18077
0.489032
-0.239516
-0.974694
-0.435645
0.73954
0.152299
-0.0239224
-0.217836
0.163924
0.907518
0.169184
0.17121
-0.553233
1.91413
-0.59188
-0.65686
0.538726
0.761102
-1.17976
-1.83844
0.592553
-0.212861
-1.97881
0.513654
-2.68741
0.0498394
0.778249
-2.37519
0.034065
0.685118
0.505513
-0.300692
0.0684308
0.693334
2.27203
-0.548648
