0.385626
-2.24497
-0.845413
0.300347
0.4334
1.44204
0.995181
1.947
-1.38469
-0.344362
1.4025
1.77842
0.737375
-0.35452
-0.324166
1.74345
0.881706
-0.700772
0.107611
0.705883
0.891775
0.575807
-0.555919
-0.0221667
0.845776
0.434798
-1.35064
-2.46933
0.364323
1.13104
1.57249
-0.666893
-0.196083
0.501188
-0.106825
-1.62053
1.94729
-1.1339
0.798535
2.02298
-0.199762
1.83486
0.0879864
2.30705
0.736807
-0.19232
1.34924
1.19481
-0.690274
0.924695
0.782665
-0.886897
0.429121
-0.456215
2.93862
0.106821
-2.76335
0.988584
2.50532
0.644769
0.633818
-1.06029
1.32842
-1.01136
0.403554
-0.0390393
-0.342186
0.551551
-0.0233018
-0.449533
-0.108413
1.10707
1.44532
1.73173
1.09369
-1.6357
-0.861885
-0.999455
1.03669
1.49632
0.846657
-0.507043
-0.579128
0.620923
-0.174194
-1.8419
-0.0465521
1.90058
-1.56061
1.09274
-0.607935
-0.767717
-0.492761
0.489378
1.96947
-0.367891
1.4941
-0.883898
-1.45232
0.349214
