-0.460373
0.870071
-3.41278
0.624181
-0.640178
-0.202197
-1.05627
-0.0204745
0.322261
0.504561
0.620488
0.708868
0.802339
0.983435
0.348178
-0.0732071
0.575096
1.38321
0.0931847
0.354282
-1.02842
0.326153
-0.983767
0.310289
-0.349821
-0.707718
1.19893
-0.191965
-0.956141
-1.96888
0.529543
-0.17835
0.448348
-1.20855
0.259475
-0.3323
0.641364
-0.200723
-0.0680073
-1.47996
1.04787
-1.18825
-0.992538
0.471301
0.26056
0.088609
1.51572
1.12363
-0.938531
0.441449
-0.31377
-0.64291
-0.508789
2.1939
0.374209
-0.444329
2.35502
0.0841401
0.504976
1.79815
0.536506
-0.432691
0.853507
-1.54891
0.450059
1.70502
0.282607
0.631279
0.865166
-0.017313
0.554996
-0.0753272
0.344395
-0.584077
1.18629
0.37713
0.510315
0.117566
-0.155501
0.138777
-0.272593
-0.219686
-0.675477
0.489957
-0.685302
0.600704
-1.03416
-1.57493
-0.467939
0.347793
0.651238
2.38927
-0.184994
-0.181399
0.0107258
-1.38281
1.46474
1.78984
-0.747807
-0.867795
