-2.2063
0.525586
0.972394
1.38687
-1.75189
-0.787533
1.12203
-1.29726
-0.324479
0.588036
-0.183192
-0.525204
0.312439
0.355908
0.579683
-1.86717
0.886695
0.234082
-1.08151
-0.510692
-0.35994
-1.17321
1.14972
1.20815
-1.43124
-1.00777
-1.22294
-0.301646
1.08722
-0.39893
1.11149
-0.0372763
2.47144
-2.74266
-0.0700117
-0.866514
0.177684
0.857124
1.28282
-0.624764
-0.913301
0.520154
0.263487
1.20005
-0.132816
-0.767246
0.0142059
-0.515887
-1.35671
-1.61473
0.335715
-0.560866
-0.298037
-0.595908
0.129589
-0.303409
0.67935
-0.579198
-0.0162381
0.552745
-1.02888
-0.464937
-0.160255
0.755429
-0.0667655
0.502804
0.172498
0.170032
0.452005
-0.672366
0.446982
-0.410925
-0.397605
0.396429
0.42286
-0.0828218
0.606731
0.242273
-0.250486
0.549337
0.490213
-0.797503
0.956885
0.307628
-1.29042
0.504246
-0.479673
-2.04456
0.364157
-0.551398
-0.483809
0.168396
-0.59922
-0.0922081
0.10786
0.0475948
0.446174
-1.29585
0.0885642
-0.0333355
