-0.0781605
-0.997377
0.522747
1.62283
0.460667
1.66571
-1.1793
-0.812804
0.298684
-0.928132
-0.112014
-0.188726
0.324989
0.338212
-0.560855
-0.0678339
-0.0930251
-1.94395
-1.05492
0.136659
0.239289
-0.949655
0.605894
-0.131731
-1.45957
-0.125424
-1.2999
0.307302
0.0604475
1.4595
-0.610951
0.708978
0.987429
-0.340236
-0.680775
1.60024
0.435147
-0.465167
-0.369185
-0.80767
0.349085
1.65303
-1.14448
1.25762
1.35086
0.268169
-0.196203
-0.661401
0.0322865
-0.533611
-1.57198
-0.0650201
-0.999492
0.707217
-0.191983
-1.91513
-0.254557
0.97563
-0.589696
0.0814103
0.122294
-0.449565
-1.3849
-2.04927
-0.0729989
0.429741
-0.514979
1.43026
0.343151
-0.424376
-0.230773
1.66262
-0.354199
-0.751604
2.1423
1.10615
0.330392
0.906368
-0.738626
0.0553419
0.347151
0.359098
0.507038
0.402333
-0.318496
0.154504
0.79024
0.536233
0.156807
0.905742
-1.13073
0.0748769
1.38907
0.622726
1.32595
