-0.419831
-0.332229
-0.17734
2.25639
0.567479
0.968526
2.71753
-2.19341
0.111807
1.35217
-0.124022
1.72878
0.763321
0.308496
-0.472803
1.00223
0.459525
-0.481471
1.60551
0.262766
0.414249
-0.0852368
1.09223
0.0442227
-1.50078
1.17122
0.162175
-1.56599
2.74047
1.03162
0.786932
0.640568
-1.48313
-1.04946
1.77995
1.38719
-0.620039
0.407394
0.65465
-1.47721
1.25647
-0.844753
1.98202
1.26225
0.137098
-0.519946
0.0891042
-0.392653
-2.81071
0.973277
-1.84561
0.40357
1.99088
0.286543
-0.583814
2.93962
-0.61219
-0.470414
-0.167599
0.752678
-1.5305
-0.219785
-0.395859
-0.367886
1.7902
0.0633636
0.0455289
-0.784126
-1.60699
1.31593
0.12898
0.221949
-1.20622
0.480455
0.0311691
-0.771536
-1.54776
-1.55619
0.269276
-0.632219
2.58711
-1.58025
0.144165
0.0755907
0.550792
-0.938202
0.948437
-0.641704
-0.0548282
-0.982736
0.634581
-0.800608
-0.694619
0.905378
-0.961739
1.49884
-0.0400509
1.67242
-1.05408
-0.402102
