0.0153517
-1.39331
0.933875
0.315044
-2.00842
0.716082
-0.554988
-0.372856
-0.702584
0.194582
-2.56519
-0.28191
0.925102
-0.345176
-1.71157
-0.658951
-1.23477
-0.112048
1.75843
1.08857
-0.232523
-0.341402
-0.518652
0.289137
-0.931738
-1.1939
0.100039
-1.72193
0.430578
-0.888058
0.442556
0.536234
-0.761903
-0.0568401
1.02102
-1.1478
1.12409
0.322263
1.12567
-0.333407
1.76494
-2.45698
-0.42712
0.373487
1.06757
1.03543
0.0586946
-0.978599
-1.28042
0.762838
0.647711
0.0373404
0.259438
1.26146
0.209983
0.16389
2.00441
0.395087
-1.2778
1.13469
0.29501
0.549777
0.574703
-0.528459
0.0307036
1.01001
0.571662
-1.45817
0.296675
-1.20268
1.29389
0.194843
0.970712
-0.976072
-2.24683
1.39016
0.173827
-0.0551912
0.519633
1.05493
-0.215946
0.496166
0.30509
0.222819
-0.967204
0.489308
-0.474259
-0.0338291
0.614961
0.296233
0.550212
-0.644546
1.16906
0.283151
0.332655
-0.402232
-0.28739
1.07002
-0.663014
-1.06334
