0.178113
0.188174
-0.957326
0.419087
-1.27349
-0.0671299
-0.543098
-0.837323
0.641598
0.156461
1.80675
-1.08968
0.400141
0.282713
-0.122285
1.68406
-0.0761578
0.154858
-0.25117
-0.243517
-1.94988
-0.187607
-1.08168
-0.415511
0.660656
2.62674
-1.32862
1.06936
-1.03613
0.547395
0.116751
-0.73142
-0.458241
0.0553644
0.874863
0.0883042
-0.244151
-0.362034
0.405271
-0.0784046
-0.190815
-0.297726
-2.02658
1.84636
-2.17782
2.37282
1.56619
0.910851
-1.08587
-0.692809
2.07089
1.09965
1.59019
-2.19178
-0.122182
0.889413
0.220838
0.671709
1.21562
-0.435803
0.0561278
1.24052
0.230368
-0.643045
-0.560599
-0.737396
-0.968054
0.686609
-1.18623
-1.26178
0.197436
0.314925
1.19155
-0.718955
0.981684
0.230836
-0.178154
0.0568766
-1.3797
-1.60993
1.07091
-0.107924
-0.0226589
-0.231126
-0.0155748
0.14594
-1.65348
0.718678
0.0962505
-0.244365
0.340448
-0.267391
-0.0931195
-0.567299
1.40542
-0.240321
-0.471516
-0.51317
0.511373
2.19686
