-0.117041
0.508909
0.954111
-1.1548
-0.703769
0.78557
1.26242
-1.58948
2.67022
-0.274247
1.40793
-0.914119
0.666937
0.588243
-0.102844
-0.181181
-0.413084
-0.131621
1.42199
0.296932
0.735516
0.079911
-1.93408
1.74248
-1.79533
-1.28765
0.409916
-0.689366
0.521857
-0.0449838
-1.94578
1.33382
-1.04814
-1.03928
-0.785757
-0.124115
1.46194
-0.0230372
1.56767
-1.59019
0.24092
1.42435
0.144932
-0.475367
0.0281514
0.0940424
-0.688293
0.220707
-1.29259
0.830861
0.00514498
-0.289467
-1.19995
-1.30215
-0.871219
1.6409
-0.143816
-1.17709
0.0469282
0.339409
-1.12447
-1.66329
-0.240642
-1.45678
-0.446856
1.6149
0.134075
0.987376
0.345366
-0.960975
-1.09421
1.69773
-2.81854
-2.07635
0.892163
0.610978
-0.229713
0.441534
-0.132571
-1.22843
-0.219675
0.62786
-1.47751
-0.892448
-1.75157
0.268684
-1.25819
1.16858
0.64385
-0.403723
0.527753
-0.404772
-0.274916
2.3851
-1.7811
0.678619
1.49943
0.331421
0.00070616
-1.23493
