0.654544
0.137293
-1.94994
-0.704903
0.129615
-0.606223
0.507943
-0.900337
0.970929
-0.166324
0.625416
-0.235418
-0.664576
0.353028
2.5617
2.10296
0.623504
0.251375
-0.679982
-0.83163
0.984978
-0.336882
0.084443
1.3413
1.27077
1.33129
0.332925
-1.93843
-0.631634
0.480375
-1.18918
-1.20565
-1.60529
1.02455
0.403256
-0.0623963
-1.02085
-1.41334
-1.89065
-1.8314
-0.563786
-0.3236
-1.13571
1.79776
-0.157173
0.0514466
-0.56609
-2.16517
0.213028
1.6848
0.42544
-0.141304
-0.202404
1.08223
-0.755067
1.25893
0.562887
-0.128086
2.00748
-1.15613
2.80799
0.976256
-2.14681
0.815077
1.63152
0.0262475
-1.23646
-0.798634
0.35668
0.176831
-0.0486837
-0.546199
1.03426
0.501623
-0.553814
1.33212
-1.25553
1.20027
1.72405
-0.522014
-1.53102
0.934189
2.12553
1.89338
1.44808
-0.159871
0.256061
1.14602
0.989039
0.835712
-0.520001
-0.065706
-0.903428
-0.142279
-0.0502404
-0.863013
0.775937
0.726626
-0.1035
1.7465
