-1.04045
0.167115
1.29703
-1.0885
1.87947
-0.634605
0.250802
-1.25536
0.779948
-0.906964
-1.47864
0.79711
0.0372625
1.64085
-1.04528
-0.0714785
-0.518637
0.505718
0.344612
-0.00042881
1.54672
-0.0479371
0.430617
-0.219486
-0.643416
-0.0330391
1.32789
-1.74162
0.187582
-0.280279
-0.775229
0.864916
-0.325001
-1.43922
1.32034
-0.745754
0.582866
1.07049
2.97973
-0.585736
-0.928649
-0.0216446
-1.45236
-0.099543
-1.25869
-0.184773
-0.767192
-0.901882
-0.656791
-0.711668
-0.416527
-0.34068
0.9686
0.528838
1.16546
0.0183164
0.568137
-0.164664
0.409129
0.152172
0.0150058
-2.00121
-0.263975
0.659663
-0.458015
0.37549
0.135999
0.723152
1.29925
-0.92548
1.34575
0.337303
-1.55864
1.04383
0.0546901
-0.568957
-1.27641
0.828976
1.386
-0.0910746
-1.24595
1.52049
0.893647
-0.535021
0.139972
0.472562
-1.90917
0.476781
0.126215
0.511867
-0.709342
-0.876128
-0.857359
1.18419
0.797835
-1.32911
-1.07713
0.112204
-0.221
-0.00826572
