-0.519589
1.23528
-0.697185
0.951683
1.09222
0.249517
-0.580713
0.551439
0.162356
-2.13382
-0.325933
-0.0211473
0.616405
-1.01148
0.818132
-0.395973
-0.132732
0.755077
1.5269
0.535498
0.729011
-1.0323
-0.973524
-1.2779
0.418803
1.13438
-0.0929718
-0.599214
0.748183
-1.59068
1.27537
-0.109495
-1.049
-1.9469
0.529852
0.381348
-0.357349
-0.496742
-0.783428
-1.80807
-0.413108
-2.50595
0.445844
-0.552879
1.09817
-0.638046
-2.79529
1.70341
0.562026
-1.13133
0.273486
0.762759
-0.0430266
0.343783
-0.314048
-0.906212
-1.6969
0.471794
0.604712
-0.241247
0.224352
-0.704821
-1.13992
-0.879833
0.763442
-1.24806
-0.59361
-0.316964
1.53423
-0.588629
-0.00199399
-2.33576
-0.926001
0.313792
1.17055
0.117547
0.638073
-0.587808
-0.412137
-0.368265
1.14024
-1.45687
0.444773
-0.158564
-0.876666
-1.9756
0.936165
-0.547571
0.752006
-2.07408
1.10223
1.80604
0.25334
-1.12399
0.776402
0.399056
0.30136
1.85115
0.160677
0.391695
