-0.262095
0.770263
0.709749
0.720362
-1.07501
1.17575
-0.356901
-0.690129
-0.493476
-0.978401
-0.197032
-0.664129
0.593373
-0.751765
-1.40016
-0.195789
-0.524483
0.823809
0.149696
-0.436691
0.595513
0.383848
-2.16374
0.912335
1.41974
-0.0347766
-1.27504
1.35153
0.390734
-1.3447
-0.345132
1.5635
-0.164606
1.67084
0.107003
1.72367
-0.837038
2.16455
-0.993893
1.38525
-0.703622
-0.775454
0.824716
0.344767
-1.07887
1.94479
-0.636637
-0.0896547
2.15014
1.42356
-3.13471
-0.296329
-0.43115
-1.00575
1.61064
0.672979
-0.171505
-1.08413
0.830778
-1.12199
-2.01281
1.08364
1.14519
0.0746147
0.782146
1.59794
-0.217134
-0.885039
-0.643468
-2.6323
0.0854023
-1.01497
-0.527221
0.520279
-1.45549
-0.657279
0.182525
-0.59437
-0.0725189
-0.862474
0.542016
0.611759
-1.06345
0.344073
1.54863
-1.89428
-0.34481
2.19076
-1.26784
-0.127016
1.41902
-0.271256
-1.94044
-0.483147
0.965708
-0.663092
0.0176466
-0.307311
-0.472943
-1.14188
