0.844453
-0.130503
-0.229939
1.22358
0.128411
0.0731833
-0.568723
0.194841
-0.00294101
0.420643
0.67918
-0.596638
0.762602
-1.90116
-0.813202
-0.576697
0.428883
0.621149
0.999383
-0.805999
0.0762773
1.72048
-0.158917
1.04562
0.650052
-0.381932
0.577044
0.139954
-0.317969
1.51706
1.18012
0.667754
1.708
0.656513
-0.548813
-0.219058
0.442671
-0.891438
-0.18921
-0.645447
0.0943725
0.948413
-0.357684
1.22151
-1.05399
-1.82225
-0.817692
0.325088
-0.0501906
1.3246
0.207136
1.47781
-1.37534
0.307503
0.0654705
0.0293424
0.267308
0.904429
1.09823
0.485572
0.152025
-0.1777
0.967252
-2.2953
0.985083
-0.424491
0.336458
0.524428
0.0352686
0.425582
0.298386
-0.738519
-0.331427
1.73343
-1.52171
0.102655
-0.0372472
0.211879
1.34481
1.21222
-0.90943
0.654945
0.795639
-0.467326
1.22417
0.79095
-1.50052
0.626585
0.249046
1.05447
0.625794
1.01774
-0.327105
-0.339377
0.706432
1.50513
-0.23309
0.780094
-0.735755
0.508988
