-0.36723
-0.216086
0.434031
-0.445023
0.692465
-0.41821
0.529223
0.533915
0.887615
0.659219
0.877755
-0.859553
0.829786
1.13369
0.477027
1.93779
1.95109
-0.258111
-0.372801
1.31389
-1.57451
-0.117056
0.264376
-1.93007
-0.767458
0.215158
-1.17983
1.64838
0.351715
-1.44232
-0.0500251
-0.171428
-0.863177
-1.64439
-1.72568
0.271475
-0.382602
-0.117423
0.38214
1.27337
1.56022
1.17664
0.914674
-0.282991
-0.798184
-0.980838
-0.54921
1.91657
0.652889
-0.316896
1.59635
1.21735
-0.437557
-0.0404145
1.45097
-0.377439
0.489907
1.4769
0.335817
-2.2701
0.17988
-0.158983
-1.54988
1.52872
0.0899832
0.70292
-2.36314
-0.478729
2.09142
-0.415665
-0.803583
-1.4486
2.02661
-0.676938
0.725578
0.475844
0.579729
-0.209932
-0.983479
1.17491
-0.599197
1.09151
2.49392
-0.76531
0.231788
-1.3741
-1.15047
0.86178
1.03952
0.0574203
-1.37449
0.343965
0.108804
0.840025
0.103384
0.9371
0.80025
0.878314
2.06862
-0.357546
