0.211873
0.061808
-0.444338
0.302216
1.20811
-0.124369
-1.23852
-0.578436
0.480253
-2.97129
0.563355
-0.423295
-0.142849
1.52648
1.01447
-0.822873
-0.182987
0.922965
0.230929
-0.420227
-1.64283
0.76842
0.916449
0.682572
-0.0703103
-0.639855
1.55836
0.550666
0.803093
-0.280099
-0.623021
-0.880222
-0.460492
-2.35855
-0.302547
1.31111
0.109477
-0.628932
1.18458
-2.4477
0.999988
-0.213213
0.387493
-0.700002
-0.220522
-0.280309
-0.252016
-2.57943
-0.694403
-0.823933
-1.87079
-0.955749
-1.63019
0.283431
-0.17236
-0.273331
0.192195
1.19431
-0.959073
0.628741
-0.0548513
-0.426396
1.23924
-0.110297
-0.0381429
-0.00394182
-0.0812474
0.0194372
-1.80535
-0.986198
0.986553
0.730174
1.0461
-1.51745
0.820922
0.637588
-0.512106
1.29231
0.274113
0.213543
0.659713
0.239562
0.450438
-1.52671
0.162027
-0.375049
0.9721
1.6985
-2.40203
-1.66035
