0.719882
0.748902
-1.93209
0.678777
1.04736
-1.09975
0.0597988
0.110518
1.44324
-0.75599
-0.228264
-0.358781
-1.65164
1.0176
0.909873
-1.69923
-0.233462
-0.973318
-0.240071
0.285392
1.06415
-1.08715
0.489986
-1.2305
0.506867
-0.667877
0.762773
1.26768
-0.161195
-0.845639
0.707479
-0.925174
0.311441
2.68448
0.180395
-1.67646
0.860796
-0.58874
0.392819
-0.592009
-0.113515
-1.2968
0.0567555
-0.27845
0.412086
0.630008
-0.18978
2.7211
-0.508861
0.285094
0.438795
0.203119
-0.84993
-1.88748
1.16094
-2.67167
-1.92228
1.04903
0.268919
0.0120963
-0.610823
1.66902
-0.395864
0.630832
-2.23325
3.47071
-0.793662
0.138076
0.287087
0.171018
-0.53163
-2.44592
0.173073
-0.692606
-0.17449
-0.903054
-0.598823
1.55195
-0.965751
-1.72737
-0.0673369
1.57643
-0.820074
0.619293
1.68048
-0.876256
-0.736718
-0.00599095
-1.7087
1.40041
-0.396563
1.05227
0.494966
-0.0613527
0.848792
0.846688
1.83821
-0.609219
0.0395978
-0.36438
