-2.03015
-1.55243
-0.937925
-0.431226
2.08124
-1.59734
-1.38475
-1.02392
0.074746
0.0335552
-0.0428283
0.224039
-0.826885
-1.4233
1.02937
-0.682998
-0.563586
-0.490096
0.136609
0.385293
0.387164
0.0190748
-1.27837
1.19917
-0.328859
0.042133
-2.46725
1.61226
-0.126126
1.93208
-0.484086
0.89685
0.605579
1.61288
-1.88012
-0.644719
-0.127688
0.911384
0.533181
-0.0840751
0.50484
-0.0836604
0.592955
0.00184462
0.180499
-0.535109
-1.45128
-0.306227
-0.605754
0.445531
-0.467735
0.745078
-0.650967
-0.244184
0.328713
-0.328091
-0.290459
-1.08262
-0.941792
-0.774952
0.924906
-0.694429
-0.779199
-0.469686
-0.410163
-0.308196
-1.79532
1.04814
-1.51367
0.84183
2.26382
-0.206047
0.402202
1.84872
-0.046108
2.20009
0.318465
-1.45992
-0.388445
-1.59397
-2.08259
0.650618
0.156698
-0.373687
1.3196
1.73084
-0.184703
-1.22251
-1.10895
0.185261
-0.813861
-0.598646
1.25573
-0.367272
-0.373842
-0.903687
-0.632633
0.415526
-0.058646
-1.74456
