0.555739
0.978701
0.429998
-0.378736
1.06825
-0.278621
0.0176444
-1.13255
0.440324
-0.900246
-0.618201
-1.07814
0.405488
0.692246
0.649977
1.16646
1.60392
-0.389201
0.182437
-0.892015
1.60091
-0.300254
1.58829
1.11431
-1.78644
1.13278
-1.51702
-1.0737
0.0433721
-2.00862
-0.15629
-1.82244
-0.506593
-0.599483
-1.30063
0.47105
1.58774
-1.63182
0.447275
0.0257632
0.936856
-1.03214
0.405778
0.989478
1.00701
-1.77779
0.400979
0.321591
-0.67835
-0.791945
-0.325141
-0.368366
0.438044
-1.01415
-1.17576
1.34634
-0.312277
-0.871848
-0.470506
-1.51087
1.04582
-0.774259
-0.493506
1.76307
-0.0811505
-1.4263
-1.06951
-1.90682
0.481813
-0.629419
0.101552
1.65592
3.00836
-0.715418
-0.779939
-0.152132
1.421
-1.63569
-0.326382
0.868676
0.717286
-0.130366
-0.900168
0.213489
1.10757
-1.71866
0.318793
-0.762814
0.869438
-0.525347
-0.526917
0.0334358
-1.42116
-0.183726
0.699313
-2.60127
0.718349
0.811319
-0.10104
-1.57993
