0.600752
1.81713
0.918725
0.0464292
-0.0109864
1.04481
-1.74491
0.00832286
-0.173459
-1.31563
-1.48423
-1.01693
-0.828778
-0.646231
0.2054
-1.27658
0.302891
-0.374144
-1.26888
-0.754902
1.14489
-0.562452
0.947191
-2.42658
-1.09795
1.77451
-0.299873
2.373
-1.35187
-0.508662
-0.28457
-0.700249
1.10638
0.389303
-0.179023
-0.815901
-0.423849
1.34896
0.23434
-0.64798
-1.97749
0.7582
0.294408
-0.916708
0.779544
0.802876
-1.18528
-0.0667275
0.843409
-0.213697
-0.413969
-0.245571
2.16486
-0.835468
0.687988
-0.103938
-1.30261
-0.546131
-1.49305
-0.285665
2.17945
0.528064
-1.19682
-0.558611
-0.643327
2.15579
-1.2064
-1.38331
0.294546
0.555239
0.737061
-1.08929
-0.171053
2.20783
-1.68926
-1.11813
-0.804126
2.00938
0.206213
-0.23486
0.173899
-0.208133
-1.2049
-0.810014
1.39112
-1.56226
0.0144033
-0.783309
0.810109
1.04344
0.662254
-0.428201
-1.06765
-0.0847675
-0.516633
1.13172
-0.857204
-1.57559
-1.54417
-1.36408
