0.709114
-0.471063
-0.347988
-0.201149
-0.229247
1.83362
1.4059
-1.38601
1.78287
0.519826
1.45459
0.213547
-1.79063
0.146178
0.0949268
1.51272
-1.44926
1.06901
-0.132944
0.904569
1.11392
-1.14567
0.0670883
0.443238
1.8012
-0.796027
-0.613331
-2.58743
-0.554235
0.770377
1.93801
1.41842
1.0785
-0.0379083
0.0221843
-1.16716
0.695692
-0.691809
0.308515
0.341051
-0.472165
-0.628479
-0.0197027
-0.76475
-1.84514
0.692906
1.3937
-0.0611586
-0.596701
0.126413
0.520108
-1.22143
-0.933285
0.972935
0.0929794
1.01834
-0.975411
0.630968
-0.29696
-0.428877
0.818569
0.819857
-0.265848
1.68226
-1.41387
-1.25725
0.248264
0.349542
-1.68279
-0.445274
-0.943063
1.45986
-0.929619
-0.930733
0.132583
-0.448531
0.68035
-0.81271
0.772156
2.05667
-0.141826
-0.802037
-0.0460805
-1.35535
-0.642258
-0.68403
0.374518
-1.91053
-0.73998
-0.52381
0.662114
0.583938
-0.959534
-2.23312
-0.397822
1.10789
0.0325083
-0.733678
-0.0816817
0.992953
