-0.707829
0.299445
1.34929
2.09722
0.0176523
1.89953
0.208204
0.147142
0.145609
1.11002
0.783788
0.66031
-0.243462
1.53107
0.0319076
-0.3669
1.18427
-1.07749
0.65479
1.15238
-1.9918
-0.0221013
-0.0805532
0.398916
-1.65122
-1.46484
-0.238113
-0.294889
-0.0161039
-0.953215
0.286147
-1.20507
0.214424
0.294759
-0.461978
0.571002
1.7309
-1.59742
-0.970849
-0.344881
-0.619926
0.225863
-1.33315
0.300937
-0.797864
-0.376682
0.998021
-0.0461827
0.377256
1.18047
-0.873399
1.66087
-0.325471
-0.585084
2.00941
-1.51716
0.854462
0.147589
-0.0867856
-1.03067
-2.14248
-1.2054
0.277024
-1.41385
-0.323462
0.168486
-2.43427
0.551986
0.229184
-0.766576
1.03063
-1.63817
-0.26357
0.684453
0.494368
-1.43498
1.75516
1.49561
0.348741
0.717432
-0.265481
-0.0032003
0.253848
0.298501
0.979453
-0.0478268
0.0785078
-0.445512
0.229176
0.716664
0.496329
0.121827
-0.0339715
-0.972942
-1.33738
1.61557
-0.442608
-0.389614
0.15937
0.288305
