0.518813
0.486021
-0.344732
0.412012
-0.428694
-0.60002
-0.341862
-1.11388
-1.51995
-1.20028
1.21355
-0.0124231
0.113198
0.846109
-2.03228
0.532283
-1.6555
0.374414
-0.546546
0.393144
0.435985
0.922955
3.57298
0.593899
-0.0493524
-1.17192
-0.562437
2.38829
-0.534843
-1.0592
-0.356932
-0.714928
0.206306
0.518724
-0.606579
1.50805
-2.42775
-1.06861
-2.30308
-1.61672
-1.21203
-0.519446
0.26835
0.204439
0.106182
-0.13941
0.115013
0.958906
-1.44021
-0.18858
-1.8159
-0.0826341
0.060108
1.99338
-0.755218
1.03839
-0.957209
-1.15757
-0.290164
0.588866
-1.36212
-0.415951
-0.742826
-1.33264
-0.32227
0.969813
-0.501458
0.641105
-0.1441
-1.52127
-0.0344216
-2.04658
-1.39258
-1.37881
-1.5083
0.120935
-0.601548
-0.796106
0.226427
-1.27669
0.837179
-0.740694
-0.158728
-0.41208
1.38239
-0.0363702
-0.651812
-1.40828
-1.8603
-0.18409
0.301861
0.0235322
0.986726
0.691351
1.169
-1.0984
-0.329982
0.518842
0.43343
0.671778
