-1.36303
1.87679
0.754066
-0.94517
0.174337
0.700734
-0.0584117
-0.27039
-0.776508
0.0555584
1.53769
-0.111553
0.180574
-1.80664
0.42283
0.0833611
-0.375474
0.0339233
0.607106
-0.203281
-0.850128
-0.621059
2.30311
0.186809
-1.20683
-2.02702
-0.352269
-0.0149025
0.166488
0.0790386
0.147792
1.34279
-0.132693
-1.89083
1.45551
1.35265
-0.690967
1.56545
0.0832252
1.48291
-0.416839
-1.61006
0.858985
-1.70573
0.615165
0.440967
0.1054
0.761083
-0.315763
0.0477938
-1.2216
-0.924533
0.854014
-0.667323
-0.10013
0.638749
-0.775224
1.00935
-0.616846
2.06747
0.99658
1.11396
1.5606
0.138422
0.629267
0.0631973
-0.281177
-1.50195
-0.00092473
1.65768
0.583421
0.286705
0.787583
-0.389957
-2.04435
-2.06186
-1.40798
0.235949
-2.00232
0.367268
-0.732316
0.709959
-0.307317
-0.0812062
-0.345987
1.639
-0.99025
-1.41821
-0.374412
0.560537
-0.0473708
-1.48473
0.370243
-1.85106
-1.27165
-0.0685214
-1.25906
-0.790152
0.0964144
0.974667
