0.570357
0.910314
-0.116654
-1.31375
1.39376
-0.864237
1.52079
-0.0835888
-0.953539
-1.00983
-0.795433
0.338348
0.336959
0.197184
0.274581
1.88462
-0.293722
0.893448
1.86173
-1.02721
1.89945
0.0582456
0.00411868
-1.00732
-2.62503
-0.203354
-0.226849
0.408657
-1.67444
-0.719937
0.513989
0.484853
-0.0755453
0.425597
0.894945
-0.449653
-0.0330786
0.195086
0.0797601
-0.748056
1.74585
0.0711938
0.689549
0.304492
0.00664631
-0.782414
1.56045
-0.0622717
-0.923674
0.808303
-0.0441874
-0.530464
0.0134092
-1.24968
-0.925855
0.103574
0.40189
0.561988
1.11609
0.564923
0.0530996
-0.135094
1.40438
-0.684668
-0.534051
-0.211148
1.12923
-0.968557
-0.0997084
1.62792
0.748151
1.92844
-0.00701498
0.692436
-0.570511
0.2178
0.642572
0.571166
1.38992
-0.449653
-0.0123739
1.16112
-0.977409
0.547782
-0.361401
-1.36979
-0.0211371
0.275243
-1.1759
-0.650333
